  Det20170717_230139_STGS     2.0000     280473    1901440    3297662    5020681   10500256
  Det20170717_230140_STGS     2.0000     419641    2101703    3574026    5231042   11326412
  Det20170717_230141_STGS     2.0000     558172    2571339    4051720    5673562   12854793
  Det20170717_230142_STGS     2.0000    1064423    3562259    4935170    6438731   16000583
  Det20170717_230143_STGS     2.0000    2424889    5345297    6536740    7637185   21944111
  Det20170717_230144_STGS     2.0000    5882876    8382267    8972447    9254029   32491618
  Det20170717_230145_STGS     2.0000   13669147   10140071   10142243    9748119   43699580
  Det20170717_230146_STGS     2.0000   21192159   11419046    9829821    9047351   51488376
  Det20170717_230147_STGS     2.0000   30608133   12202553   10260517    9217595   62288799
  Det20170717_230148_STGS     2.0000   14813649   11676453   11189486   10339375   48018963
  Det20170717_230149_STGS     2.0000   26121005   16437038   13545478   11520384   67623905
  Det20170717_230150_STGS     2.0000   54513208   22891459   16505535   12368822  106279024
  Det20170717_230151_STGS     2.0000   24966654   21370388   16860942   12133700   75331684
  Det20170717_230152_STGS     2.0000   48353114   12454301   10368996   10334839   81511251
