57605250.0
69681750.0
54717000.0
59355000.0
51870750.0
52236750.0
51679500.0
47520750.0
50649750.0
51525750.0
62552250.0
64115250.0
46501500.0
47326500.0
60234000.0
52082250.0
65606250.0
39909750.0
60078000.0
53512500.0
63487500.0
51810750.0
68139000.0
72839250.0
47765250.0
48994500.0
59409750.0
55655250.0
59322750.0
57542250.0
53187000.0
49230000.0
55503000.0
64695000.0
65503500.0
60665250.0
59842500.0
49707750.0
46743750.0
48871500.0
49566000.0
55103250.0
44562750.0
58460250.0
55061250.0
56870250.0
50141250.0
57570000.0
34693500.0
57057750.0
52587000.0
52897500.0
51646500.0
60533250.0
58004250.0
48318750.0
63675000.0
51280500.0
52762500.0
56785500.0
54851250.0
53145750.0
67212000.0
58425750.0
58153500.0
53176500.0
55181250.0
63860250.0
53706750.0
43314750.0
55706250.0
62220000.0
54610500.0
43221750.0
65425500.0
51096750.0
60939750.0
60425250.0
51807750.0
57963750.0
57813750.0
56779500.0
54094500.0
53877750.0
54654750.0
47964750.0
46328250.0
48302250.0
54069750.0
49224750.0
56472750.0
56042250.0
66968250.0
49676250.0
61377000.0
62145750.0
53046750.0
42830250.0
