88.2 28.9625 0.6144
2.1315 5.5125 0.5731
66.7065 30.373 0.041
102.249 30.66 0.3722
3.2235 17.3495 0.1127
89.271 2.5725 0.1882
79.212 6.832 0.5906
1.68 16.8595 0.668
29.631 27.503 0.6257
65.457 31.178 0.0538
29.82 27.1845 0.1032
57.12 16.373 0.63
33.642 9.261 0.2684
46.347 14.7175 0.4942
62.2545 10.01 0.6612
28.224 33.782 0.5833
91.98 2.072 0.204
54.075 30.793 0.691
49.14 34.3105 0.366
34.986 14.308 0.1747
76.482 34.377 0.6656
41.16 12.3655 0.1536
97.7655 7.0245 0.507
15.456 13.4365 0.07
15.603 25.963 0.4812
29.694 17.0835 0.7116
94.017 31.143 0.6666
103.53 23.793 0.4655
87.78 29.617 0.184
63.378 7.966 0.745
72.1245 33.187 0.8375
5.5125 20.811 0.5465
85.5015 3.8185 0.2811
45.465 26.8625 0.819
5.3865 34.9755 0.2847
52.332 18.7425 0.758
66.15 20.0445 0.118
69.825 24.122 0.79
10.899 34.1775 0.1801
8.652 28.8365 0.0722
86.856 34.692 0.1648
21.105 12.0225 0.84
3.4755 17.36 0.2168
23.0895 13.797 0.2844
8.3055 18.3225 0.9962
50.841 29.106 0.0604
79.212 33.908 0.2228
80.3145 32.1055 0.6914
92.211 31.388 0.2968
8.484 34.531 0.1068
66.822 31.6295 0.7621
31.4265 27.0025 0.2642
70.35 20.5275 0.494
80.808 33.4845 0.8848
11.508 32.473 0.0836
0.6615 29.043 0.6242
17.661 22.561 0.3439
45.675 28.6475 0.255
52.08 20.7655 0.925
58.8 33.628 0.5312
33.201 15.393 0.0624
103.446 26.2745 0.0168
19.53 28.616 0.6577
66.612 12.3655 0.6312
4.0635 20.272 0.3456
74.487 4.228 0.6542
95.8965 16.345 0.0066
41.748 26.992 0.436
36.729 29.8025 0.7013
24.381 23.688 0.5109
69.048 32.046 0.1
91.6545 31.4895 0.6494
92.841 24.535 0.5077
78.7395 34.846 0.3218
60.1965 34.496 0.8495
85.197 17.8395 0.6176
35.406 29.365 0.8468
93.5235 31.5315 0.7365
103.74 24.1885 0.148
48.153 15.5925 0.2145
48.678 6.433 0.594
39.984 28.504 0.2144
77.826 24.878 0.8349
11.823 32.8825 0.082
90.825 33.3865 0.195
30.975 26.1905 0.631
35.532 19.334 0.8526
61.74 32.095 0.9368
58.1595 18.6165 0.8438
12.39 33.2605 0.9205
60.963 15.3195 0.2182
100.296 23.0895 0.8652
80.262 30.6775 0.3378
99.246 15.085 0.8238
65.436 27.846 0.4296
101.1045 33.957 0.138
76.5345 18.606 0.4322
16.59 21.147 0.236
90.51 30.3625 0.4485
26.25 25.361 0.025
81.69 28.0175 0.1572
91.434 21.266 0.1922
85.785 5.9605 0.35
62.412 28.203 0.7405
71.2215 3.927 0.6287
88.494 17.556 0.4241
78.75 33.502 0.0578
21.084 4.9735 0.5008
65.1 33.4985 0.364
26.292 28.7945 0.0932
101.64 29.9355 0.4695
11.97 19.4705 0.8196
76.881 34.734 0.0178
22.7325 10.381 0.5329
94.71 24.5 0.618
14.91 11.6095 0.788
35.448 32.2245 0.0302
32.214 31.7485 0.9788
51.723 14.3745 0.6446
15.078 17.731 0.4463
1.785 29.792 0.7245
44.3625 28.5425 0.35
21.084 34.1635 0.4752
46.431 33.9745 0.6404
36.75 25.928 0.1796
5.46 34.1495 0.0575
85.26 19.425 0.3888
25.788 21.0525 0.7754
29.0955 18.907 0.9109
91.7595 24.129 0.0095
57.624 21.371 0.1052
6.426 33.8135 0.8626
56.07 10.843 0.325
71.883 30.8 0.447
6.8985 21.322 0.3064
42.546 23.4885 0.0996
93.555 28.7245 0.2042
68.649 28.4095 0.202
33.096 25.7775 0.4032
88.5885 17.4125 0.8684
88.368 25.4905 0.6776
93.261 11.6655 0.355
95.76 34.7655 0.9076
37.338 31.591 0.4516
19.656 30.737 0.5952
95.3505 29.7535 0.2926
14.133 18.326 0.6738
34.608 26.117 0.0272
13.65 17.472 0.3494
60.837 30.709 0.3288
66.3705 16.7335 0.4962
28.14 28.861 0.596
8.484 30.261 0.3594
59.115 7.588 0.716
48.3 24.3985 0.7555
58.527 16.5235 0.5687
63.21 17.8115 0.1205
60.6375 20.6325 0.8025
32.76 21.8365 0.972
68.838 16.765 0.5174
48.72 32.2315 0.256
102.4065 32.0495 0.6077
55.986 23.7265 0.1287
5.88 25.7775 0.4288
53.55 30.6845 0.065
10.6365 3.283 0.294
20.9685 13.0165 0.3786
46.8615 27.412 0.792
92.778 27.9125 0.4472
16.6215 20.461 0.397
51.786 33.4355 0.6098
79.0335 31.1535 0.0377
30.072 18.8825 0.7002
67.473 11.242 0.8194
85.029 21.9555 0.4107
36.12 33.761 0.9238
38.157 30.653 0.1112
83.16 32.8335 0.84
32.97 22.2915 0.7196
12.978 24.6085 0.5356
75.705 17.479 0.3552
65.835 15.6905 0.6462
38.619 31.276 0.2894
70.3185 18.9385 0.7237
89.922 15.5505 0.3292
74.8545 24.2725 0.938
40.866 21.21 0.8804
78.3825 23.1385 0.2598
87.78 29.3825 0.3564
67.2 27.671 0.034
104.517 28.805 0.6138
42.4515 20.6885 0.3401
95.466 14.98 0.6192
31.332 29.5505 0.7712
29.7045 23.6635 0.4167
63.0 11.4765 0.1283
48.615 23.828 0.902
2.3205 30.66 0.0209
20.391 26.362 0.2419
29.61 15.554 0.713
4.788 28.8645 0.5744
23.709 29.498 0.683
37.905 25.6375 0.98
5.019 31.4615 0.625
77.3955 29.204 0.2551
37.1175 19.4075 0.7545
100.128 17.514 0.4272
55.4505 25.2525 0.7904
13.3245 12.6525 0.7417
17.0415 21.511 0.3601
99.624 28.1225 0.08
72.996 24.0345 0.0092
61.152 33.0995 0.968
36.414 23.5935 0.7976
30.324 19.0855 0.609
43.68 27.4715 0.3488
73.941 32.48 0.9608
35.6475 34.23 0.2335
85.68 28.9135 0.858
83.4015 20.874 0.5323
71.6625 18.6865 0.806
9.114 31.6785 0.698
57.3825 17.003 0.185
94.3635 26.481 0.6662
74.928 27.8915 0.4636
47.46 19.6385 0.1811
64.2495 34.769 0.8047
38.9445 16.492 0.8683
35.7525 5.4215 0.7225
42.819 23.506 0.7486
33.6315 31.276 0.4764
92.463 32.669 0.8456
40.215 25.312 0.2038
21.7875 28.1435 0.6965
43.5015 9.618 0.564
93.492 32.291 0.3144
28.203 16.191 0.8218
53.193 12.054 0.4202
40.9185 1.309 0.0342
87.969 26.852 0.268
16.0125 31.451 0.155
24.36 25.6235 0.1
44.079 13.244 0.6145
44.289 25.088 0.1822
95.9805 19.642 0.6659
88.3575 11.683 0.5982
48.384 29.4665 0.5528
14.49 9.6495 0.228
1.932 32.1125 0.626
70.9065 17.836 0.4592
0.315 16.9505 0.4395
77.6895 34.6115 0.25
83.8425 34.5905 0.112
73.3425 26.7015 0.2545
29.484 31.493 0.4014
40.95 19.7995 0.54
55.23 16.6845 0.9843
87.822 29.645 0.6985
78.729 16.4745 0.2612
53.256 15.778 0.934
91.056 9.0195 0.6728
24.99 30.583 0.7392
1.491 34.9405 0.5564
93.4605 14.0595 0.7722
74.34 12.467 0.7178
98.301 23.3485 0.003
31.941 29.7535 0.9256
66.99 19.411 0.8368
38.64 32.9805 0.024
51.5865 28.1855 0.8928
67.263 13.6535 0.366
16.989 28.9135 0.3102
49.308 24.6085 0.716
89.8485 20.076 0.3673
16.17 26.7575 0.544
65.142 16.6845 0.21
13.5975 27.538 0.9403
91.98 30.3275 0.0164
72.6705 25.9665 0.3576
0.483 15.0185 0.1196
94.416 15.89 0.3391
52.1535 13.0025 0.9796
63.945 27.2685 0.367
11.6025 22.911 0.788
55.587 25.6235 0.6812
47.775 12.124 0.335
21.315 31.031 0.503
52.563 29.4175 0.1574
95.319 10.6575 0.537
57.9285 24.1465 0.7893
29.7675 9.457 0.702
36.2775 10.8045 0.4797
83.496 31.752 0.9453
36.309 10.388 0.1084
22.344 29.5925 0.312
26.25 17.437 0.6808
38.598 28.966 0.8896
45.15 23.6075 0.35
24.15 31.297 0.024
17.955 16.52 0.2176
53.2875 20.1075 0.9575
43.029 25.613 0.2744
52.731 6.769 0.3644
33.432 26.3235 0.1944
0.8925 23.982 0.977
22.239 7.259 0.8542
43.2915 8.407 0.4361
104.16 22.855 0.6376
2.8035 32.2805 0.824
85.974 30.31 0.5072
69.72 4.697 0.886
58.59 33.635 0.7355
55.44 23.0055 0.896
47.775 25.9805 0.6695
102.1335 32.4275 0.9596
8.778 18.193 0.8574
94.248 26.1835 0.9466
39.165 10.2025 0.152
98.406 33.117 0.066
40.299 23.38 0.6822
12.39 31.962 0.5734
75.411 34.244 0.1834
48.3 13.972 0.9458
51.45 32.8055 0.778
58.2645 32.0285 0.1933
47.334 24.6785 0.5568
48.09 19.131 0.14
34.125 15.652 0.5
96.033 20.0935 0.3969
74.424 34.027 0.4196
45.003 21.343 0.0867
53.97 20.93 0.9668
103.782 9.674 0.8092
95.214 9.66 0.3327
60.9 13.1425 0.075
21.84 16.8595 0.928
68.481 24.633 0.0836
56.301 26.446 0.1892
60.27 5.642 0.924
74.382 29.729 0.6706
35.112 7.7945 0.5424
85.239 33.425 0.4516
86.898 13.587 0.2898
77.889 33.145 0.412
15.33 29.0325 0.8508
47.8275 17.6575 0.524
24.549 6.86 0.9995
24.486 25.501 0.9188
48.4365 34.783 0.6458
32.592 33.516 0.3494
32.256 15.2495 0.513
81.795 13.4225 0.1235
90.657 26.3305 0.5627
2.016 27.1915 0.0524
29.316 16.9295 0.1387
8.988 31.178 0.3847
25.536 26.8555 0.5248
27.9615 33.8065 0.0289
67.2105 32.8685 0.7978
73.5 22.4945 0.182
61.824 33.131 0.4112
55.8915 8.1935 0.9917
70.665 4.1405 0.174
10.248 32.697 0.5144
96.537 6.678 0.8932
26.5125 15.155 0.4
66.7695 25.669 0.105
93.744 22.6625 0.7872
95.7285 33.8135 0.4097
53.8125 9.4255 0.435
49.581 32.0215 0.9612
96.369 15.3545 0.0961
84.0 25.501 0.8689
95.298 20.349 0.5058
90.909 13.3455 0.1166
65.94 17.0975 0.8318
9.828 14.882 0.5776
0.882 30.5445 0.5248
30.597 13.6535 0.381
97.2825 8.0045 0.8009
49.35 27.09 0.241
1.6695 13.902 0.2387
95.424 33.579 0.6652
102.354 25.0635 0.284
52.71 25.6725 0.766
89.4705 6.083 0.6326
21.672 32.2175 0.3262
75.243 18.165 0.477
95.088 32.949 0.3605
36.33 2.1 0.2684
32.865 5.012 0.525
34.65 18.634 0.0541
67.2 25.718 0.85
32.34 33.642 0.16
75.18 7.651 0.06
0.777 23.723 0.9398
7.8435 6.6325 0.1111
28.224 29.0325 0.2048
30.996 33.2325 0.9672
37.128 32.5955 0.3725
46.074 34.4225 0.6104
78.96 21.2765 0.7712
99.33 20.825 0.86
78.582 32.13 0.2153
59.304 33.5965 0.695
103.131 16.954 0.3601
80.724 23.1525 0.7977
43.302 34.9265 0.1785
65.2785 18.1895 0.6402
13.44 24.409 0.6056
35.994 7.217 0.1142
84.084 34.7655 0.4984
48.951 8.386 0.5584
22.4805 22.554 0.7563
40.488 19.698 0.2464
39.963 12.7155 0.5798
0.7875 29.9565 0.2825
28.14 22.596 0.2496
89.67 29.7955 0.5105
55.2195 25.3225 0.9915
59.472 33.0715 0.7296
60.039 8.9285 0.1316
63.2415 28.084 0.9997
70.5075 31.059 0.9975
75.9045 29.9495 0.9672
40.53 34.0445 0.8824
81.249 11.8895 0.276
59.472 20.4925 0.6748
47.292 34.72 0.0536
1.26 32.382 0.392
84.525 28.9905 0.507
2.52 24.4615 0.118
51.0825 20.6815 0.1084
69.5205 25.3995 0.9709
93.534 32.228 0.9792
25.893 23.0965 0.1848
12.348 19.775 0.2528
92.169 20.755 0.6702
91.875 25.956 0.375
38.682 34.6255 0.8768
69.825 18.732 0.233
16.737 34.8145 0.3866
82.1835 26.1135 0.954
30.828 30.156 0.0168
99.897 33.9675 0.0169
35.448 31.2515 0.5066
93.9855 24.1535 0.4375
56.112 32.8825 0.4381
67.41 27.6045 0.093
29.421 21.609 0.976
17.136 33.012 0.0208
58.1175 33.306 0.3687
19.845 26.992 0.1821
8.232 21.588 0.3096
50.82 29.6975 0.262
70.812 22.33 0.8064
70.371 12.936 0.266
35.2485 32.5185 0.3565
40.845 28.553 0.094
67.6305 27.132 0.418
93.5025 26.0995 0.556
14.469 7.7315 0.7312
72.45 30.0755 0.5352
66.78 27.5695 0.7515
64.722 33.782 0.6172
46.032 25.851 0.4912
91.035 33.53 0.4175
38.199 31.1045 0.9284
58.128 13.0585 0.5872
24.591 30.023 0.0584
38.577 22.624 0.4942
9.513 4.3995 0.4778
58.968 23.5095 0.3152
13.755 8.785 0.701
42.084 17.192 0.4845
41.895 29.2845 0.9953
104.0655 30.3485 0.6333
68.649 24.0345 0.7124
88.62 6.3385 0.7664
84.0 12.6385 0.5856
40.74 26.1905 0.1008
30.135 22.883 0.128
68.649 29.799 0.3262
8.085 32.8685 0.7934
31.626 20.4295 0.4399
10.815 26.747 0.741
39.354 19.4355 0.2167
34.524 20.0935 0.1512
58.128 29.064 0.216
89.943 32.3995 0.3042
17.85 18.977 0.462
21.3675 33.1765 0.4185
95.109 28.9625 0.2294
34.314 12.887 0.8704
21.0315 30.457 0.1206
91.56 26.929 0.536
39.6375 31.6925 0.1075
77.196 19.348 0.7104
21.7665 32.2385 0.0754
16.3905 22.2565 0.7035
4.998 9.9295 0.6432
53.298 20.699 0.6101
22.827 22.2985 0.7817
17.43 21.8365 0.7588
40.509 21.105 0.8602
70.35 29.2845 0.52
24.675 33.2045 0.535
79.086 33.2045 0.234
43.365 32.487 0.7616
21.609 21.7945 0.8766
3.087 25.466 0.2532
83.223 20.391 0.4159
3.9375 17.4405 0.694
58.317 21.8645 0.8686
44.877 27.153 0.2802
32.844 24.787 0.4794
100.275 17.675 0.925
85.428 12.4845 0.4592
62.79 27.2895 0.8075
41.055 10.234 0.9615
101.64 26.7015 0.246
12.7575 14.5565 0.171
77.259 23.5375 0.1917
14.427 33.4285 0.1782
5.2185 5.6 0.4625
5.5545 31.052 0.6914
11.004 23.4115 0.5714
59.9235 23.66 0.137
49.182 34.307 0.4596
93.2925 24.346 0.5596
45.948 19.0365 0.3988
66.108 29.89 0.0806
88.095 26.145 0.2165
96.8625 21.147 0.1825
54.621 34.0935 0.0112
96.768 31.052 0.3712
22.7325 13.615 0.7933
30.198 26.3515 0.576
17.64 9.0335 0.5334
24.7065 32.3505 0.8675
39.5325 19.831 0.8945
51.8805 26.4565 0.7161
4.1265 10.528 0.1033
53.067 21.2415 0.4597
36.729 26.684 0.142
63.2835 24.892 0.4242
78.897 15.883 0.0745
73.1325 25.802 0.806
83.622 29.337 0.1382
0.315 25.116 0.1665
13.545 24.1605 0.326
36.75 33.593 0.8304
65.5305 31.997 0.3615
26.775 32.368 0.9974
59.304 29.6415 0.2556
19.404 22.82 0.4927
103.089 30.723 0.4419
26.4915 28.154 0.2423
72.828 31.416 0.6204
48.9825 33.7995 0.3529
40.1835 32.347 0.357
79.128 30.058 0.1
7.707 15.0465 0.4834
5.4075 33.684 0.448
14.2695 27.916 0.4455
89.2185 24.8255 0.9527
64.6695 30.709 0.3778
15.204 22.554 0.4856
99.1725 31.6575 0.3616
40.53 10.913 0.1048
49.4865 33.3165 0.4932
44.184 15.652 0.0816
76.125 32.739 0.25
90.72 25.6235 0.728
21.525 32.7565 0.435
39.0075 27.4715 0.3975
86.688 14.35 0.7054
45.654 23.1595 0.4259
80.367 24.1675 0.7351
81.9 32.6445 0.85
45.654 24.7835 0.3444
0.588 33.7645 0.3382
16.002 4.9 0.0692
47.418 9.142 0.29
19.1415 26.2185 0.0154
94.794 32.0845 0.0428
37.0125 24.374 0.0685
74.76 33.117 0.5386
99.12 20.4155 0.9102
104.79 13.1705 0.1072
67.2 23.6355 0.918
77.616 8.911 0.0872
8.4 16.786 0.29
42.273 34.209 0.4351
89.922 31.4895 0.9182
48.09 24.444 0.5574
19.845 34.1005 0.4432
52.92 16.212 0.4588
52.92 30.4815 0.712
77.301 2.072 0.4489
46.284 12.9815 0.412
29.652 29.1655 0.1992
94.584 29.232 0.5392
1.9215 34.0305 0.57
62.6325 29.9355 0.514
55.5555 28.483 0.0971
20.475 24.871 0.8
28.4235 29.407 0.6445
72.66 29.043 0.9045
46.641 32.41 0.1221
50.232 29.911 0.927
36.54 11.1335 0.0836
40.908 22.8655 0.5034
73.9725 17.0205 0.758
49.4025 29.0745 0.3585
21.084 34.678 0.5398
61.866 27.335 0.8972
24.528 15.463 0.752
101.64 30.7615 0.6327
57.603 27.3945 0.789
76.104 28.553 0.3764
5.0925 23.4885 0.2275
90.216 10.6855 0.5452
49.056 28.9625 0.9392
33.012 29.393 0.5926
50.4525 10.5595 0.517
99.2775 8.897 0.5851
102.144 27.6815 0.3553
17.955 16.303 0.456
17.913 26.544 0.5254
94.92 25.6235 0.444
34.902 15.6555 0.2468
68.0295 16.6985 0.3155
93.051 27.1005 0.458
28.3185 29.302 0.3543
59.5455 23.429 0.1339
80.745 26.1205 0.633
52.92 15.722 0.038
32.004 6.0725 0.5609
25.179 32.0215 0.9982
44.73 34.9265 0.4328
23.352 28.4515 0.928
43.89 22.6835 0.71
65.688 10.2655 0.1214
3.2235 25.0285 0.109
3.297 20.5065 0.6839
16.59 3.6715 0.336
21.672 17.0905 0.5504
19.992 17.059 0.4944
101.556 23.737 0.2368
34.587 29.2075 0.4904
77.5005 7.9205 0.7343
77.112 29.3335 0.4976
46.494 33.614 0.6122
98.07 28.763 0.1544
38.22 32.0775 0.108
57.75 30.2085 0.88
20.1705 4.564 0.8552
57.7605 18.5045 0.3336
52.983 31.1535 0.8079
38.115 8.855 0.822
104.874 22.813 0.2856
102.3015 12.537 0.5881
52.521 29.806 0.5512
48.72 10.843 0.168
77.322 12.194 0.3535
26.481 17.7975 0.1598
84.5145 20.937 0.4975
69.72 25.928 0.304
32.382 30.7895 0.851
32.844 33.271 0.8866
86.436 31.4755 0.8388
60.459 24.066 0.8706
64.68 23.1105 0.82
89.649 8.855 0.0062
49.98 31.325 0.8133
72.87 3.43 0.7476
11.7705 15.2005 0.3587
16.464 6.86 0.5024
83.643 22.372 0.3098
102.69 17.8815 0.4915
14.511 28.5215 0.378
21.798 26.6315 0.3418
75.285 29.582 0.5924
29.232 32.3505 0.2336
95.172 30.359 0.5578
36.498 17.9165 0.312
6.3 26.341 0.5256
2.9925 20.419 0.7592
50.4 9.8385 0.213
5.523 6.6955 0.0888
42.441 12.4145 0.1788
21.588 5.3305 0.4947
27.3 25.4555 0.7246
18.816 25.613 0.4342
102.564 19.9955 0.6622
103.992 27.328 0.2564
49.3815 30.8175 0.8266
56.994 28.7455 0.1645
83.1915 24.8045 0.1602
17.283 20.244 0.9203
84.8925 31.479 0.356
87.1395 13.8425 0.9907
46.893 33.712 0.0732
54.831 24.85 0.2381
84.3465 30.2715 0.8001
38.4405 20.8425 0.6858
19.32 20.0865 0.5716
91.329 19.705 0.2638
87.612 31.647 0.548
77.07 32.263 0.2998
81.648 21.9135 0.2368
66.192 34.692 0.2224
29.274 18.228 0.2604
79.905 27.1005 0.407
68.7015 13.4085 0.7344
23.919 16.4745 0.885
32.487 23.5305 0.3378
87.255 33.46 0.828
61.3725 29.5855 0.899
4.158 24.087 0.043
11.172 29.064 0.6464
95.949 12.2535 0.6197
19.068 22.365 0.1305
1.7325 23.044 0.7613
101.6085 18.1055 0.1013
89.67 28.854 0.846
27.93 34.6115 0.686
79.9575 25.3995 0.2028
66.045 28.2975 0.016
37.653 18.312 0.364
14.0805 32.893 0.8581
27.3 22.4105 0.91
89.754 24.36 0.006
4.0425 11.8965 0.9305
44.289 20.9055 0.436
48.825 18.1965 0.8071
22.197 21.133 0.7648
34.272 26.334 0.8813
4.725 24.5 0.835
13.608 31.8185 0.1008
12.18 3.913 0.4665
6.2685 27.5065 0.5956
95.592 13.79 0.0736
83.097 32.249 0.4261
53.298 13.5905 0.5704
68.103 25.0985 0.9351
22.911 17.6995 0.9756
9.282 22.3615 0.3222
71.568 27.489 0.8168
11.151 14.77 0.0486
70.875 33.9325 0.22
72.03 32.795 0.508
77.4375 28.588 0.6609
86.688 27.2895 0.9952
30.597 31.759 0.5032
71.547 17.4195 0.8922
15.75 26.1695 0.492
48.657 33.033 0.101
94.08 34.6465 0.625
99.183 20.4855 0.1902
74.676 26.005 0.2672
29.568 30.4325 0.6553
83.811 13.9265 0.7575
104.2965 34.363 0.5496
39.816 25.6515 0.4992
72.9225 28.8085 0.5586
52.4685 25.305 0.2637
83.6115 27.4225 0.5556
17.052 27.398 0.772
25.536 21.868 0.3012
49.938 20.636 0.224
63.462 32.8405 0.414
22.4595 34.9475 0.7115
94.2585 27.678 0.81
49.2765 34.9195 0.6249
76.65 16.814 0.3544
75.6 28.175 0.7965
94.374 30.4255 0.6078
31.71 14 15.3055 0.9956
41.874 30.9995 0.0617
47.04 18.2525 0.024
50.5995 13.6605 0.691
6.93 25.172 0.3572
60.018 32.333 0.788
97.23 31.304 0.394
15.771 18.8405 0.6638
49.875 7.6265 0.0075
47.3025 15.288 0.0978
97.041 20.762 0.3198
62.664 11.6515 0.1212
82.047 13.4295 0.1236
84.777 13.538 0.745
17.3355 25.2665 0.4716
5.8485 30.6425 0.2008
88.2105 31.577 0.4159
86.268 31.486 0.3464
98.574 19.3235 0.9446
83.727 7.224 0.5754
51.765 30.1595 0.386
55.2825 30.219 0.5972
95.9175 32.277 0.1545
61.0995 22.2425 0.1066
74.34 17.29 0.466
43.134 15.8375 0.282
80.598 12.502 0.0988
80.7975 22.057 0.6004
17.871 24.444 0.3662
59.262 28.056 0.8916
71.82 20.167 0.58
92.4 28.0 0.208
72.24 29.2005 0.664
86.688 30.926 0.0
58.128 8.799 0.5608
20.5905 16.107 0.4295
92.484 32.8545 0.3824
61.446 19.6245 0.907
96.348 18.8335 0.798
20.643 21.511 0.7609
90.7935 16.5515 0.7148
11.214 22.036 0.5264
40.299 29.1095 0.602
40.446 31.577 0.0044
82.446 27.3245 0.5442
90.09 17.29 0.7356
3.696 30.653 0.0479
83.328 33.0855 0.5361
36.4875 33.166 0.7265
39.312 15.2075 0.8608
94.626 33.4915 0.197
99.246 32.8685 0.4194
4.326 32.767 0.515
96.18 31.3845 0.654
60.207 23.3835 0.8812
87.675 23.6075 0.77
19.971 14.9065 0.9052
19.929 12.873 0.0692
64.344 24.3705 0.0832
48.195 23.5305 0.791
73.3425 34.223 0.1585
75.3375 19.4075 0.0875
25.158 30.0685 0.454
97.2825 30.275 0.5512
37.884 6.1425 0.7508
38.0835 16.6215 0.6781
49.56 21.301 0.0784
27.552 9.8385 0.0656
39.6375 34.3385 0.6675
8.1375 23.996 0.8775
43.554 13.7515 0.9204
92.232 22.4 0.5632
32.424 28.175 0.8592
18.186 26.481 0.4888
46.242 32.571 0.663
20.9055 22.288 0.8157
1.596 26.425 0.8196
47.145 33.789 0.5515
49.497 18.214 0.8224
19.782 11.5325 0.1072
78.792 26.2465 0.44
81.291 26.306 0.4741
89.67 31.6365 0.8656
69.993 17.9165 0.39
79.485 27.223 0.436
31.458 28.0105 0.4799
75.138 30.9575 0.124
42.63 31.577 0.46
74.718 32.662 0.1096
75.012 20.2405 0.568
65.184 31.4615 0.8704
76.545 19.215 0.4262
19.824 33.3865 0.5988
41.5695 16.5375 0.2568
83.5275 26.18 0.1205
96.243 22.764 0.585
63.2205 15.5155 0.7243
96.6735 26.5545 0.2057
31.227 31.8185 0.0399
70.245 18.8475 0.271
29.3265 34.6815 0.296
71.778 30.247 0.2115
