TITLE="2RS_E_WD035.dat"
VARIABLES= "Density" "Radius" "Height" "0.1053" "0.356" "0.6617" "0.7889" "1.1732" "1.3325" "1.408" "2" "3" 
ZONE T="3D Data" I=11 J=15 K=3 F=POINT
0.00000000e+000 3.50000000e+001 0.00000000e+000 2.39178064e-004 1.62040977e-004 1.03365717e-004 9.14139716e-005 7.02088228e-005 6.45229013e-005 6.21944485e-005 4.78429029e-005 3.39681425e-005 
0.00000000e+000 3.48214286e+001 0.00000000e+000 2.37978228e-004 1.61227902e-004 1.02853861e-004 9.09639125e-005 6.98688397e-005 6.42123142e-005 6.18958462e-005 4.76166385e-005 3.38090621e-005 
0.00000000e+000 3.42857143e+001 0.00000000e+000 2.34145701e-004 1.58664697e-004 1.01240256e-004 8.95451874e-005 6.87971471e-005 6.32332780e-005 6.09545825e-005 4.69032862e-005 3.33071821e-005 
0.00000000e+000 3.33928571e+001 0.00000000e+000 2.28313393e-004 1.54788239e-004 9.88290622e-005 8.74314681e-005 6.72097412e-005 6.17855813e-005 5.95637278e-005 4.58534098e-005 3.25707204e-005 
0.00000000e+000 3.21428571e+001 0.00000000e+000 2.20665474e-004 1.49740637e-004 9.56814937e-005 8.46720700e-005 6.51412086e-005 5.99009966e-005 5.77539825e-005 4.44912449e-005 3.16167085e-005 
0.00000000e+000 3.05357143e+001 0.00000000e+000 2.11926674e-004 1.43948230e-004 9.20955077e-005 8.15378875e-005 6.28107293e-005 5.77837119e-005 5.57232316e-005 4.29732977e-005 3.05584463e-005 
0.00000000e+000 2.85714286e+001 0.00000000e+000 2.03662670e-004 1.38526027e-004 8.87838684e-005 7.86593184e-005 6.07043398e-005 5.58810541e-005 5.39028995e-005 4.16321944e-005 2.96326386e-005 
0.00000000e+000 2.62500000e+001 0.00000000e+000 1.96572786e-004 1.33893045e-004 8.60200792e-005 7.62847079e-005 5.90257837e-005 5.43833298e-005 5.24774824e-005 4.06125566e-005 2.89414244e-005 
0.00000000e+000 2.35714286e+001 0.00000000e+000 1.92843345e-004 1.31389544e-004 8.46923221e-005 7.52169459e-005 5.84151328e-005 5.38820248e-005 5.20179435e-005 4.03536470e-005 2.87956611e-005 
0.00000000e+000 2.05357143e+001 0.00000000e+000 1.96357050e-004 1.33766837e-004 8.66532676e-005 7.70940609e-005 6.00906024e-005 5.54787304e-005 5.35783753e-005 4.16316734e-005 2.97329005e-005 
0.00000000e+000 1.71428571e+001 0.00000000e+000 2.14909007e-004 1.45949855e-004 9.45268682e-005 8.40880589e-005 6.54940460e-005 6.04445896e-005 5.83637581e-005 4.53009389e-005 3.23453956e-005 
0.00000000e+000 1.33928571e+001 0.00000000e+000 2.46261025e-004 1.66883467e-004 1.07983279e-004 9.59787529e-005 7.45237526e-005 6.86936333e-005 6.62931872e-005 5.13014930e-005 3.65889345e-005 
0.00000000e+000 9.28571429e+000 0.00000000e+000 2.93792240e-004 1.98420942e-004 1.27502164e-004 1.12994447e-004 8.70819873e-005 8.00796979e-005 7.72057971e-005 5.94456223e-005 4.23179949e-005 
0.00000000e+000 4.82142857e+000 0.00000000e+000 3.34920934e-004 2.25980686e-004 1.44491915e-004 1.27778341e-004 9.79530773e-005 8.99273337e-005 8.66408028e-005 6.64771293e-005 4.72634737e-005 
0.00000000e+000 0.00000000e+000 0.00000000e+000 3.60433577e-004 2.42651720e-004 1.54675287e-004 1.36627177e-004 1.04444623e-004 9.58043891e-005 9.22703447e-005 7.06678499e-005 5.02083297e-005 
2.50000000e-001 3.50000000e+001 0.00000000e+000 2.44958969e-004 1.57961644e-004 1.00134052e-004 8.85126636e-005 6.79995020e-005 6.25171259e-005 6.02734061e-005 4.64424339e-005 3.30522292e-005 
2.50000000e-001 3.48214286e+001 0.00000000e+000 2.44090059e-004 1.57182752e-004 9.96142570e-005 8.80502429e-005 6.76430466e-005 6.21899779e-005 5.99583437e-005 4.62021222e-005 3.28834162e-005 
2.50000000e-001 3.42857143e+001 0.00000000e+000 2.34985650e-004 1.52729681e-004 9.70956181e-005 8.58916497e-005 6.60941769e-005 6.07961451e-005 5.86267692e-005 4.52314451e-005 3.22292317e-005 
2.50000000e-001 3.33928571e+001 0.00000000e+000 2.23936111e-004 1.46811591e-004 9.36642660e-005 8.29333731e-005 6.39465351e-005 5.88572994e-005 5.67721264e-005 4.38697445e-005 3.13053363e-005 
2.50000000e-001 3.21428571e+001 0.00000000e+000 2.07061795e-004 1.38169509e-004 8.87403429e-005 7.87095161e-005 6.09164560e-005 5.61324372e-005 5.41699648e-005 4.19785795e-005 3.00347905e-005 
2.50000000e-001 3.05357143e+001 0.00000000e+000 1.85500616e-004 1.27213465e-004 8.25889861e-005 7.34592537e-005 5.71956955e-005 5.28000014e-005 5.09931787e-005 3.96949513e-005 2.85176217e-005 
2.50000000e-001 2.85714286e+001 0.00000000e+000 1.57823270e-004 1.13654508e-004 7.52098710e-005 6.72241530e-005 5.28846669e-005 4.89708279e-005 4.73560583e-005 3.71402241e-005 2.68637972e-005 
2.50000000e-001 2.62500000e+001 0.00000000e+000 1.25642174e-004 9.84171239e-005 6.71847060e-005 6.05194304e-005 4.83785914e-005 4.50065044e-005 4.36061882e-005 3.45744921e-005 2.52497633e-005 
2.50000000e-001 2.35714286e+001 0.00000000e+000 1.06705908e-004 8.92126588e-005 6.24179381e-005 5.65862789e-005 4.58418304e-005 4.28104903e-005 4.15440482e-005 3.32304586e-005 2.44494912e-005 
2.50000000e-001 2.05357143e+001 0.00000000e+000 9.44853013e-005 8.43696424e-005 6.05513201e-005 5.52483118e-005 4.53285118e-005 4.24768193e-005 4.12775519e-005 3.32675825e-005 2.46360256e-005 
2.50000000e-001 1.71428571e+001 0.00000000e+000 8.96108282e-005 8.57093756e-005 6.27975902e-005 5.75565972e-005 4.76074431e-005 4.47042488e-005 4.34778586e-005 3.52029604e-005 2.62027061e-005 
2.50000000e-001 1.33928571e+001 0.00000000e+000 8.96648609e-005 9.18226659e-005 6.85464695e-005 6.30447114e-005 5.24116999e-005 4.92648289e-005 4.79313722e-005 3.88932934e-005 2.90566181e-005 
2.50000000e-001 9.28571429e+000 0.00000000e+000 9.52955274e-005 1.03398602e-004 7.79430508e-005 7.17364119e-005 5.96001289e-005 5.59934294e-005 5.44660534e-005 4.41626407e-005 3.30621654e-005 
2.50000000e-001 4.82142857e+000 0.00000000e+000 1.00639799e-004 1.13620905e-004 8.61605417e-005 7.93193886e-005 6.58461258e-005 6.18345486e-005 6.01368746e-005 4.87278612e-005 3.65287917e-005 
2.50000000e-001 0.00000000e+000 0.00000000e+000 1.05302056e-004 1.20409691e-004 9.13931953e-005 8.41135932e-005 6.97463495e-005 6.54701292e-005 6.36617687e-005 5.15437415e-005 3.86501191e-005 
5.00000000e-001 3.50000000e+001 0.00000000e+000 2.99151285e-004 1.69807236e-004 1.03885935e-004 9.11422795e-005 6.90750397e-005 6.32837184e-005 6.09268249e-005 4.65934594e-005 3.29558759e-005 
5.00000000e-001 3.48214286e+001 0.00000000e+000 3.00236851e-004 1.69338628e-004 1.03454443e-004 9.07396133e-005 6.87404344e-005 6.29713600e-005 6.06240473e-005 4.63552780e-005 3.27854495e-005 
5.00000000e-001 3.42857143e+001 0.00000000e+000 2.81516639e-004 1.62493435e-004 9.99080682e-005 8.77599121e-005 6.66833643e-005 6.11403615e-005 5.88828217e-005 4.51203773e-005 3.19775661e-005 
5.00000000e-001 3.33928571e+001 0.00000000e+000 2.63517623e-004 1.54535628e-004 9.55223431e-005 8.40197766e-005 6.40240463e-005 5.87538544e-005 5.66057200e-005 4.34750014e-005 3.08828049e-005 
5.00000000e-001 3.21428571e+001 0.00000000e+000 2.34446945e-004 1.42249341e-004 8.89054356e-005 7.84149431e-005 6.01009533e-005 5.52507822e-005 5.32703733e-005 4.10959082e-005 2.93200659e-005 
5.00000000e-001 3.05357143e+001 0.00000000e+000 1.98578446e-004 1.26536336e-004 8.04708870e-005 7.12893509e-005 5.51517696e-005 5.08440388e-005 4.90799423e-005 3.81317860e-005 2.73916245e-005 
5.00000000e-001 2.85714286e+001 0.00000000e+000 1.53444579e-004 1.06242409e-004 6.97230860e-005 6.22647479e-005 4.89875282e-005 4.53882187e-005 4.39057307e-005 3.45361296e-005 2.51029440e-005 
5.00000000e-001 2.62500000e+001 0.00000000e+000 1.02690900e-004 8.24662356e-005 5.72803195e-005 5.18839569e-005 4.20244739e-005 3.92655503e-005 3.81159094e-005 3.05894272e-005 2.26497387e-005 
5.00000000e-001 2.35714286e+001 0.00000000e+000 7.56794619e-005 6.85886524e-005 4.98723693e-005 4.56996370e-005 3.79053763e-005 3.56596859e-005 3.47135943e-005 2.83103734e-005 2.12691447e-005 
5.00000000e-001 2.05357143e+001 0.00000000e+000 5.74860071e-005 5.93824324e-005 4.53377498e-005 4.20466337e-005 3.57141614e-005 3.38203184e-005 3.30118781e-005 2.73320691e-005 2.08172921e-005 
5.00000000e-001 1.71428571e+001 0.00000000e+000 4.55882884e-005 5.48145814e-005 4.39459026e-005 4.12064545e-005 3.57314911e-005 3.40242461e-005 3.32856789e-005 2.79108295e-005 2.15271861e-005 
5.00000000e-001 1.33928571e+001 0.00000000e+000 3.76772104e-005 5.34166001e-005 4.49660842e-005 4.25948047e-005 3.75976383e-005 3.59607344e-005 3.52428756e-005 2.98498650e-005 2.32722445e-005 
5.00000000e-001 9.28571429e+000 0.00000000e+000 3.33735372e-005 5.53659678e-005 4.83983505e-005 4.61549449e-005 4.11724854e-005 3.94774871e-005 3.87278245e-005 3.29968670e-005 2.59329708e-005 
5.00000000e-001 4.82142857e+000 0.00000000e+000 3.09144973e-005 5.75470327e-005 5.15910651e-005 4.94121651e-005 4.43716678e-005 4.26104688e-005 4.18271271e-005 3.57711394e-005 2.82613282e-005 
5.00000000e-001 0.00000000e+000 0.00000000e+000 3.07644758e-005 5.97502673e-005 5.40016447e-005 5.17839817e-005 4.65754425e-005 4.47405267e-005 4.39233398e-005 3.75949985e-005 2.97526701e-005 
7.50000000e-001 3.50000000e+001 0.00000000e+000 3.88469145e-004 1.90006154e-004 1.11426880e-004 9.68397617e-005 7.20842926e-005 6.57162194e-005 6.31411733e-005 4.77401995e-005 3.34191291e-005 
7.50000000e-001 3.48214286e+001 0.00000000e+000 3.95411280e-004 1.90212613e-004 1.11186025e-004 9.65698926e-005 7.18070772e-005 6.54470975e-005 6.28765441e-005 4.75181385e-005 3.32539827e-005 
7.50000000e-001 3.42857143e+001 0.00000000e+000 3.56604567e-004 1.79863184e-004 1.06316195e-004 9.25648914e-005 6.91525377e-005 6.31106372e-005 6.06648918e-005 4.59911957e-005 3.22819069e-005 
7.50000000e-001 3.33928571e+001 0.00000000e+000 3.26970505e-004 1.69323340e-004 1.00851109e-004 8.79634439e-005 6.59565184e-005 6.02605546e-005 5.79525575e-005 4.40615353e-005 3.10197805e-005 
7.50000000e-001 3.21428571e+001 0.00000000e+000 2.77779923e-004 1.52499670e-004 9.23355304e-005 8.08467955e-005 6.10990156e-005 5.59528105e-005 5.38627003e-005 4.11929691e-005 2.91698877e-005 
7.50000000e-001 3.05357143e+001 0.00000000e+000 2.21312450e-004 1.31392579e-004 8.15218103e-005 7.18032822e-005 5.49352590e-005 5.04928539e-005 4.86818483e-005 3.75752039e-005 2.68511497e-005 
7.50000000e-001 2.85714286e+001 0.00000000e+000 1.55748466e-004 1.04394172e-004 6.75838455e-005 6.01631206e-005 4.70610420e-005 4.35412573e-005 4.20959771e-005 3.30283138e-005 2.39826401e-005 
7.50000000e-001 2.62500000e+001 0.00000000e+000 8.92228522e-005 7.33019918e-005 5.12955007e-005 4.65648353e-005 3.79191085e-005 3.54961680e-005 3.44857283e-005 2.78342013e-005 2.07610296e-005 
7.50000000e-001 2.35714286e+001 0.00000000e+000 5.76959124e-005 5.61760372e-005 4.18905141e-005 3.86418239e-005 3.25234007e-005 3.07382881e-005 2.99824907e-005 2.47626625e-005 1.88732083e-005 
7.50000000e-001 2.05357143e+001 0.00000000e+000 3.79257303e-005 4.45291630e-005 3.55877099e-005 3.33955896e-005 2.90908151e-005 2.77624673e-005 2.71885721e-005 2.29744827e-005 1.78891494e-005 
7.50000000e-001 1.71428571e+001 0.00000000e+000 2.53173261e-005 3.71169943e-005 3.19966337e-005 3.05585684e-005 2.75382354e-005 2.65267697e-005 2.60778544e-005 2.25208172e-005 1.79111346e-005 
7.50000000e-001 1.33928571e+001 0.00000000e+000 1.72073079e-005 3.24521698e-005 3.03300851e-005 2.94861437e-005 2.74514603e-005 2.66702400e-005 2.63099526e-005 2.31696003e-005 1.87889753e-005 
7.50000000e-001 9.28571429e+000 0.00000000e+000 1.23924271e-005 3.03716757e-005 3.04912364e-005 3.00684196e-005 2.86946783e-005 2.80536922e-005 2.77450585e-005 2.47903139e-005 2.04192104e-005 
7.50000000e-001 4.82142857e+000 0.00000000e+000 9.69234885e-006 2.93540986e-005 3.10174390e-005 3.08882801e-005 2.99729975e-005 2.94262694e-005 2.91516493e-005 2.62985752e-005 2.18873931e-005 
7.50000000e-001 0.00000000e+000 0.00000000e+000 8.98800368e-006 2.96495841e-005 3.19080531e-005 3.18804806e-005 3.11023076e-005 3.05744806e-005 3.03048477e-005 2.74210622e-005 2.29034605e-005 
1.00000000e+000 3.50000000e+001 0.00000000e+000 5.29011192e-004 2.17424851e-004 1.21723050e-004 1.04709475e-004 7.64257674e-005 6.92954083e-005 6.64305466e-005 4.95822515e-005 3.42849932e-005 
1.00000000e+000 3.48214286e+001 0.00000000e+000 5.52075055e-004 2.18922253e-004 1.21814425e-004 1.04668156e-004 7.62474635e-005 6.91016447e-005 6.62328596e-005 4.93906913e-005 3.41317658e-005 
1.00000000e+000 3.42857143e+001 0.00000000e+000 4.70566213e-004 2.03262790e-004 1.15164263e-004 9.93237161e-005 7.28574026e-005 6.61534842e-005 6.34559417e-005 4.75270153e-005 3.29776797e-005 
1.00000000e+000 3.33928571e+001 0.00000000e+000 4.21494043e-004 1.89260419e-004 1.08382988e-004 9.36977489e-005 6.90548459e-005 6.27872003e-005 6.02619373e-005 4.52937242e-005 3.15427022e-005 
1.00000000e+000 3.21428571e+001 0.00000000e+000 3.38241585e-004 1.66440969e-004 9.75861488e-005 8.48076239e-005 6.31531367e-005 5.75926065e-005 5.53452686e-005 4.19060777e-005 2.93973275e-005 
1.00000000e+000 3.05357143e+001 0.00000000e+000 2.50905344e-004 1.38764549e-004 8.40997104e-005 7.36524073e-005 5.57046831e-005 5.10310881e-005 4.91333020e-005 3.76251996e-005 2.66915117e-005 
1.00000000e+000 2.85714286e+001 0.00000000e+000 1.59899468e-004 1.04547291e-004 6.69103055e-005 5.93810804e-005 4.61528224e-005 4.26217629e-005 4.11753682e-005 3.21668391e-005 2.32733543e-005 
1.00000000e+000 2.62500000e+001 0.00000000e+000 7.91010295e-005 6.68848066e-005 4.71594130e-005 4.28808219e-005 3.50351399e-005 3.28297696e-005 3.19092837e-005 2.58302535e-005 1.93416236e-005 
1.00000000e+000 2.35714286e+001 0.00000000e+000 4.50882030e-005 4.74435310e-005 3.62261350e-005 3.36033991e-005 2.86073382e-005 2.71301139e-005 2.65018037e-005 2.20891700e-005 1.70126633e-005 
1.00000000e+000 2.05357143e+001 0.00000000e+000 2.57576655e-005 3.45452985e-005 2.87912562e-005 2.72919137e-005 2.42757270e-005 2.33133041e-005 2.28924688e-005 1.96652354e-005 1.55906112e-005 
1.00000000e+000 1.71428571e+001 0.00000000e+000 1.45875103e-005 2.60392797e-005 2.39692392e-005 2.32634900e-005 2.16752468e-005 2.10881752e-005 2.08188493e-005 1.84444815e-005 1.50696268e-005 
1.00000000e+000 1.33928571e+001 0.00000000e+000 8.21504040e-006 2.03515352e-005 2.09256281e-005 2.08281253e-005 2.03531154e-005 2.00581761e-005 1.99063013e-005 1.81694196e-005 1.52821985e-005 
1.00000000e+000 9.28571429e+000 0.00000000e+000 4.79635272e-006 1.70101057e-005 1.94634529e-005 1.98136709e-005 2.01643916e-005 2.00843437e-005 2.00183839e-005 1.87230222e-005 1.61374180e-005 
1.00000000e+000 4.82142857e+000 0.00000000e+000 3.09521656e-006 1.50754584e-005 1.87222090e-005 1.93742353e-005 2.02948313e-005 2.03644729e-005 2.03583548e-005 1.93627934e-005 1.69681961e-005 
1.00000000e+000 0.00000000e+000 0.00000000e+000 2.62589900e-006 1.47128803e-005 1.88535796e-005 1.96270236e-005 2.07696104e-005 2.08937881e-005 2.09087925e-005 2.00003937e-005 1.76309743e-005 
1.25000000e+000 3.50000000e+001 0.00000000e+000 7.53589004e-004 2.53126982e-004 1.34620801e-004 1.14531828e-004 8.18640775e-005 7.37997869e-005 7.05807854e-005 5.19636369e-005 3.54603983e-005 
1.25000000e+000 3.48214286e+001 0.00000000e+000 8.19048143e-004 2.56992377e-004 1.35257333e-004 1.14857221e-004 8.18392646e-005 7.37223593e-005 7.04863010e-005 5.18192901e-005 3.53262033e-005 
1.25000000e+000 3.42857143e+001 0.00000000e+000 6.45470305e-004 2.33216282e-004 1.26177990e-004 1.07734724e-004 7.75257746e-005 7.00185551e-005 6.70158084e-005 4.95585677e-005 3.39657924e-005 
1.25000000e+000 3.33928571e+001 0.00000000e+000 5.64334546e-004 2.14538858e-004 1.17754808e-004 1.00857122e-004 7.30144912e-005 6.60571520e-005 6.32696421e-005 4.69889229e-005 3.23459425e-005 
1.25000000e+000 3.21428571e+001 0.00000000e+000 4.22707336e-004 1.83669255e-004 1.04145896e-004 8.98273554e-005 6.59078904e-005 5.98525979e-005 5.74165627e-005 4.30322559e-005 2.98869462e-005 
1.25000000e+000 3.05357143e+001 0.00000000e+000 2.88417881e-004 1.47801788e-004 8.75587897e-005 7.62666746e-005 5.70503825e-005 5.20962364e-005 5.00913516e-005 3.80546880e-005 2.67849886e-005 
1.25000000e+000 2.85714286e+001 0.00000000e+000 1.64949870e-004 1.05549875e-004 6.69287674e-005 5.92460865e-005 4.57900864e-005 4.22133292e-005 4.07506596e-005 3.16935871e-005 2.28308574e-005 
1.25000000e+000 2.62500000e+001 0.00000000e+000 7.08092362e-005 6.18114726e-005 4.39810750e-005 4.00664309e-005 3.28460550e-005 3.08053651e-005 2.99522845e-005 2.42964528e-005 1.82365047e-005 
1.25000000e+000 2.35714286e+001 0.00000000e+000 3.56473343e-005 4.06989407e-005 3.18606361e-005 2.97197319e-005 2.55764378e-005 2.43301354e-005 2.37971073e-005 1.99879186e-005 1.55238153e-005 
1.25000000e+000 2.05357143e+001 0.00000000e+000 1.77231314e-005 2.72942207e-005 2.37356573e-005 2.27205003e-005 2.06061676e-005 1.99012846e-005 1.95885281e-005 1.70707767e-005 1.37446267e-005 
1.25000000e+000 1.71428571e+001 0.00000000e+000 8.55196811e-006 1.86627132e-005 1.83142554e-005 1.80466551e-005 1.73398710e-005 1.70235428e-005 1.68703289e-005 1.52941270e-005 1.28020239e-005 
1.25000000e+000 1.33928571e+001 0.00000000e+000 4.01688335e-006 1.30518916e-005 1.46964328e-005 1.49543662e-005 1.52879724e-005 1.52677392e-005 1.52369198e-005 1.43790130e-005 1.25146081e-005 
1.25000000e+000 9.28571429e+000 0.00000000e+000 1.90959065e-006 9.69321593e-006 1.25699278e-005 1.31914325e-005 1.42786792e-005 1.44786997e-005 1.45394634e-005 1.42113364e-005 1.27989255e-005 
1.25000000e+000 4.82142857e+000 0.00000000e+000 1.00456427e-006 7.79255880e-006 1.13441939e-005 1.21923000e-005 1.37736874e-005 1.41225418e-005 1.42456027e-005 1.42768099e-005 1.31677873e-005 
1.25000000e+000 0.00000000e+000 0.00000000e+000 7.67173949e-007 7.30091244e-006 1.11400599e-005 1.20832620e-005 1.38696084e-005 1.42782632e-005 1.44259990e-005 1.45879037e-005 1.35722412e-005 
1.50000000e+000 3.50000000e+001 0.00000000e+000 1.12127992e-003 2.99337612e-004 1.50376276e-004 1.26407582e-004 8.83506897e-005 7.91641767e-005 7.55222046e-005 5.48115017e-005 3.68923401e-005 
1.50000000e+000 3.48214286e+001 0.00000000e+000 1.29485421e-003 3.07444191e-004 1.51883217e-004 1.27303817e-004 8.85543175e-005 7.92580500e-005 7.55790651e-005 5.47351373e-005 3.67853725e-005 
1.50000000e+000 3.42857143e+001 0.00000000e+000 9.19716803e-004 2.71207540e-004 1.39472158e-004 1.17806857e-004 8.30718595e-005 7.46122934e-005 7.12495301e-005 5.20008906e-005 3.51880190e-005 
1.50000000e+000 3.33928571e+001 0.00000000e+000 7.86044674e-004 2.46241481e-004 1.28991973e-004 1.09389491e-004 7.77217199e-005 6.99547108e-005 6.68606470e-005 4.90515058e-005 3.33661784e-005 
1.50000000e+000 3.21428571e+001 0.00000000e+000 5.42869348e-004 2.04504334e-004 1.11883792e-004 9.57496105e-005 6.92041018e-005 6.25815824e-005 5.99295729e-005 4.44593685e-005 3.05676767e-005 
1.50000000e+000 3.05357143e+001 0.00000000e+000 3.36199742e-004 1.58328333e-004 9.16491015e-005 7.94060842e-005 5.87719496e-005 5.35035990e-005 5.13783083e-005 3.87340952e-005 2.70515780e-005 
1.50000000e+000 2.85714286e+001 0.00000000e+000 1.70640702e-004 1.06989007e-004 6.73061953e-005 5.94531972e-005 4.57330018e-005 4.20974267e-005 4.06124967e-005 3.14588294e-005 2.25638983e-005 
1.50000000e+000 2.62500000e+001 0.00000000e+000 6.37570757e-005 5.75283642e-005 4.13555251e-005 3.77577823e-005 3.10751269e-005 2.91730158e-005 2.83761393e-005 2.30655358e-005 1.73456067e-005 
1.50000000e+000 2.35714286e+001 0.00000000e+000 2.83772240e-005 3.52199972e-005 2.83047821e-005 2.65585777e-005 2.31125615e-005 2.20536639e-005 2.15976852e-005 1.82733926e-005 1.42981798e-005 
1.50000000e+000 2.05357143e+001 0.00000000e+000 1.22848384e-005 2.17896158e-005 1.97999635e-005 1.91427226e-005 1.77004130e-005 1.71886054e-005 1.69570273e-005 1.49780277e-005 1.22300365e-005 
1.50000000e+000 1.71428571e+001 0.00000000e+000 5.06203316e-006 1.35519301e-005 1.41843217e-005 1.41875927e-005 1.40433560e-005 1.39060547e-005 1.38305736e-005 1.28107787e-005 1.09658084e-005 
1.50000000e+000 1.33928571e+001 0.00000000e+000 1.99149240e-006 8.50176455e-006 1.04642830e-005 1.08767346e-005 1.16087398e-005 1.17401813e-005 1.17785354e-005 1.14711670e-005 1.03115360e-005 
1.50000000e+000 9.28571429e+000 0.00000000e+000 7.74976590e-007 5.60247853e-006 8.20126940e-006 8.86326360e-006 1.01818502e-005 1.05043828e-005 1.06249492e-005 1.08375358e-005 1.01856302e-005 
1.50000000e+000 4.82142857e+000 0.00000000e+000 3.30607679e-007 4.05258556e-006 6.89912430e-006 7.69716111e-006 9.36915022e-006 9.81374004e-006 9.98756299e-006 1.05417213e-005 1.02286931e-005 
1.50000000e+000 0.00000000e+000 0.00000000e+000 2.24135541e-007 3.62290478e-006 6.58235688e-006 7.43899222e-006 9.26190167e-006 9.75739046e-006 9.95320471e-006 1.06401389e-005 1.04478486e-005 
1.75000000e+000 3.50000000e+001 0.00000000e+000 1.73961983e-003 3.59348699e-004 1.69492917e-004 1.40620580e-004 9.59408541e-005 8.54110236e-005 8.12665631e-005 5.81022771e-005 3.85532869e-005 
1.75000000e+000 3.48214286e+001 0.00000000e+000 2.18307844e-003 3.74920698e-004 1.72365920e-004 1.42389596e-004 9.64770561e-005 8.57511014e-005 8.15398291e-005 5.81204947e-005 3.84833916e-005 
1.75000000e+000 3.42857143e+001 0.00000000e+000 1.36027927e-003 3.19474912e-004 1.55372656e-004 1.29712633e-004 8.95092775e-005 7.99262625e-005 7.61416668e-005 5.48182495e-005 3.66119186e-005 
1.75000000e+000 3.33928571e+001 0.00000000e+000 1.14061806e-003 2.86090082e-004 1.42318970e-004 1.19400907e-004 8.31624477e-005 7.44501094e-005 7.10004173e-005 5.14362534e-005 3.45666717e-005 
1.75000000e+000 3.21428571e+001 0.00000000e+000 7.17675473e-004 2.29629677e-004 1.20839303e-004 1.02562262e-004 7.29811625e-005 6.57145775e-005 6.28184587e-005 4.61272121e-005 3.13961623e-005 
1.75000000e+000 3.05357143e+001 0.00000000e+000 3.97801059e-004 1.70412206e-004 9.62849978e-005 8.29750925e-005 6.07720953e-005 5.51593269e-005 5.29022251e-005 3.95892700e-005 2.74410034e-005 
1.75000000e+000 2.85714286e+001 0.00000000e+000 1.76893569e-004 1.08697728e-004 6.78907937e-005 5.98577315e-005 4.58566246e-005 4.21567668e-005 4.06470730e-005 3.13745565e-005 2.24142833e-005 
1.75000000e+000 2.62500000e+001 0.00000000e+000 5.76349343e-005 5.37809741e-005 3.90852766e-005 3.57720669e-005 2.95722089e-005 2.77935451e-005 2.70464863e-005 2.20364382e-005 1.66037405e-005 
1.75000000e+000 2.35714286e+001 0.00000000e+000 2.26939880e-005 3.06454337e-005 2.53054980e-005 2.38908645e-005 2.10354655e-005 2.01356196e-005 1.97449620e-005 1.68297447e-005 1.32631632e-005 
1.75000000e+000 2.05357143e+001 0.00000000e+000 8.55661945e-006 1.75057184e-005 1.66425202e-005 1.62558634e-005 1.53309410e-005 1.49697476e-005 1.48016940e-005 1.32485218e-005 1.09630756e-005 
1.75000000e+000 1.71428571e+001 0.00000000e+000 3.01484377e-006 9.92279502e-006 1.10885726e-005 1.12593208e-005 1.14791011e-005 1.14628396e-005 1.14406404e-005 1.08186897e-005 9.45874806e-006 
1.75000000e+000 1.33928571e+001 0.00000000e+000 9.96056773e-007 5.59834146e-006 7.52942874e-006 7.99140451e-006 8.89417777e-006 9.10473841e-006 9.18103700e-006 9.21564542e-006 8.54347312e-006 
1.75000000e+000 9.28571429e+000 0.00000000e+000 3.18690115e-007 3.27533798e-006 5.39837225e-006 6.00325132e-006 7.30660528e-006 7.66551582e-006 7.80805946e-006 8.30097741e-006 8.13212217e-006 
1.75000000e+000 4.82142857e+000 0.00000000e+000 1.10097484e-007 2.11958355e-006 4.21066374e-006 4.87425617e-006 6.38716995e-006 6.83307729e-006 7.01550244e-006 7.79467091e-006 7.95338262e-006 
1.75000000e+000 0.00000000e+000 0.00000000e+000 6.54830138e-008 1.79778206e-006 3.88933649e-006 4.57977542e-006 6.18495075e-006 6.66794618e-006 6.86720599e-006 7.76071582e-006 8.04270653e-006 
2.00000000e+000 3.50000000e+001 0.00000000e+000 2.80818107e-003 4.37779314e-004 1.92681396e-004 1.57592150e-004 1.04756380e-004 9.26177388e-005 8.78764044e-005 6.18430984e-005 4.04322659e-005 
2.00000000e+000 3.48214286e+001 0.00000000e+000 3.91522749e-003 4.66314688e-004 1.97671120e-004 1.60678447e-004 1.05769864e-004 9.33063354e-005 8.84542968e-005 6.19903471e-005 4.04115232e-005 
2.00000000e+000 3.42857143e+001 0.00000000e+000 2.08594163e-003 3.81119790e-004 1.74361072e-004 1.43733834e-004 9.69109500e-005 8.60023711e-005 8.17237832e-005 5.80047258e-005 3.82215884e-005 
2.00000000e+000 3.33928571e+001 0.00000000e+000 1.72508212e-003 3.36507317e-004 1.58096427e-004 1.31096162e-004 8.93797364e-005 7.95628241e-005 7.57006493e-005 5.41280225e-005 3.59276160e-005 
2.00000000e+000 3.21428571e+001 0.00000000e+000 9.78035618e-004 2.60024428e-004 1.31143416e-004 1.10328141e-004 7.72304851e-005 6.92329949e-005 6.60614708e-005 4.80057691e-005 3.23464925e-005 
2.00000000e+000 3.05357143e+001 0.00000000e+000 4.78381219e-004 1.84238447e-004 1.01454191e-004 8.69446636e-005 6.30055700e-005 5.70168851e-005 5.46164196e-005 4.05778772e-005 2.79216095e-005 
2.00000000e+000 2.85714286e+001 0.00000000e+000 1.83696771e-004 1.10600205e-004 6.86086578e-005 6.03872854e-005 4.60937621e-005 4.23266897e-005 4.07909648e-005 3.13882270e-005 2.23445586e-005 
2.00000000e+000 2.62500000e+001 0.00000000e+000 5.22512507e-005 5.04330851e-005 3.70656793e-005 3.40111199e-005 2.82526042e-005 2.65868884e-005 2.58853446e-005 2.11469532e-005 1.59679802e-005 
2.00000000e+000 2.35714286e+001 0.00000000e+000 1.82093591e-005 2.67647547e-005 2.27199652e-005 2.15863680e-005 1.92387237e-005 1.84769054e-005 1.81430211e-005 1.55831908e-005 1.23696321e-005 
2.00000000e+000 2.05357143e+001 0.00000000e+000 5.98073331e-006 1.41233045e-005 1.40596143e-005 1.38781537e-005 1.33565177e-005 1.31152901e-005 1.29981127e-005 1.17904378e-005 9.88513609e-006 
2.00000000e+000 1.71428571e+001 0.00000000e+000 1.80348737e-006 7.30595406e-006 8.72512714e-006 8.99567289e-006 9.44831778e-006 9.51439654e-006 9.52908812e-006 9.19645970e-006 8.20669947e-006 
2.00000000e+000 1.33928571e+001 0.00000000e+000 5.01225440e-007 3.71494225e-006 5.46116978e-006 5.91794686e-006 6.86439586e-006 7.11085194e-006 7.20609638e-006 7.44850070e-006 7.11364420e-006 
2.00000000e+000 9.28571429e+000 0.00000000e+000 1.32287161e-007 1.93245646e-006 3.58036156e-006 4.09465985e-006 5.27322432e-006 5.62349203e-006 5.76736934e-006 6.38403722e-006 6.51246867e-006 
2.00000000e+000 4.82142857e+000 0.00000000e+000 3.70293586e-008 1.11443152e-006 2.57852560e-006 3.09573827e-006 4.36360954e-006 4.76688263e-006 4.93692851e-006 5.77135280e-006 6.19015637e-006 
2.00000000e+000 0.00000000e+000 0.00000000e+000 1.91314391e-008 8.92108147e-007 2.29810466e-006 2.81951509e-006 4.13021290e-006 4.55670160e-006 4.73802457e-006 5.66052003e-006 6.19123974e-006 
2.25000000e+000 3.50000000e+001 0.00000000e+000 4.70408465e-003 5.41068580e-004 2.20874020e-004 1.77876679e-004 1.14970776e-004 1.00902210e-004 9.54509548e-005 6.60617667e-005 4.25294387e-005 
2.25000000e+000 3.48214286e+001 0.00000000e+000 7.42505678e-003 5.91870215e-004 2.29110136e-004 1.82930920e-004 1.16661943e-004 1.02078749e-004 9.64528768e-005 6.63827725e-005 4.25728119e-005 
2.25000000e+000 3.42857143e+001 0.00000000e+000 3.31089585e-003 4.60377719e-004 1.97070689e-004 1.60247394e-004 1.05391592e-004 9.29165554e-005 8.80587780e-005 6.15735514e-005 4.00120028e-005 
2.25000000e+000 3.33928571e+001 0.00000000e+000 2.71668353e-003 4.00829378e-004 1.76810419e-004 1.44760631e-004 9.64546912e-005 8.53440142e-005 8.10024818e-005 5.71304976e-005 3.74402088e-005 
2.25000000e+000 3.21428571e+001 0.00000000e+000 1.37497914e-003 2.96996470e-004 1.42991315e-004 1.19157615e-004 8.19733646e-005 7.31448366e-005 6.96621797e-005 5.00830198e-005 3.34038670e-005 
2.25000000e+000 3.05357143e+001 0.00000000e+000 5.85426842e-004 2.00073961e-004 1.07181415e-004 9.13190115e-005 6.54543193e-005 5.90550562e-005 5.64986942e-005 4.16760848e-005 2.84734858e-005 
2.25000000e+000 2.85714286e+001 0.00000000e+000 1.91070614e-004 1.12658792e-004 6.94212424e-005 6.10034609e-005 4.64069405e-005 4.25704322e-005 4.10077969e-005 3.14679039e-005 2.23303643e-005 
2.25000000e+000 2.62500000e+001 0.00000000e+000 4.74751438e-005 4.74019013e-005 3.52361582e-005 3.24181899e-005 2.70663145e-005 2.55051881e-005 2.48458181e-005 2.03579448e-005 1.54097037e-005 
2.25000000e+000 2.35714286e+001 0.00000000e+000 1.46477981e-005 2.34395318e-005 2.04599268e-005 1.95651440e-005 1.76563957e-005 1.70155589e-005 1.67316074e-005 1.44856247e-005 1.15838840e-005 
2.25000000e+000 2.05357143e+001 0.00000000e+000 4.19149857e-006 1.14286561e-005 1.19197204e-005 1.18926574e-005 1.16853918e-005 1.15404848e-005 1.14644841e-005 1.05414481e-005 8.95464541e-006 
2.25000000e+000 1.71428571e+001 0.00000000e+000 1.08246592e-006 5.40034555e-006 6.89753299e-006 7.22224771e-006 7.81756051e-006 7.93899443e-006 7.97910252e-006 7.85858821e-006 7.15523740e-006 
2.25000000e+000 1.33928571e+001 0.00000000e+000 2.53364414e-007 2.47898299e-006 3.98534578e-006 4.40949120e-006 5.32947240e-006 5.58601064e-006 5.68858485e-006 6.05152623e-006 5.94914079e-006 
2.25000000e+000 9.28571429e+000 0.00000000e+000 5.52918452e-008 1.14854084e-006 2.38991988e-006 2.80980201e-006 3.82510618e-006 4.14512318e-006 4.27975212e-006 4.92826905e-006 5.23041459e-006 
2.25000000e+000 4.82142857e+000 0.00000000e+000 1.25575497e-008 5.88787391e-007 1.58409648e-006 1.97169966e-006 2.98731781e-006 3.33168234e-006 3.48041067e-006 4.27895612e-006 4.82239217e-006 
2.25000000e+000 0.00000000e+000 0.00000000e+000 5.58943190e-009 4.42688572e-007 1.35788904e-006 1.73582056e-006 2.75809199e-006 3.11393250e-006 3.26899788e-006 4.12867743e-006 4.76598936e-006 
2.50000000e+000 3.50000000e+001 0.00000000e+000 8.15117131e-003 6.78226048e-004 2.55270181e-004 2.02178735e-004 1.26805840e-004 1.10417784e-004 1.04120736e-004 7.08015470e-005 4.48528341e-005 
2.50000000e+000 3.48214286e+001 0.00000000e+000 1.47660767e-002 7.66936517e-004 2.68443148e-004 2.10148264e-004 1.29451022e-004 1.12271538e-004 1.05707729e-004 7.13543120e-005 4.49789173e-005 
2.50000000e+000 3.42857143e+001 0.00000000e+000 5.42706668e-003 5.63038567e-004 2.24308044e-004 1.79730533e-004 1.15101457e-004 1.00771899e-004 9.52339366e-005 6.55513651e-005 4.19855604e-005 
2.50000000e+000 3.33928571e+001 0.00000000e+000 4.44379781e-003 4.83648033e-004 1.99086731e-004 1.60761384e-004 1.04498914e-004 9.18686928e-005 8.69687106e-005 6.04600472e-005 3.91030169e-005 
2.50000000e+000 3.21428571e+001 0.00000000e+000 1.99371357e-003 3.42266715e-004 1.56636561e-004 1.29199295e-004 8.72506478e-005 7.74749377e-005 7.36400326e-005 5.23581058e-005 3.45606749e-005 
2.50000000e+000 3.05357143e+001 0.00000000e+000 7.29857733e-004 2.18263257e-004 1.13513852e-004 9.61212462e-005 6.81152668e-005 6.12667168e-005 5.85405702e-005 4.28710096e-005 2.90841924e-005 
2.50000000e+000 2.85714286e+001 0.00000000e+000 1.99054664e-004 1.14853947e-004 7.03071183e-005 6.16846886e-005 4.67744179e-005 4.28663668e-005 4.12760309e-005 3.15937757e-005 2.23556673e-005 
2.50000000e+000 2.62500000e+001 0.00000000e+000 4.32110704e-005 4.46320841e-005 3.35585716e-005 3.09579284e-005 2.59823059e-005 2.45185797e-005 2.38985490e-005 1.96441645e-005 1.49095507e-005 
2.50000000e+000 2.35714286e+001 0.00000000e+000 1.18061722e-005 2.05707176e-005 1.84660754e-005 1.77742527e-005 1.62454171e-005 1.57110355e-005 1.54712251e-005 1.35048264e-005 1.08824427e-005 
2.50000000e+000 2.05357143e+001 0.00000000e+000 2.94380930e-006 9.26910953e-006 1.01317662e-005 1.02191133e-005 1.02550535e-005 1.01874670e-005 1.01448661e-005 9.45812719e-006 8.14165334e-006 
2.50000000e+000 1.71428571e+001 0.00000000e+000 6.51435858e-007 4.00342250e-006 5.47153941e-006 5.81945698e-006 6.49408994e-006 6.65148204e-006 6.70871377e-006 6.74360682e-006 6.26388617e-006 
2.50000000e+000 1.33928571e+001 0.00000000e+000 1.28526706e-007 1.66116340e-006 2.92212605e-006 3.30140660e-006 4.15785859e-006 4.40922506e-006 4.51205889e-006 4.93840515e-006 4.99456812e-006 
2.50000000e+000 9.28571429e+000 0.00000000e+000 2.32321295e-008 6.86654513e-007 1.60400788e-006 1.93817876e-006 2.78721559e-006 3.06846481e-006 3.18907298e-006 3.81763851e-006 4.21209547e-006 
2.50000000e+000 4.82142857e+000 0.00000000e+000 4.28795837e-009 3.12454874e-007 9.76122634e-007 1.25915336e-006 2.04919191e-006 2.33279767e-006 2.45784957e-006 3.17661365e-006 3.76034152e-006 
2.50000000e+000 0.00000000e+000 0.00000000e+000 1.63300963e-009 2.19674404e-007 8.02340943e-007 1.06864978e-006 1.84181145e-006 2.12798175e-006 2.25544408e-006 3.01138057e-006 3.66883824e-006 
0.00000000e+000 3.50000000e+001 1.00000000e+001 2.11235697e-004 1.44166628e-004 9.13889846e-005 8.06029351e-005 6.14989533e-005 5.64069999e-005 5.43279938e-005 4.16238770e-005 2.94935367e-005 
0.00000000e+000 3.48214286e+001 1.00000000e+001 2.09607500e-004 1.43099136e-004 9.07449121e-005 8.00436718e-005 6.10876899e-005 5.60342920e-005 5.39708510e-005 4.13579881e-005 2.93082066e-005 
0.00000000e+000 3.42857143e+001 1.00000000e+001 2.04472839e-004 1.39746617e-004 8.87085042e-005 7.82705470e-005 5.97762011e-005 5.48437688e-005 5.28292685e-005 4.05048142e-005 2.87115682e-005 
0.00000000e+000 3.33928571e+001 1.00000000e+001 1.96604565e-004 1.34575896e-004 8.55282974e-005 7.54942302e-005 5.77152811e-005 5.29718648e-005 5.10339893e-005 3.91624018e-005 2.77727757e-005 
0.00000000e+000 3.21428571e+001 1.00000000e+001 1.86908615e-004 1.28135370e-004 8.15468619e-005 7.20176569e-005 5.51395177e-005 5.06350185e-005 4.87940115e-005 3.74934288e-005 2.66091456e-005 
0.00000000e+000 3.05357143e+001 1.00000000e+001 1.75928883e-004 1.20836217e-004 7.70323161e-005 6.80813500e-005 5.22395435e-005 4.80097396e-005 4.62799396e-005 3.56305191e-005 2.53150050e-005 
0.00000000e+000 2.85714286e+001 1.00000000e+001 1.64441211e-004 1.13232506e-004 7.23872097e-005 6.40548361e-005 4.93165689e-005 4.53762225e-005 4.37630252e-005 3.37858587e-005 2.40416783e-005 
0.00000000e+000 2.62500000e+001 1.00000000e+001 1.53533261e-004 1.06076365e-004 6.81430535e-005 6.04099298e-005 4.67307221e-005 4.30639246e-005 4.15601084e-005 3.21989540e-005 2.29561742e-005 
0.00000000e+000 2.35714286e+001 1.00000000e+001 1.45230837e-004 1.00553616e-004 6.49205041e-005 5.76792799e-005 4.48796151e-005 4.14364747e-005 4.00209798e-005 3.11355300e-005 2.22460456e-005 
0.00000000e+000 2.05357143e+001 1.00000000e+001 1.40667230e-004 9.74663381e-005 6.33692098e-005 5.64696020e-005 4.42548493e-005 4.09460402e-005 3.95809523e-005 3.09242379e-005 2.21412435e-005 
0.00000000e+000 1.71428571e+001 1.00000000e+001 1.44022253e-004 9.95369454e-005 6.51248951e-005 5.81735480e-005 4.58218653e-005 4.24509670e-005 4.10560624e-005 3.21486117e-005 2.30421499e-005 
0.00000000e+000 1.33928571e+001 1.00000000e+001 1.56368726e-004 1.07562398e-004 7.06027149e-005 6.31281329e-005 4.97822159e-005 4.61202658e-005 4.46028575e-005 3.49045683e-005 2.50095132e-005 
0.00000000e+000 9.28571429e+000 1.00000000e+001 1.78073862e-004 1.21616055e-004 7.95721447e-005 7.10514486e-005 5.58093069e-005 5.16315030e-005 4.99027886e-005 3.89240088e-005 2.78514081e-005 
0.00000000e+000 4.82142857e+000 1.00000000e+001 1.96584813e-004 1.33643300e-004 8.71645322e-005 7.77240031e-005 6.08240251e-005 5.62009858e-005 5.42908904e-005 4.22286536e-005 3.01806502e-005 
0.00000000e+000 0.00000000e+000 1.00000000e+001 2.11175481e-004 1.43373054e-004 9.33070438e-005 8.31184612e-005 6.48730036e-005 5.98898058e-005 5.78331442e-005 4.48966275e-005 3.20618181e-005 
2.50000000e-001 3.50000000e+001 1.00000000e+001 2.13861481e-004 1.39415098e-004 8.78165850e-005 7.74044553e-005 5.90639086e-005 5.41960191e-005 5.22105531e-005 4.00851603e-005 2.84981111e-005 
2.50000000e-001 3.48214286e+001 1.00000000e+001 2.13261379e-004 1.38602015e-004 8.72719095e-005 7.69212914e-005 5.86942545e-005 5.38574644e-005 5.18847469e-005 3.98368867e-005 2.83217228e-005 
2.50000000e-001 3.42857143e+001 1.00000000e+001 2.02361557e-004 1.33271067e-004 8.43206562e-005 7.44078830e-005 5.69157813e-005 5.22635866e-005 5.03646003e-005 3.87374270e-005 2.75803950e-005 
2.50000000e-001 3.33928571e+001 1.00000000e+001 1.90312715e-004 1.26482587e-004 8.03512764e-005 7.09834866e-005 5.44325906e-005 5.00233077e-005 4.82221381e-005 3.71636636e-005 2.65030583e-005 
2.50000000e-001 3.21428571e+001 1.00000000e+001 1.72578816e-004 1.16919660e-004 7.48486657e-005 6.62596546e-005 5.10481489e-005 4.69822904e-005 4.53190341e-005 3.50549544e-005 2.50771004e-005 
2.50000000e-001 3.05357143e+001 1.00000000e+001 1.50760084e-004 1.05221598e-004 6.81650934e-005 6.05402669e-005 4.69859297e-005 4.33433804e-005 4.18497900e-005 3.25562968e-005 2.34025289e-005 
2.50000000e-001 2.85714286e+001 1.00000000e+001 1.22141605e-004 9.03669214e-005 5.99144632e-005 5.35452287e-005 4.21232457e-005 3.90172358e-005 3.77375220e-005 2.96485643e-005 2.14922267e-005 
2.50000000e-001 2.62500000e+001 1.00000000e+001 8.86239547e-005 7.35241206e-005 5.08725939e-005 4.59565825e-005 3.69702032e-005 3.44674897e-005 3.34268631e-005 2.66621023e-005 1.95720428e-005 
2.50000000e-001 2.35714286e+001 1.00000000e+001 7.07746966e-005 6.35732711e-005 4.53500913e-005 4.13030576e-005 3.38139519e-005 3.16875365e-005 3.07961436e-005 2.48528141e-005 1.84100673e-005 
2.50000000e-001 2.05357143e+001 1.00000000e+001 5.92393300e-005 5.70788257e-005 4.19190917e-005 3.84895119e-005 3.20531808e-005 3.01826085e-005 2.93910098e-005 2.39680560e-005 1.78927882e-005 
2.50000000e-001 1.71428571e+001 1.00000000e+001 5.33760581e-005 5.47372239e-005 4.12471012e-005 3.81270122e-005 3.21699156e-005 3.03971781e-005 2.96405786e-005 2.43449619e-005 1.82762165e-005 
2.50000000e-001 1.33928571e+001 1.00000000e+001 5.22767525e-005 5.64309542e-005 4.33008897e-005 4.01906274e-005 3.41476051e-005 3.23161116e-005 3.15303381e-005 2.59746020e-005 1.95609802e-005 
2.50000000e-001 9.28571429e+000 1.00000000e+001 5.49243875e-005 6.16010202e-005 4.76448894e-005 4.42642355e-005 3.76188206e-005 3.55917061e-005 3.47216501e-005 2.85864117e-005 2.15551815e-005 
2.50000000e-001 4.82142857e+000 1.00000000e+001 5.75222676e-005 6.61907431e-005 5.13977722e-005 4.77545596e-005 4.05425526e-005 3.83379166e-005 3.73922707e-005 3.07519168e-005 2.32001312e-005 
2.50000000e-001 0.00000000e+000 1.00000000e+001 6.06101152e-005 7.04267366e-005 5.47102179e-005 5.08085952e-005 4.30630857e-005 4.06966048e-005 3.96825822e-005 3.25927924e-005 2.45846215e-005 
5.00000000e-001 3.50000000e+001 1.00000000e+001 2.65342112e-004 1.49695781e-004 9.07131206e-005 7.93096352e-005 5.96403998e-005 5.45229776e-005 5.24485604e-005 3.99620782e-005 2.82486055e-005 
5.00000000e-001 3.48214286e+001 1.00000000e+001 2.68349938e-004 1.49528550e-004 9.03985145e-005 7.89995450e-005 5.93629530e-005 5.42597468e-005 5.21917512e-005 3.97522750e-005 2.80913974e-005 
5.00000000e-001 3.42857143e+001 1.00000000e+001 2.45191076e-004 1.41443411e-004 8.63321275e-005 7.56101119e-005 5.70616051e-005 5.22207803e-005 5.02563152e-005 3.83909987e-005 2.72000918e-005 
5.00000000e-001 3.33928571e+001 1.00000000e+001 2.26492338e-004 1.32893096e-004 8.15873387e-005 7.15615408e-005 5.41845907e-005 4.96393010e-005 4.77930908e-005 3.66057075e-005 2.59964615e-005 
5.00000000e-001 3.21428571e+001 1.00000000e+001 1.96700398e-004 1.19976968e-004 7.45876684e-005 6.56307164e-005 5.00386348e-005 4.59391021e-005 4.42705820e-005 3.40900032e-005 2.43283562e-005 
5.00000000e-001 3.05357143e+001 1.00000000e+001 1.61767163e-004 1.04102473e-004 6.59470086e-005 5.83155437e-005 4.49469324e-005 4.14034515e-005 3.99565336e-005 3.10281287e-005 2.23143753e-005 
5.00000000e-001 2.85714286e+001 1.00000000e+001 1.17377921e-004 8.32002746e-005 5.47019081e-005 4.88496946e-005 3.84552118e-005 3.56502724e-005 3.44968233e-005 2.72109431e-005 1.98500572e-005 
5.00000000e-001 2.62500000e+001 1.00000000e+001 6.76116281e-005 5.86418850e-005 4.16586393e-005 3.79328576e-005 3.10817648e-005 2.91511226e-005 2.83441006e-005 2.29785532e-005 1.71727040e-005 
5.00000000e-001 2.35714286e+001 1.00000000e+001 4.55943938e-005 4.57874282e-005 3.44251220e-005 3.18073831e-005 2.68700788e-005 2.54250035e-005 2.48116597e-005 2.05311855e-005 1.56114396e-005 
5.00000000e-001 2.05357143e+001 1.00000000e+001 3.24337389e-005 3.74494434e-005 2.97438717e-005 2.78790375e-005 2.42531243e-005 2.31389459e-005 2.26569548e-005 1.90976353e-005 1.47431731e-005 
5.00000000e-001 1.71428571e+001 1.00000000e+001 2.46445813e-005 3.28684657e-005 2.75346790e-005 2.61451769e-005 2.33203706e-005 2.23979657e-005 2.19904117e-005 1.88068743e-005 1.46987807e-005 
5.00000000e-001 1.33928571e+001 1.00000000e+001 2.03771581e-005 3.13368700e-005 2.74496338e-005 2.63212915e-005 2.38910111e-005 2.30461070e-005 2.26658490e-005 1.95660711e-005 1.54289387e-005 
5.00000000e-001 9.28571429e+000 1.00000000e+001 1.83433426e-005 3.20727215e-005 2.89802441e-005 2.79480635e-005 2.55946148e-005 2.47389418e-005 2.43498560e-005 2.11144069e-005 1.67480398e-005 
5.00000000e-001 4.82142857e+000 1.00000000e+001 1.72150495e-005 3.30276133e-005 3.04351542e-005 2.94460986e-005 2.70909069e-005 2.62101839e-005 2.58075134e-005 2.24282119e-005 1.78527258e-005 
5.00000000e-001 0.00000000e+000 1.00000000e+001 1.73981542e-005 3.45960111e-005 3.20798979e-005 3.10588852e-005 2.85859468e-005 2.76547073e-005 2.72287928e-005 2.36610115e-005 1.88513122e-005 
7.50000000e-001 3.50000000e+001 1.00000000e+001 3.61968974e-004 1.68909815e-004 9.73815762e-005 8.42216973e-005 6.20611382e-005 5.64283369e-005 5.41617349e-005 4.07681866e-005 2.85164894e-005 
7.50000000e-001 3.48214286e+001 1.00000000e+001 3.75366861e-004 1.69981661e-004 9.74594959e-005 8.41998487e-005 6.19310125e-005 5.62842621e-005 5.40136520e-005 4.06178219e-005 2.83884005e-005 
7.50000000e-001 3.42857143e+001 1.00000000e+001 3.23069555e-004 1.57510539e-004 9.18563919e-005 7.96450759e-005 5.89815396e-005 5.37045103e-005 5.15777828e-005 3.89554867e-005 2.73317830e-005 
7.50000000e-001 3.33928571e+001 1.00000000e+001 2.91146464e-004 1.46485454e-004 8.61677894e-005 7.48630645e-005 5.56724970e-005 5.07556451e-005 4.87717748e-005 3.69531706e-005 2.60027660e-005 
7.50000000e-001 3.21428571e+001 1.00000000e+001 2.38658400e-004 1.29071613e-004 7.74022023e-005 6.75513701e-005 5.07051176e-005 4.63555713e-005 4.45958133e-005 3.40226098e-005 2.40945116e-005 
7.50000000e-001 3.05357143e+001 1.00000000e+001 1.82835824e-004 1.08219268e-004 6.66599987e-005 5.85627882e-005 4.45801562e-005 4.09299543e-005 3.94470682e-005 3.04168211e-005 2.17579751e-005 
7.50000000e-001 2.85714286e+001 1.00000000e+001 1.19113490e-004 8.12030461e-005 5.25593076e-005 4.67684543e-005 3.65829922e-005 3.38636759e-005 3.27494624e-005 2.57695667e-005 1.87886196e-005 
7.50000000e-001 2.62500000e+001 1.00000000e+001 5.59557723e-005 5.01507888e-005 3.60753388e-005 3.29705234e-005 2.72572140e-005 2.56417880e-005 2.49652958e-005 2.04183969e-005 1.54209648e-005 
7.50000000e-001 2.35714286e+001 1.00000000e+001 3.24104544e-005 3.55223744e-005 2.76385149e-005 2.57755135e-005 2.22280250e-005 2.11696187e-005 2.07166123e-005 1.74425985e-005 1.35159313e-005 
7.50000000e-001 2.05357143e+001 1.00000000e+001 1.98257692e-005 2.64499703e-005 2.22366130e-005 2.11592843e-005 1.90161407e-005 1.83241988e-005 1.80186359e-005 1.55844653e-005 1.23602685e-005 
7.50000000e-001 1.71428571e+001 1.00000000e+001 1.27426233e-005 2.10590156e-005 1.91885532e-005 1.86199861e-005 1.73834361e-005 1.69250327e-005 1.67128501e-005 1.47937102e-005 1.19748589e-005 
7.50000000e-001 1.33928571e+001 1.00000000e+001 8.76807764e-006 1.82418568e-005 1.79189475e-005 1.76819281e-005 1.70225958e-005 1.67061328e-005 1.65495621e-005 1.49091273e-005 1.22683094e-005 
7.50000000e-001 9.28571429e+000 1.00000000e+001 6.52946916e-006 1.71250049e-005 1.78915939e-005 1.78727195e-005 1.75706814e-005 1.73336651e-005 1.72068637e-005 1.56823532e-005 1.30632201e-005 
7.50000000e-001 4.82142857e+000 1.00000000e+001 5.26237597e-006 1.66001757e-005 1.80970145e-005 1.82210762e-005 1.81468825e-005 1.79580861e-005 1.78489257e-005 1.63821205e-005 1.37520838e-005 
7.50000000e-001 0.00000000e+000 1.00000000e+001 4.99478980e-006 1.69954567e-005 1.88108315e-005 1.89864380e-005 1.89760709e-005 1.87925431e-005 1.86836696e-005 1.71770636e-005 1.44551405e-005 
1.00000000e+000 3.50000000e+001 1.00000000e+001 5.35184868e-004 1.96951305e-004 1.07079485e-004 9.14565709e-005 6.58317106e-005 5.94793909e-005 5.69430798e-005 4.22460041e-005 2.91654100e-005 
1.00000000e+000 3.48214286e+001 1.00000000e+001 5.77757811e-004 2.00302946e-004 1.07787626e-004 9.18837898e-005 6.59187682e-005 5.95084841e-005 5.69521060e-005 4.21789397e-005 2.90770826e-005 
1.00000000e+000 3.42857143e+001 1.00000000e+001 4.55859138e-004 1.80663313e-004 9.99833307e-005 8.57134870e-005 6.21291940e-005 5.62414263e-005 5.38854328e-005 4.01550286e-005 2.78310153e-005 
1.00000000e+000 3.33928571e+001 1.00000000e+001 3.98006291e-004 1.65975073e-004 9.30517085e-005 7.99952069e-005 5.83040190e-005 5.28622195e-005 5.06812005e-005 3.79124269e-005 2.63692993e-005 
1.00000000e+000 3.21428571e+001 1.00000000e+001 3.02201367e-004 1.42159530e-004 8.20421144e-005 7.09790348e-005 5.23818345e-005 4.76627277e-005 4.57642555e-005 3.45307330e-005 2.42097413e-005 
1.00000000e+000 3.05357143e+001 1.00000000e+001 2.11921864e-004 1.14898315e-004 6.88461281e-005 6.00841699e-005 4.51372223e-005 4.12863225e-005 3.97289642e-005 3.03658813e-005 2.15509541e-005 
1.00000000e+000 2.85714286e+001 1.00000000e+001 1.22778628e-004 8.11434355e-005 5.17975385e-005 4.59231648e-005 3.56548129e-005 3.29347915e-005 3.18235648e-005 2.49222208e-005 1.81030091e-005 
1.00000000e+000 2.62500000e+001 1.00000000e+001 4.77226147e-005 4.43623233e-005 3.22591514e-005 2.95603643e-005 2.45773543e-005 2.31627653e-005 2.25695071e-005 1.85541608e-005 1.41010741e-005 
1.00000000e+000 2.35714286e+001 1.00000000e+001 2.39626284e-005 2.86865425e-005 2.29916769e-005 2.16016324e-005 1.89250196e-005 1.81115106e-005 1.77607098e-005 1.51471553e-005 1.19040840e-005 
1.00000000e+000 2.05357143e+001 1.00000000e+001 1.26969004e-005 1.95242456e-005 1.72397186e-005 1.66097393e-005 1.53265025e-005 1.48878528e-005 1.46896335e-005 1.29728775e-005 1.05196144e-005 
1.00000000e+000 1.71428571e+001 1.00000000e+001 6.95339485e-006 1.40989335e-005 1.38219808e-005 1.36637903e-005 1.32635117e-005 1.30656620e-005 1.29657898e-005 1.18239830e-005 9.87062951e-006 
1.00000000e+000 1.33928571e+001 1.00000000e+001 3.99417157e-006 1.10146939e-005 1.19922403e-005 1.21424471e-005 1.23286546e-005 1.22908016e-005 1.22561120e-005 1.14824333e-005 9.82979985e-006 
1.00000000e+000 9.28571429e+000 1.00000000e+001 2.43603928e-006 9.34954170e-006 1.11988537e-005 1.15665645e-005 1.21655492e-005 1.22382384e-005 1.22481901e-005 1.17104735e-005 1.02274569e-005 
1.00000000e+000 4.82142857e+000 1.00000000e+001 1.64001596e-006 8.40230011e-006 1.08044222e-005 1.13142573e-005 1.21851893e-005 1.23306762e-005 1.23699816e-005 1.19837477e-005 1.06042344e-005 
1.00000000e+000 0.00000000e+000 1.00000000e+001 1.43412416e-006 8.34945084e-006 1.10304558e-005 1.16067346e-005 1.25969750e-005 1.27704919e-005 1.28203915e-005 1.24700563e-005 1.10842349e-005 
1.25000000e+000 3.50000000e+001 1.00000000e+001 8.50655732e-004 2.36171113e-004 1.19916733e-004 1.00971677e-004 7.07956266e-005 6.35167894e-005 6.06346259e-005 4.42692612e-005 3.01167172e-005 
1.25000000e+000 3.48214286e+001 1.00000000e+001 9.73703073e-004 2.43668928e-004 1.21619943e-004 1.02085184e-004 7.11945653e-005 6.37904105e-005 6.08639933e-005 4.43147021e-005 3.00803447e-005 
1.25000000e+000 3.42857143e+001 1.00000000e+001 6.84809797e-004 2.12270895e-004 1.10630230e-004 9.36471021e-005 6.62969783e-005 5.96333232e-005 5.69867211e-005 4.18469454e-005 2.86121726e-005 
1.25000000e+000 3.33928571e+001 1.00000000e+001 5.76962596e-004 1.92155425e-004 1.02028729e-004 8.67031177e-005 6.18329041e-005 5.57305166e-005 5.33015070e-005 3.93267766e-005 2.70040275e-005 
1.25000000e+000 3.21428571e+001 1.00000000e+001 3.98366488e-004 1.59115866e-004 8.80941502e-005 7.55212093e-005 5.47610657e-005 4.95838842e-005 4.75126141e-005 3.54353683e-005 2.45717802e-005 
1.25000000e+000 3.05357143e+001 1.00000000e+001 2.50839835e-004 1.23408905e-004 7.19308162e-005 6.23714240e-005 4.62520615e-005 4.21484858e-005 4.04955825e-005 3.06721474e-005 2.15791564e-005 
1.25000000e+000 2.85714286e+001 1.00000000e+001 1.27424490e-004 8.19421796e-005 5.17082110e-005 4.57008045e-005 3.52427589e-005 3.24873016e-005 3.13639480e-005 2.44364468e-005 1.76637699e-005 
1.25000000e+000 2.62500000e+001 1.00000000e+001 4.13283887e-005 3.99409250e-005 2.93879256e-005 2.70003110e-005 2.25640240e-005 2.12963214e-005 2.07635265e-005 1.71324022e-005 1.30739056e-005 
1.25000000e+000 2.35714286e+001 1.00000000e+001 1.80816086e-005 2.36913447e-005 1.95555003e-005 1.85017959e-005 1.64396611e-005 1.57982553e-005 1.55192965e-005 1.33756970e-005 1.06306440e-005 
1.25000000e+000 2.05357143e+001 1.00000000e+001 8.32550951e-006 1.47949919e-005 1.36975027e-005 1.33487685e-005 1.26104012e-005 1.23352607e-005 1.22069502e-005 1.09743652e-005 9.06832748e-006 
1.25000000e+000 1.71428571e+001 1.00000000e+001 3.90091024e-006 9.71419628e-006 1.02028757e-005 1.02583462e-005 1.03127942e-005 1.02653472e-005 1.02317680e-005 9.58120084e-006 8.22170702e-006 
1.25000000e+000 1.33928571e+001 1.00000000e+001 1.87962413e-006 6.83404465e-006 8.19142809e-006 8.49377949e-006 9.05777526e-006 9.16169873e-006 9.19163867e-006 8.92988845e-006 7.93228651e-006 
1.25000000e+000 9.28571429e+000 1.00000000e+001 9.39368441e-007 5.20266858e-006 7.09772883e-006 7.56778079e-006 8.49082609e-006 8.70322624e-006 8.77882220e-006 8.78963997e-006 8.03647356e-006 
1.25000000e+000 4.82142857e+000 1.00000000e+001 5.19960012e-007 4.28155670e-006 6.47608832e-006 7.04935203e-006 8.20156093e-006 8.48469499e-006 8.59021365e-006 8.77920090e-006 8.18527481e-006 
1.25000000e+000 0.00000000e+000 1.00000000e+001 4.11823673e-007 4.10205197e-006 6.46828772e-006 7.09554094e-006 8.36242982e-006 8.67831230e-006 8.79722499e-006 9.05298428e-006 8.49946884e-006 
1.50000000e+000 3.50000000e+001 1.00000000e+001 1.43837416e-003 2.90725224e-004 1.36468218e-004 1.13066983e-004 7.69796694e-005 6.85319040e-005 6.52168361e-005 4.67891422e-005 3.13284398e-005 
1.50000000e+000 3.48214286e+001 1.00000000e+001 1.78006186e-003 3.05710972e-004 1.39732395e-004 1.15221844e-004 7.78220688e-005 6.91470054e-005 6.57516395e-005 4.69841655e-005 3.13585749e-005 
1.50000000e+000 3.42857143e+001 1.00000000e+001 1.08749121e-003 2.55018560e-004 1.24123319e-004 1.03590372e-004 7.14541768e-005 6.38291204e-005 6.08248013e-005 4.39659494e-005 2.96267226e-005 
1.50000000e+000 3.33928571e+001 1.00000000e+001 8.83939968e-004 2.26922043e-004 1.13276321e-004 9.50351055e-005 6.61898452e-005 5.92801324e-005 5.65497470e-005 4.11184173e-005 2.78529607e-005 
1.50000000e+000 3.21428571e+001 1.00000000e+001 5.46283485e-004 1.80570042e-004 9.54998359e-005 8.10739510e-005 5.77125218e-005 5.19923184e-005 4.97167187e-005 3.66389425e-005 2.51179892e-005 
1.50000000e+000 3.05357143e+001 1.00000000e+001 3.03081550e-004 1.33651257e-004 7.56967896e-005 6.52127909e-005 4.77454847e-005 4.33510248e-005 4.15876991e-005 3.12193306e-005 2.17708589e-005 
1.50000000e+000 2.85714286e+001 1.00000000e+001 1.32787515e-004 8.31982573e-005 5.19789855e-005 4.58175708e-005 3.51265579e-005 3.23211293e-005 3.11791692e-005 2.41761841e-005 1.73884666e-005 
1.50000000e+000 2.62500000e+001 1.00000000e+001 3.61335733e-005 3.63343278e-005 2.70762514e-005 2.49476105e-005 2.09612007e-005 1.98122136e-005 1.93279339e-005 1.60006224e-005 1.22489249e-005 
1.50000000e+000 2.35714286e+001 1.00000000e+001 1.38194854e-005 1.98335195e-005 1.68708984e-005 1.60741897e-005 1.44811716e-005 1.39707185e-005 1.37463527e-005 1.19610235e-005 9.59857034e-006 
1.50000000e+000 2.05357143e+001 1.00000000e+001 5.53772223e-006 1.13945853e-005 1.10642174e-005 1.09041080e-005 1.05347022e-005 1.03719264e-005 1.02919605e-005 9.40360276e-006 7.90133368e-006 
1.50000000e+000 1.71428571e+001 1.00000000e+001 2.22429038e-006 6.81999926e-006 7.66622869e-006 7.83400533e-006 8.13928364e-006 8.18039219e-006 8.18677116e-006 7.85467233e-006 6.91158467e-006 
1.50000000e+000 1.33928571e+001 1.00000000e+001 9.01964101e-007 4.32469212e-006 5.68754540e-006 6.03215269e-006 6.73700317e-006 6.90753765e-006 6.96979892e-006 7.00595562e-006 6.44336017e-006 
1.50000000e+000 9.28571429e+000 1.00000000e+001 3.70611725e-007 2.94160565e-006 4.54882056e-006 5.00066320e-006 5.97024441e-006 6.23114618e-006 6.33293504e-006 6.62966497e-006 6.33703927e-006 
1.50000000e+000 4.82142857e+000 1.00000000e+001 1.67329693e-007 2.19568662e-006 3.89659841e-006 4.40658879e-006 5.53316589e-006 5.85047430e-006 5.97724877e-006 6.44092904e-006 6.32449713e-006 
1.50000000e+000 0.00000000e+000 1.00000000e+001 1.18274302e-007 2.01540574e-006 3.79311120e-006 4.33780311e-006 5.55143084e-006 5.89750720e-006 6.03664174e-006 6.57232414e-006 6.51749210e-006 
1.75000000e+000 3.50000000e+001 1.00000000e+001 2.55899724e-003 3.66890230e-004 1.57666524e-004 1.28282552e-004 8.45248860e-005 7.46088604e-005 7.07551311e-005 4.98049311e-005 3.27824925e-005 
1.75000000e+000 3.48214286e+001 1.00000000e+001 3.48750843e-003 3.95315740e-004 1.63369458e-004 1.32011339e-004 8.59949859e-005 7.56984576e-005 7.17111166e-005 5.01973978e-005 3.28968983e-005 
1.75000000e+000 3.42857143e+001 1.00000000e+001 1.81082038e-003 3.12938048e-004 1.41060288e-004 1.15880847e-004 7.76724640e-005 6.88629767e-005 6.54216482e-005 4.64933878e-005 3.08499154e-005 
1.75000000e+000 3.33928571e+001 1.00000000e+001 1.42407664e-003 2.73185597e-004 1.27205456e-004 1.05212365e-004 7.14036846e-005 6.35135904e-005 6.04200784e-005 4.32563095e-005 2.88863072e-005 
1.75000000e+000 3.21428571e+001 1.00000000e+001 7.78258413e-004 2.07619205e-004 1.04373325e-004 8.76740898e-005 6.11975599e-005 5.48407792e-005 5.23269830e-005 3.80909680e-005 2.58106366e-005 
1.75000000e+000 3.05357143e+001 1.00000000e+001 3.73960034e-004 1.45774069e-004 8.00795403e-005 6.85292495e-005 4.95315755e-005 4.48104559e-005 4.29233367e-005 3.19408350e-005 2.20808801e-005 
1.75000000e+000 2.85714286e+001 1.00000000e+001 1.38793171e-004 8.47442793e-005 5.24636912e-005 4.61356067e-005 3.51894758e-005 3.23272361e-005 3.11636343e-005 2.40606064e-005 1.72241299e-005 
1.75000000e+000 2.62500000e+001 1.00000000e+001 3.18021066e-005 3.32776860e-005 2.51295945e-005 2.32247262e-005 1.96268822e-005 1.85796979e-005 1.81368433e-005 1.50654331e-005 1.15665914e-005 
1.75000000e+000 2.35714286e+001 1.00000000e+001 1.06568940e-005 1.67539927e-005 1.46937651e-005 1.41003211e-005 1.28815047e-005 1.24759194e-005 1.22952783e-005 1.07973864e-005 8.74232421e-006 
1.75000000e+000 2.05357143e+001 1.00000000e+001 3.71959452e-006 8.86985566e-006 9.03893188e-006 9.00914141e-006 8.89961859e-006 8.81758247e-006 8.77258615e-006 8.13951809e-006 6.94566580e-006 
1.75000000e+000 1.71428571e+001 1.00000000e+001 1.28196987e-006 4.84885309e-006 5.83466723e-006 6.05863489e-006 6.49942634e-006 6.59284882e-006 6.62352213e-006 6.50211482e-006 5.85694115e-006 
1.75000000e+000 1.33928571e+001 1.00000000e+001 4.38323145e-007 2.77607567e-006 4.00035478e-006 4.33666162e-006 5.06327261e-006 5.25917537e-006 5.33551456e-006 5.53960158e-006 5.26558107e-006 
1.75000000e+000 9.28571429e+000 1.00000000e+001 1.48572862e-007 1.68514755e-006 2.94393000e-006 3.33364906e-006 4.22663565e-006 4.48914302e-006 4.59596765e-006 5.02363005e-006 5.01380480e-006 
1.75000000e+000 4.82142857e+000 1.00000000e+001 5.45401885e-008 1.13275597e-006 2.35319673e-006 2.76337384e-006 3.74144895e-006 4.04233251e-006 4.16719166e-006 4.73220375e-006 4.89161851e-006 
1.75000000e+000 0.00000000e+000 1.00000000e+001 3.39721890e-008 9.90243086e-007 2.22439626e-006 2.65193578e-006 3.68539120e-006 4.00781098e-006 4.14238427e-006 4.77144620e-006 4.99771972e-006 
2.00000000e+000 3.50000000e+001 1.00000000e+001 4.74384093e-003 4.73910235e-004 1.84816448e-004 1.47383472e-004 9.36592957e-005 8.18991460e-005 7.73756112e-005 5.33483110e-005 3.44769402e-005 
2.00000000e+000 3.48214286e+001 1.00000000e+001 7.23249588e-003 5.26319260e-004 1.94316143e-004 1.53483728e-004 9.60154190e-005 8.36461899e-005 7.89106964e-005 5.40004272e-005 3.46975518e-005 
2.00000000e+000 3.42857143e+001 1.00000000e+001 3.13710225e-003 3.91822936e-004 1.62288034e-004 1.31014725e-004 8.50934456e-005 7.48253907e-005 7.08507985e-005 4.94404352e-005 3.22726702e-005 
2.00000000e+000 3.33928571e+001 1.00000000e+001 2.39808068e-003 3.35130643e-004 1.44422050e-004 1.17585185e-004 7.75658109e-005 6.84851310e-005 6.49544725e-005 4.57384525e-005 3.00899910e-005 
2.00000000e+000 3.21428571e+001 1.00000000e+001 1.14927512e-003 2.41815429e-004 1.14935468e-004 9.54398871e-005 6.52284353e-005 5.81265105e-005 5.53358066e-005 3.97688394e-005 2.66278244e-005 
2.00000000e+000 3.05357143e+001 1.00000000e+001 4.71356539e-004 1.60062780e-004 8.50863054e-005 7.23051884e-005 5.15723881e-005 4.64866337e-005 4.44618832e-005 3.27988408e-005 2.24807541e-005 
2.00000000e+000 2.85714286e+001 1.00000000e+001 1.45438946e-004 8.65026611e-005 5.30893069e-005 4.65842333e-005 3.53675355e-005 3.24444724e-005 3.12575254e-005 2.40408729e-005 1.71363729e-005 
2.00000000e+000 2.62500000e+001 1.00000000e+001 2.81287746e-005 3.06250281e-005 2.34413226e-005 2.17332528e-005 1.84789705e-005 1.75218726e-005 1.71156286e-005 1.42684531e-005 1.09872672e-005 
2.00000000e+000 2.35714286e+001 1.00000000e+001 8.27311113e-006 1.42440481e-005 1.28834435e-005 1.24531945e-005 1.15394221e-005 1.12202917e-005 1.10757858e-005 9.81648434e-006 8.01708584e-006 
2.00000000e+000 2.05357143e+001 1.00000000e+001 2.51643547e-006 6.95647801e-006 7.44380626e-006 7.50437300e-006 7.58081750e-006 7.55831999e-006 7.53934424e-006 7.10147029e-006 6.15005421e-006 
2.00000000e+000 1.71428571e+001 1.00000000e+001 7.44590599e-007 3.47794069e-006 4.48252696e-006 4.72983878e-006 5.23744172e-006 5.36098163e-006 5.40624300e-006 5.42590455e-006 4.99759211e-006 
2.00000000e+000 1.33928571e+001 1.00000000e+001 2.14896912e-007 1.80065764e-006 2.84229818e-006 3.14841972e-006 3.83867705e-006 4.03754312e-006 4.11771637e-006 4.41039308e-006 4.32673684e-006 
2.00000000e+000 9.28571429e+000 1.00000000e+001 6.02454741e-008 9.75731026e-007 1.92154522e-006 2.23973884e-006 3.01087104e-006 3.25269978e-006 3.35386755e-006 3.82318634e-006 3.97961971e-006 
2.00000000e+000 4.82142857e+000 1.00000000e+001 1.79696972e-008 5.87655469e-007 1.42614255e-006 1.73823958e-006 2.53552757e-006 2.79857910e-006 2.91078920e-006 3.48167973e-006 3.78710619e-006 
2.00000000e+000 0.00000000e+000 1.00000000e+001 9.75911029e-009 4.86562971e-007 1.30448484e-006 1.62130596e-006 2.44663086e-006 2.72365134e-006 2.84256649e-006 3.46405620e-006 3.83235675e-006 
2.25000000e+000 3.50000000e+001 1.00000000e+001 9.09247432e-003 6.25386777e-004 2.19677207e-004 1.71390183e-004 1.04692037e-004 9.06132679e-005 8.52562063e-005 5.74754111e-005 3.64213902e-005 
2.25000000e+000 3.48214286e+001 1.00000000e+001 1.56989882e-002 7.20368772e-004 2.35067978e-004 1.81053179e-004 1.08296036e-004 9.32693166e-005 8.75858480e-005 5.84682150e-005 3.67754463e-005 
2.25000000e+000 3.42857143e+001 1.00000000e+001 5.61638003e-003 4.99948318e-004 1.88935717e-004 1.49652548e-004 9.39170676e-005 8.18511505e-005 7.72254156e-005 5.28391353e-005 3.38966560e-005 
2.25000000e+000 3.33928571e+001 1.00000000e+001 4.19476044e-003 4.18710254e-004 1.65740834e-004 1.32628471e-004 8.48157467e-005 7.42867021e-005 7.02290943e-005 4.85822425e-005 3.14604705e-005 
2.25000000e+000 3.21428571e+001 1.00000000e+001 1.75394512e-003 2.85264299e-004 1.27495006e-004 1.04549384e-004 6.98492166e-005 6.18740174e-005 5.87611905e-005 4.16670845e-005 2.75578844e-005 
2.25000000e+000 3.05357143e+001 1.00000000e+001 6.06969775e-004 1.76912655e-004 9.07635855e-005 7.65586427e-005 5.38557756e-005 4.83631401e-005 4.61855739e-005 3.37724633e-005 2.29526310e-005 
2.25000000e+000 2.85714286e+001 1.00000000e+001 1.52757976e-004 8.84347249e-005 5.38169178e-005 4.71251260e-005 3.56243496e-005 3.26374327e-005 3.14259291e-005 2.40868955e-005 1.71026128e-005 
2.25000000e+000 2.62500000e+001 1.00000000e+001 2.49761429e-005 2.82862730e-005 2.19479081e-005 2.04146084e-005 1.74677413e-005 1.65916668e-005 1.62183743e-005 1.35723108e-005 1.04841934e-005 
2.25000000e+000 2.35714286e+001 1.00000000e+001 6.45605236e-006 1.21694109e-005 1.13521960e-005 1.10537317e-005 1.03910640e-005 1.01442931e-005 1.00301664e-005 8.97313232e-006 7.39176513e-006 
2.25000000e+000 2.05357143e+001 1.00000000e+001 1.71195138e-006 5.48634178e-006 6.16639674e-006 6.28859467e-006 6.49775535e-006 6.51960558e-006 6.52025630e-006 6.23457201e-006 5.47799747e-006 
2.25000000e+000 1.71428571e+001 1.00000000e+001 4.35024038e-007 2.51074361e-006 3.46784259e-006 3.71869999e-006 4.25059291e-006 4.39010937e-006 4.44370999e-006 4.55789501e-006 4.28959147e-006 
2.25000000e+000 1.33928571e+001 1.00000000e+001 1.06050354e-007 1.17704583e-006 2.03558726e-006 2.30370733e-006 2.93145114e-006 3.12144349e-006 3.19980071e-006 3.53255946e-006 3.57291298e-006 
2.25000000e+000 9.28571429e+000 1.00000000e+001 2.46364109e-008 5.69880926e-007 1.26345475e-006 1.51509549e-006 2.15686911e-006 2.36912995e-006 2.45983939e-006 2.92138406e-006 3.16839240e-006 
2.25000000e+000 4.82142857e+000 1.00000000e+001 5.97433805e-009 3.06442438e-007 8.67217331e-007 1.09662467e-006 1.72198921e-006 1.94126282e-006 2.03695671e-006 2.56514967e-006 2.93484147e-006 
2.25000000e+000 0.00000000e+000 1.00000000e+001 2.80381910e-009 2.39085980e-007 7.65025966e-007 9.91232968e-007 1.62427471e-006 1.85097823e-006 1.95063553e-006 2.51491701e-006 2.93874980e-006 
2.50000000e+000 3.50000000e+001 1.00000000e+001 1.79112707e-002 8.41419274e-004 2.64599130e-004 2.01640054e-004 1.18019794e-004 1.01022045e-004 9.46265351e-005 6.22633689e-005 3.86343365e-005 
2.50000000e+000 3.48214286e+001 1.00000000e+001 3.53268599e-002 1.01161455e-003 2.89100929e-004 2.16640356e-004 1.23377673e-004 1.04932533e-004 9.80443565e-005 6.37024579e-005 3.91557440e-005 
2.50000000e+000 3.42857143e+001 1.00000000e+001 1.03338196e-002 6.49162410e-004 2.22483750e-004 1.72648048e-004 1.04401106e-004 9.01162997e-005 8.46946063e-005 5.67379305e-005 3.57313555e-005 
2.50000000e+000 3.33928571e+001 1.00000000e+001 7.57704076e-003 5.32407743e-004 1.92229835e-004 1.50958231e-004 9.33376681e-005 8.10429722e-005 7.63489797e-005 5.18194240e-005 3.30016001e-005 
2.50000000e+000 3.21428571e+001 1.00000000e+001 2.75676312e-003 3.40798383e-004 1.42450804e-004 1.15235766e-004 7.51273341e-005 6.61268305e-005 6.26386937e-005 4.37913693e-005 2.85959135e-005 
2.50000000e+000 3.05357143e+001 1.00000000e+001 7.98258631e-004 1.96832608e-004 9.71843694e-005 8.13284943e-005 5.63844297e-005 5.04372243e-005 4.80898440e-005 3.48510044e-005 2.34854738e-005 
2.50000000e+000 2.85714286e+001 1.00000000e+001 1.60805767e-004 9.05207190e-005 5.46245717e-005 4.77363738e-005 3.59384049e-005 3.28849082e-005 3.16478040e-005 2.41797401e-005 1.71078273e-005 
2.50000000e+000 2.62500000e+001 1.00000000e+001 2.22462630e-005 2.62009405e-005 2.06084989e-005 1.92314223e-005 1.65615563e-005 1.57590015e-005 1.54156628e-005 1.29524416e-005 1.00390200e-005 
2.50000000e+000 2.35714286e+001 1.00000000e+001 5.05921125e-006 1.04371900e-005 1.00412769e-005 9.84937816e-006 9.39417088e-006 9.20839929e-006 9.12003570e-006 8.23663401e-006 6.84444939e-006 
2.50000000e+000 2.05357143e+001 1.00000000e+001 1.16984339e-006 4.34570442e-006 5.13120422e-006 5.29393486e-006 5.59606452e-006 5.65085864e-006 5.66633862e-006 5.50057450e-006 4.90312855e-006 
2.50000000e+000 1.71428571e+001 1.00000000e+001 2.55350100e-007 1.82143431e-006 2.69713418e-006 2.93962195e-006 3.46900254e-006 3.61522071e-006 3.67301321e-006 3.84964070e-006 3.70047446e-006 
2.50000000e+000 1.33928571e+001 1.00000000e+001 5.26031107e-008 7.73952420e-007 1.46699997e-006 1.69621776e-006 2.25215614e-006 2.42742154e-006 2.50097546e-006 2.84429824e-006 2.96354447e-006 
2.50000000e+000 9.28571429e+000 1.00000000e+001 1.01398906e-008 3.35189277e-007 8.35990311e-007 1.03101321e-006 1.55289124e-006 1.73374314e-006 1.81242541e-006 2.24068564e-006 2.52981068e-006 
2.50000000e+000 4.82142857e+000 1.00000000e+001 2.00133143e-009 1.60559077e-007 5.29027980e-007 6.93789363e-007 1.17191318e-006 1.34910980e-006 1.42801822e-006 1.89244047e-006 2.27655166e-006 
2.50000000e+000 0.00000000e+000 1.00000000e+001 8.05642426e-010 1.17486210e-007 4.48666393e-007 6.06031571e-007 1.07834240e-006 1.25793040e-006 1.33858783e-006 1.82585470e-006 2.25352269e-006 
0.00000000e+000 3.50000000e+001 2.00000000e+001 2.51856965e-004 1.69662010e-004 1.06799216e-004 9.39569619e-005 7.11955803e-005 6.51380901e-005 6.26687156e-005 4.77057301e-005 3.36735093e-005 
0.00000000e+000 3.48214286e+001 2.00000000e+001 2.49685092e-004 1.68235123e-004 1.05908134e-004 9.31746976e-005 7.06057500e-005 6.45992956e-005 6.21506918e-005 4.73127572e-005 3.33962712e-005 
0.00000000e+000 3.42857143e+001 2.00000000e+001 2.43498408e-004 1.64179515e-004 1.03377584e-004 9.09538403e-005 6.89324697e-005 6.30711958e-005 6.06816616e-005 4.61990810e-005 3.26109480e-005 
0.00000000e+000 3.33928571e+001 2.00000000e+001 2.33824630e-004 1.57851495e-004 9.94337419e-005 8.74940729e-005 6.63285631e-005 6.06941684e-005 5.83969364e-005 4.44690590e-005 3.13922595e-005 
0.00000000e+000 3.21428571e+001 2.00000000e+001 2.21031055e-004 1.49471017e-004 9.42130686e-005 8.29150962e-005 6.28846831e-005 5.75513831e-005 5.53766618e-005 4.21845672e-005 2.97842710e-005 
0.00000000e+000 3.05357143e+001 2.00000000e+001 2.06153212e-004 1.39727972e-004 8.81508154e-005 7.76006714e-005 5.88939667e-005 5.39120290e-005 5.18802822e-005 3.95455621e-005 2.79297927e-005 
0.00000000e+000 2.85714286e+001 2.00000000e+001 1.89763446e-004 1.29001961e-004 8.14858025e-005 7.17614174e-005 5.45179624e-005 4.99247825e-005 4.80512293e-005 3.66631610e-005 2.59082357e-005 
0.00000000e+000 2.62500000e+001 2.00000000e+001 1.72972332e-004 1.18009429e-004 7.46680084e-005 6.57935814e-005 5.00592536e-005 4.58674994e-005 4.41572538e-005 3.37429799e-005 2.38655104e-005 
0.00000000e+000 2.35714286e+001 2.00000000e+001 1.56328196e-004 1.07095542e-004 6.79081392e-005 5.98827420e-005 4.56623474e-005 4.18740587e-005 4.03278463e-005 3.08861514e-005 2.18734485e-005 
0.00000000e+000 2.05357143e+001 2.00000000e+001 1.40299763e-004 9.65401310e-005 6.13794480e-005 5.41837586e-005 4.14525907e-005 3.80616257e-005 3.66766729e-005 2.81822801e-005 1.99955851e-005 
0.00000000e+000 1.71428571e+001 2.00000000e+001 1.25689803e-004 8.68790251e-005 5.54268538e-005 4.90054495e-005 3.76742572e-005 3.46558238e-005 3.34214817e-005 2.57983099e-005 1.83489474e-005 
0.00000000e+000 1.33928571e+001 2.00000000e+001 1.12472177e-004 7.80617183e-005 5.00358262e-005 4.43421070e-005 3.43303506e-005 3.16596476e-005 3.05650098e-005 2.37340350e-005 1.69313563e-005 
0.00000000e+000 9.28571429e+000 2.00000000e+001 1.01191070e-004 7.04371867e-005 4.54212873e-005 4.03797476e-005 3.15458109e-005 2.91806758e-005 2.82078626e-005 2.20530173e-005 1.57817873e-005 
0.00000000e+000 4.82142857e+000 2.00000000e+001 9.22254452e-005 6.42774169e-005 4.16462856e-005 3.71243459e-005 2.92371951e-005 2.71194093e-005 2.62454063e-005 2.06424870e-005 1.48107334e-005 
0.00000000e+000 0.00000000e+000 2.00000000e+001 9.29616014e-005 6.45782228e-005 4.18284926e-005 3.72992067e-005 2.94207455e-005 2.73052194e-005 2.64314319e-005 2.08124314e-005 1.49370759e-005 
2.50000000e-001 3.50000000e+001 2.00000000e+001 2.93105724e-004 1.78126729e-004 1.09330005e-004 9.56815317e-005 7.18246875e-005 6.55581689e-005 6.30140104e-005 4.77437735e-005 3.35989763e-005 
2.50000000e-001 3.48214286e+001 2.00000000e+001 2.91775855e-004 1.76869631e-004 1.08498238e-004 9.49433066e-005 7.12573308e-005 6.50373951e-005 6.25123481e-005 4.73593351e-005 3.33256676e-005 
2.50000000e-001 3.42857143e+001 2.00000000e+001 2.74654004e-004 1.69439865e-004 1.04467521e-004 9.15217287e-005 6.88450546e-005 6.28759233e-005 6.04508317e-005 4.58676285e-005 3.23219801e-005 
2.50000000e-001 3.33928571e+001 2.00000000e+001 2.55525068e-004 1.59971692e-004 9.90887464e-005 8.69052637e-005 6.55183444e-005 5.98765348e-005 5.75827814e-005 4.37610998e-005 3.08835175e-005 
2.50000000e-001 3.21428571e+001 2.00000000e+001 2.27811200e-004 1.46457650e-004 9.14974989e-005 8.04112151e-005 6.08731958e-005 5.56984481e-005 5.35917905e-005 4.08488718e-005 2.89084238e-005 
2.50000000e-001 3.05357143e+001 2.00000000e+001 1.95168345e-004 1.30173431e-004 8.23486986e-005 7.25907990e-005 5.52949841e-005 5.06871288e-005 4.88075594e-005 3.73715990e-005 2.65607828e-005 
2.50000000e-001 2.85714286e+001 2.00000000e+001 1.54652217e-004 1.09861196e-004 7.10587988e-005 6.29781959e-005 4.85064928e-005 4.46096635e-005 4.30144012e-005 3.32031931e-005 2.37784707e-005 
2.50000000e-001 2.62500000e+001 2.00000000e+001 1.08675096e-004 8.67396378e-005 5.83487096e-005 5.21993390e-005 4.09707048e-005 3.78867237e-005 3.66158194e-005 2.86444509e-005 2.07677256e-005 
2.50000000e-001 2.35714286e+001 2.00000000e+001 8.14531518e-005 7.10166288e-005 4.91887903e-005 4.43149269e-005 3.52901102e-005 3.27749258e-005 3.17330545e-005 2.50886841e-005 1.83591353e-005 
2.50000000e-001 2.05357143e+001 2.00000000e+001 6.18112113e-005 5.85048666e-005 4.16301925e-005 3.77550894e-005 3.04957365e-005 2.84454274e-005 2.75916916e-005 2.20473632e-005 1.62759171e-005 
2.50000000e-001 1.71428571e+001 2.00000000e+001 4.74930285e-005 4.85912527e-005 3.54768903e-005 3.23895270e-005 2.65534639e-005 2.48833208e-005 2.41837605e-005 1.95411350e-005 1.45496039e-005 
2.50000000e-001 1.33928571e+001 2.00000000e+001 3.71266972e-005 4.07777243e-005 3.05110660e-005 2.80479764e-005 2.33629542e-005 2.20028335e-005 2.14289457e-005 1.75171955e-005 1.31480907e-005 
2.50000000e-001 9.28571429e+000 2.00000000e+001 2.99570578e-005 3.48862214e-005 2.66973902e-005 2.47129010e-005 2.09224891e-005 1.98034479e-005 1.93270061e-005 1.59761596e-005 1.20743843e-005 
2.50000000e-001 4.82142857e+000 2.00000000e+001 2.54129802e-005 3.07732893e-005 2.39347635e-005 2.22731602e-005 1.91008205e-005 1.81515018e-005 1.77440034e-005 1.47954886e-005 1.12358137e-005 
2.50000000e-001 0.00000000e+000 2.00000000e+001 2.49784199e-005 3.05523684e-005 2.38517913e-005 2.22244672e-005 1.91225535e-005 1.81907294e-005 1.77897140e-005 1.48644373e-005 1.13000388e-005 
5.00000000e-001 3.50000000e+001 2.00000000e+001 4.15418622e-004 2.05135396e-004 1.19106588e-004 1.02998443e-004 7.56183879e-005 6.86151722e-005 6.57953973e-005 4.92092428e-005 3.42597719e-005 
5.00000000e-001 3.48214286e+001 2.00000000e+001 4.18622168e-004 2.04470858e-004 1.18462034e-004 1.02397033e-004 7.51198802e-005 6.81497230e-005 6.53440603e-005 4.88516524e-005 3.39991470e-005 
5.00000000e-001 3.42857143e+001 2.00000000e+001 3.72502995e-004 1.91389460e-004 1.12273081e-004 9.73081579e-005 7.17501068e-005 6.51832985e-005 6.25355082e-005 4.69042437e-005 3.27427176e-005 
5.00000000e-001 3.33928571e+001 2.00000000e+001 3.33214589e-004 1.77397129e-004 1.05077398e-004 9.12698207e-005 6.75839895e-005 6.14722420e-005 5.90046111e-005 4.43843900e-005 3.10698202e-005 
5.00000000e-001 3.21428571e+001 2.00000000e+001 2.77351432e-004 1.57060726e-004 9.46626146e-005 8.25500129e-005 6.16058752e-005 5.61595181e-005 5.39550909e-005 4.08059791e-005 2.87135585e-005 
5.00000000e-001 3.05357143e+001 2.00000000e+001 2.18329594e-004 1.33337832e-004 8.22561684e-005 7.21258174e-005 5.44239809e-005 4.97720403e-005 4.78826784e-005 3.65019402e-005 2.58838597e-005 
5.00000000e-001 2.85714286e+001 2.00000000e+001 1.52050029e-004 1.04015267e-004 6.67164877e-005 5.90570299e-005 4.54334164e-005 4.17869262e-005 4.02968329e-005 3.11570242e-005 2.24012056e-005 
5.00000000e-001 2.62500000e+001 2.00000000e+001 8.39279330e-005 7.08345452e-005 4.89265051e-005 4.40897898e-005 3.51646031e-005 3.26824097e-005 3.16550176e-005 2.51087682e-005 1.84967993e-005 
5.00000000e-001 2.35714286e+001 2.00000000e+001 5.21237312e-005 5.19031735e-005 3.79541382e-005 3.46733488e-005 2.84338252e-005 2.66424198e-005 2.58928257e-005 2.09495207e-005 1.57170225e-005 
5.00000000e-001 2.05357143e+001 2.00000000e+001 3.30022980e-005 3.85830990e-005 2.97839228e-005 2.75663225e-005 2.32206178e-005 2.19309966e-005 2.13849337e-005 1.76386738e-005 1.34602625e-005 
5.00000000e-001 1.71428571e+001 2.00000000e+001 2.11671973e-005 2.90693689e-005 2.36648557e-005 2.21894566e-005 1.92085447e-005 1.82899033e-005 1.78952529e-005 1.50497819e-005 1.16724080e-005 
5.00000000e-001 1.33928571e+001 2.00000000e+001 1.38522447e-005 2.23071298e-005 1.91237700e-005 1.81670279e-005 1.61706036e-005 1.55252093e-005 1.52425206e-005 1.30670129e-005 1.02860293e-005 
5.00000000e-001 9.28571429e+000 2.00000000e+001 9.50653114e-006 1.77037688e-005 1.59149875e-005 1.53085242e-005 1.39952388e-005 1.35420811e-005 1.33382744e-005 1.16350285e-005 9.27166370e-006 
5.00000000e-001 4.82142857e+000 2.00000000e+001 7.15532843e-006 1.48387147e-005 1.38117780e-005 1.34094662e-005 1.25088813e-005 1.21753076e-005 1.20209586e-005 1.06204159e-005 8.53250752e-006 
5.00000000e-001 0.00000000e+000 2.00000000e+001 6.71553146e-006 1.44572576e-005 1.36024235e-005 1.32434958e-005 1.24298354e-005 1.21193343e-005 1.19740269e-005 1.06167276e-005 8.54880926e-006 
7.50000000e-001 3.50000000e+001 2.00000000e+001 6.60874227e-004 2.48984492e-004 1.34682699e-004 1.14699973e-004 8.18289964e-005 7.36796514e-005 7.04300818e-005 5.17650958e-005 3.54927741e-005 
7.50000000e-001 3.48214286e+001 2.00000000e+001 6.82749682e-004 2.49776115e-004 1.34429619e-004 1.14374896e-004 8.14612249e-005 7.33176745e-005 7.00723113e-005 5.14559630e-005 3.52545219e-005 
7.50000000e-001 3.42857143e+001 2.00000000e+001 5.57268641e-004 2.26724768e-004 1.24966487e-004 1.06846883e-004 7.67891871e-005 6.92790863e-005 6.62773377e-005 4.89363420e-005 3.36955562e-005 
7.50000000e-001 3.33928571e+001 2.00000000e+001 4.73241069e-004 2.05610120e-004 1.15257112e-004 9.89033021e-005 7.15689540e-005 6.46908542e-005 6.19357494e-005 4.59330375e-005 3.17595294e-005 
7.50000000e-001 3.21428571e+001 2.00000000e+001 3.59591424e-004 1.75219817e-004 1.01150417e-004 8.73562598e-005 6.39927387e-005 5.80398993e-005 5.56461789e-005 4.16036701e-005 2.89882657e-005 
7.50000000e-001 3.05357143e+001 2.00000000e+001 2.55544980e-004 1.41853909e-004 8.49144657e-005 7.39410889e-005 5.50497756e-005 5.01598508e-005 4.81836840e-005 3.64321553e-005 2.56645679e-005 
7.50000000e-001 2.85714286e+001 2.00000000e+001 1.55872720e-004 1.02820223e-004 6.50519479e-005 5.74003986e-005 4.38966196e-005 4.03119883e-005 3.88512938e-005 2.99539486e-005 2.15120341e-005 
7.50000000e-001 2.62500000e+001 2.00000000e+001 6.91175880e-005 6.09602109e-005 4.27879827e-005 3.87218966e-005 3.11729870e-005 2.90591376e-005 2.81822073e-005 2.25439442e-005 1.67800294e-005 
7.50000000e-001 2.35714286e+001 2.00000000e+001 3.60502380e-005 4.01002020e-005 3.05418516e-005 2.81914855e-005 2.36273139e-005 2.22858637e-005 2.17201007e-005 1.78836638e-005 1.36795149e-005 
7.50000000e-001 2.05357143e+001 2.00000000e+001 1.92054031e-005 2.68721883e-005 2.21582284e-005 2.08492692e-005 1.81741912e-005 1.73415197e-005 1.69832091e-005 1.43825411e-005 1.12881026e-005 
7.50000000e-001 1.71428571e+001 2.00000000e+001 1.03053602e-005 1.82628923e-005 1.63174849e-005 1.56559356e-005 1.42086871e-005 1.37195563e-005 1.35027960e-005 1.17646994e-005 9.46501334e-006 
7.50000000e-001 1.33928571e+001 2.00000000e+001 5.59774085e-006 1.26716031e-005 1.22778865e-005 1.20171551e-005 1.13666688e-005 1.11084801e-005 1.09877033e-005 9.84514384e-006 8.10387111e-006 
7.50000000e-001 9.28571429e+000 2.00000000e+001 3.18833726e-006 9.18408695e-006 9.61371825e-006 9.59190604e-006 9.43823716e-006 9.32836674e-006 9.26962831e-006 8.51703899e-006 7.14496205e-006 
7.50000000e-001 4.82142857e+000 2.00000000e+001 2.05576204e-006 7.20513207e-006 8.00216508e-006 8.10075270e-006 8.21152159e-006 8.18414228e-006 8.16032358e-006 7.63473494e-006 6.48620342e-006 
7.50000000e-001 0.00000000e+000 2.00000000e+001 1.80654518e-006 6.84240895e-006 7.75814694e-006 7.89247769e-006 8.08001378e-006 8.07479639e-006 8.05998889e-006 7.58314563e-006 6.46759258e-006 
1.00000000e+000 3.50000000e+001 2.00000000e+001 1.15539221e-003 3.14510314e-004 1.56437234e-004 1.30863943e-004 9.02976028e-005 8.05792848e-005 7.67446312e-005 5.52692493e-005 3.72122599e-005 
1.00000000e+000 3.48214286e+001 2.00000000e+001 1.24759406e-003 3.18641099e-004 1.56939191e-004 1.31050778e-004 9.01540417e-005 8.03911127e-005 7.65427096e-005 5.50372078e-005 3.70082221e-005 
1.00000000e+000 3.42857143e+001 2.00000000e+001 9.03421598e-004 2.77905485e-004 1.42449298e-004 1.19905406e-004 8.36808204e-005 7.48992041e-005 7.14218497e-005 5.17855376e-005 3.50805287e-005 
1.00000000e+000 3.33928571e+001 2.00000000e+001 7.22082267e-004 2.45519389e-004 1.29190687e-004 1.09347520e-004 7.70974513e-005 6.91963840e-005 6.60577233e-005 4.81985550e-005 3.28402534e-005 
1.00000000e+000 3.21428571e+001 2.00000000e+001 4.89346463e-004 2.00003672e-004 1.10107287e-004 9.40912038e-005 6.75376470e-005 6.09110738e-005 5.82639243e-005 4.29937259e-005 2.96033889e-005 
1.00000000e+000 3.05357143e+001 2.00000000e+001 3.07060784e-004 1.53639343e-004 8.91613750e-005 7.70797854e-005 5.65725886e-005 5.13398898e-005 4.92351163e-005 3.68755512e-005 2.57563731e-005 
1.00000000e+000 2.85714286e+001 2.00000000e+001 1.61889562e-004 1.03500522e-004 6.46522256e-005 5.68615770e-005 4.31935727e-005 3.95898971e-005 3.81250105e-005 2.92641818e-005 2.09437498e-005 
1.00000000e+000 2.62500000e+001 2.00000000e+001 5.84143084e-005 5.38779817e-005 3.83544442e-005 3.48267096e-005 2.82326315e-005 2.63738095e-005 2.56011190e-005 2.05983960e-005 1.54411105e-005 
1.00000000e+000 2.35714286e+001 2.00000000e+001 2.58128690e-005 3.19717936e-005 2.52539543e-005 2.35181488e-005 2.00736982e-005 1.90374911e-005 1.85971475e-005 1.55316566e-005 1.20687055e-005 
1.00000000e+000 2.05357143e+001 2.00000000e+001 1.16498541e-005 1.93659060e-005 1.69468535e-005 1.61792253e-005 1.45310364e-005 1.39888327e-005 1.37512686e-005 1.19139372e-005 9.58111811e-006 
1.00000000e+000 1.71428571e+001 2.00000000e+001 5.25803380e-006 1.18708995e-005 1.15433142e-005 1.13072187e-005 1.07075382e-005 1.04696144e-005 1.03588998e-005 9.31781296e-006 7.74975094e-006 
1.00000000e+000 1.33928571e+001 2.00000000e+001 2.37573368e-006 7.41340545e-006 8.04481827e-006 8.09477743e-006 8.10097233e-006 8.04894691e-006 8.01689214e-006 7.48648717e-006 6.42718663e-006 
1.00000000e+000 9.28571429e+000 2.00000000e+001 1.11447853e-006 4.85747569e-006 5.87854559e-006 6.07425347e-006 6.41446750e-006 6.47069463e-006 6.48507197e-006 6.26552305e-006 5.52523056e-006 
1.00000000e+000 4.82142857e+000 2.00000000e+001 6.01599145e-007 3.52209792e-006 4.65440072e-006 4.91014652e-006 5.40322167e-006 5.51290328e-006 5.55067297e-006 5.49642932e-006 4.93563587e-006 
1.00000000e+000 0.00000000e+000 2.00000000e+001 4.86260572e-007 3.23902286e-006 4.42533377e-006 4.70395818e-006 5.25274123e-006 5.38032514e-006 5.42564737e-006 5.41657315e-006 4.89317783e-006 
1.25000000e+000 3.50000000e+001 2.00000000e+001 2.18254730e-003 4.11363442e-004 1.85823535e-004 1.52309797e-004 1.01205655e-004 8.94087835e-005 8.48060714e-005 5.96994100e-005 3.93830911e-005 
1.25000000e+000 3.48214286e+001 2.00000000e+001 2.52460597e-003 4.22869389e-004 1.87734319e-004 1.53413719e-004 1.01432608e-004 8.95013920e-005 8.48535857e-005 5.95844146e-005 3.92285636e-005 
1.25000000e+000 3.42857143e+001 2.00000000e+001 1.56844165e-003 3.50753242e-004 1.65514403e-004 1.36890118e-004 9.24559880e-005 8.20283730e-005 7.79399002e-005 5.53888931e-005 3.68473814e-005 
1.25000000e+000 3.33928571e+001 2.00000000e+001 1.17697135e-003 3.00670265e-004 1.47244617e-004 1.22736032e-004 8.40956831e-005 7.48956060e-005 7.12727112e-005 5.10875002e-005 3.42497295e-005 
1.25000000e+000 3.21428571e+001 2.00000000e+001 6.97032026e-004 2.32340425e-004 1.21396692e-004 1.02563676e-004 7.20392385e-005 6.45841652e-005 6.16259330e-005 4.48442658e-005 3.04811300e-005 
1.25000000e+000 3.05357143e+001 2.00000000e+001 3.77645755e-004 1.68255461e-004 9.45545782e-005 8.11439377e-005 5.87004044e-005 5.30528313e-005 5.07913225e-005 3.76686231e-005 2.60673898e-005 
1.25000000e+000 2.85714286e+001 2.00000000e+001 1.69157551e-004 1.05077704e-004 6.49033266e-005 5.69145783e-005 4.29635746e-005 3.93047884e-005 3.78203489e-005 2.88945759e-005 2.05896920e-005 
1.25000000e+000 2.62500000e+001 2.00000000e+001 5.00502444e-005 4.83252664e-005 3.48957700e-005 3.17893277e-005 2.59349298e-005 2.42716016e-005 2.35785470e-005 1.90599641e-005 1.43648896e-005 
1.25000000e+000 2.35714286e+001 2.00000000e+001 1.88411352e-005 2.59742754e-005 2.12549165e-005 1.99604891e-005 1.73262932e-005 1.65126742e-005 1.61640284e-005 1.36688723e-005 1.07650296e-005 
1.25000000e+000 2.05357143e+001 2.00000000e+001 7.23381907e-006 1.42630990e-005 1.32145333e-005 1.27894874e-005 1.18085947e-005 1.14603524e-005 1.13041613e-005 9.99685632e-006 8.21598466e-006 
1.25000000e+000 1.71428571e+001 2.00000000e+001 2.75643478e-006 7.89892134e-006 8.32608472e-006 8.31598914e-006 8.19271302e-006 8.10423098e-006 8.05780243e-006 7.46378656e-006 6.40044136e-006 
1.25000000e+000 1.33928571e+001 2.00000000e+001 1.03947492e-006 4.43567426e-006 5.36086795e-006 5.53697493e-006 5.84399493e-006 5.89764283e-006 5.91271232e-006 5.74115441e-006 5.12911237e-006 
1.25000000e+000 9.28571429e+000 2.00000000e+001 4.01415146e-007 2.61219250e-006 3.63451526e-006 3.88432456e-006 4.39117761e-006 4.51804227e-006 4.56562473e-006 4.63109091e-006 4.28708010e-006 
1.25000000e+000 4.82142857e+000 2.00000000e+001 1.78961332e-007 1.73278177e-006 2.71751033e-006 2.98595757e-006 3.56359257e-006 3.72123568e-006 3.78303881e-006 3.96272880e-006 3.75950480e-006 
1.25000000e+000 0.00000000e+000 2.00000000e+001 1.30960302e-007 1.53355962e-006 2.52452854e-006 2.80383739e-006 3.41497116e-006 3.58516823e-006 3.65251117e-006 3.86915649e-006 3.70212133e-006 
1.50000000e+000 3.50000000e+001 2.00000000e+001 4.38975992e-003 5.55201729e-004 2.25226605e-004 1.80448540e-004 1.14973656e-004 1.00446232e-004 9.48453573e-005 6.51135460e-005 4.20047561e-005 
1.50000000e+000 3.48214286e+001 2.00000000e+001 5.58609369e-003 5.82540596e-004 2.29708947e-004 1.83161559e-004 1.15800878e-004 1.00983447e-004 9.52841123e-005 6.51723372e-005 4.19200135e-005 
1.50000000e+000 3.42857143e+001 2.00000000e+001 2.88468592e-003 4.54624182e-004 1.95601090e-004 1.58640585e-004 1.03341499e-004 9.08061259e-005 8.59424078e-005 5.97563722e-005 3.89787144e-005 
1.50000000e+000 3.33928571e+001 2.00000000e+001 2.03769210e-003 3.76952045e-004 1.70288210e-004 1.39555911e-004 9.26647174e-005 8.18366167e-005 7.76118436e-005 5.45764007e-005 3.59581191e-005 
1.50000000e+000 3.21428571e+001 2.00000000e+001 1.03757843e-003 2.74201542e-004 1.35230725e-004 1.12851561e-004 7.74500281e-005 6.89985496e-005 6.56681898e-005 4.70911399e-005 3.15761236e-005 
1.50000000e+000 3.05357143e+001 2.00000000e+001 4.75354596e-004 1.85861920e-004 1.00956050e-004 8.59842494e-005 6.12946350e-005 5.51690747e-005 5.27270134e-005 3.87183334e-005 2.65399293e-005 
1.50000000e+000 2.85714286e+001 2.00000000e+001 1.77422938e-004 1.07168511e-004 6.55234591e-005 5.73070754e-005 4.30160869e-005 3.92848000e-005 3.77733173e-005 2.87302541e-005 2.03811542e-005 
1.50000000e+000 2.62500000e+001 2.00000000e+001 4.32561878e-005 4.37380325e-005 3.20503687e-005 2.92946911e-005 2.40533608e-005 2.25507848e-005 2.19229873e-005 1.77982246e-005 1.34752733e-005 
1.50000000e+000 2.35714286e+001 2.00000000e+001 1.39240299e-005 2.13581664e-005 1.81037632e-005 1.71422080e-005 1.51254345e-005 1.44828134e-005 1.42047593e-005 1.21521725e-005 9.68713708e-006 
1.50000000e+000 2.05357143e+001 2.00000000e+001 4.55995026e-006 1.06579383e-005 1.04465066e-005 1.02460065e-005 9.71533988e-006 9.50157466e-006 9.40228499e-006 8.47592913e-006 7.10642151e-006 
1.50000000e+000 1.71428571e+001 2.00000000e+001 1.47033772e-006 5.34255131e-006 6.09403806e-006 6.20215577e-006 6.34598948e-006 6.34696098e-006 6.33981890e-006 6.03671022e-006 5.32662380e-006 
1.50000000e+000 1.33928571e+001 2.00000000e+001 4.63952583e-007 2.69940074e-006 3.62188791e-006 3.83609941e-006 4.26038533e-006 4.36388765e-006 4.40240878e-006 4.43644095e-006 4.11678193e-006 
1.50000000e+000 9.28571429e+000 2.00000000e+001 1.47736089e-007 1.42461111e-006 2.26941710e-006 2.50596735e-006 3.02641462e-006 3.17408776e-006 3.23331846e-006 3.43848649e-006 3.33718929e-006 
1.50000000e+000 4.82142857e+000 2.00000000e+001 5.40052044e-008 8.57673685e-007 1.59248621e-006 1.82159781e-006 2.35563880e-006 2.51696330e-006 2.58331665e-006 2.86105814e-006 2.86647997e-006 
1.50000000e+000 0.00000000e+000 2.00000000e+001 3.52906037e-008 7.26220912e-007 1.44032550e-006 1.67140381e-006 2.22031784e-006 2.38910144e-006 2.45897641e-006 2.76391332e-006 2.80105467e-006 
1.75000000e+000 3.50000000e+001 2.00000000e+001 9.29515114e-003 7.70757605e-004 2.78113055e-004 2.17321684e-004 1.32234196e-004 1.14124604e-004 1.07229290e-004 7.16305555e-005 4.51021202e-005 
1.75000000e+000 3.48214286e+001 2.00000000e+001 1.33398358e-002 8.31329759e-004 2.87207267e-004 2.22812246e-004 1.34020300e-004 1.15356285e-004 1.08273459e-004 7.19439382e-005 4.51142991e-005 
1.75000000e+000 3.42857143e+001 2.00000000e+001 5.56960573e-003 6.03784795e-004 2.34804545e-004 1.86396080e-004 1.16715447e-004 1.01486929e-004 9.56427971e-005 6.49485378e-005 4.14799156e-005 
1.75000000e+000 3.33928571e+001 2.00000000e+001 3.72426066e-003 4.83282936e-004 1.99637709e-004 1.60578963e-004 1.03026209e-004 9.01623381e-005 8.51920257e-005 5.86874219e-005 3.79572903e-005 
1.75000000e+000 3.21428571e+001 2.00000000e+001 1.61077369e-003 3.28533514e-004 1.52040378e-004 1.25192431e-004 8.38103349e-005 7.41671894e-005 7.03948854e-005 4.97109333e-005 3.28638228e-005 
1.75000000e+000 3.05357143e+001 2.00000000e+001 6.12678800e-004 2.06913109e-004 1.08368594e-004 9.15695152e-005 6.42956973e-005 5.76277585e-005 5.49814777e-005 3.99725299e-005 2.71378772e-005 
1.75000000e+000 2.85714286e+001 2.00000000e+001 1.86636422e-004 1.09606782e-004 6.63753459e-005 5.79118494e-005 4.32471747e-005 3.94337899e-005 3.78911747e-005 2.87016976e-005 2.02733944e-005 
1.75000000e+000 2.62500000e+001 2.00000000e+001 3.76113042e-005 3.98270247e-005 2.96248814e-005 2.71708066e-005 2.24571940e-005 2.10926331e-005 2.05207536e-005 1.67312761e-005 1.27213122e-005 
1.75000000e+000 2.35714286e+001 2.00000000e+001 1.03811842e-005 1.77097764e-005 1.55493927e-005 1.48455200e-005 1.33138231e-005 1.28071128e-005 1.25853284e-005 1.08882971e-005 8.77890700e-006 
1.75000000e+000 2.05357143e+001 2.00000000e+001 2.90524283e-006 8.04530298e-006 8.34082751e-006 8.28943181e-006 8.06870030e-006 7.95050217e-006 7.89203254e-006 7.24680194e-006 6.19129059e-006 
1.75000000e+000 1.71428571e+001 2.00000000e+001 7.93901227e-007 3.65615327e-006 4.51006318e-006 4.67576330e-006 4.96429152e-006 5.01823114e-006 5.03496515e-006 4.92262365e-006 4.46278432e-006 
1.75000000e+000 1.33928571e+001 2.00000000e+001 2.09960517e-007 1.66399925e-006 2.47445946e-006 2.68588445e-006 3.13405307e-006 3.25658472e-006 3.30513732e-006 3.45176355e-006 3.32175379e-006 
1.75000000e+000 9.28571429e+000 2.00000000e+001 5.52346181e-008 7.86099226e-007 1.42948233e-006 1.62958652e-006 2.09880612e-006 2.24266549e-006 2.30240649e-006 2.56391583e-006 2.60586158e-006 
1.75000000e+000 4.82142857e+000 2.00000000e+001 1.64999020e-008 4.26950637e-007 9.36520603e-007 1.11469505e-006 1.56059952e-006 1.70581015e-006 1.76741705e-006 2.06856014e-006 2.18772691e-006 
1.75000000e+000 0.00000000e+000 2.00000000e+001 9.51536761e-009 3.43967984e-007 8.21839513e-007 9.96435184e-007 1.44367778e-006 1.59214868e-006 1.65554103e-006 1.97446280e-006 2.11935541e-006 
2.00000000e+000 3.50000000e+001 2.00000000e+001 2.05482978e-002 1.09718675e-003 3.49384368e-004 2.65758633e-004 1.53847131e-004 1.31034457e-004 1.22459851e-004 7.94227908e-005 4.87203869e-005 
2.00000000e+000 3.48214286e+001 2.00000000e+001 3.39347819e-002 1.22628634e-003 3.66628440e-004 2.75978286e-004 1.57147373e-004 1.33339028e-004 1.24430826e-004 8.01055140e-005 4.88658794e-005 
2.00000000e+000 3.42857143e+001 2.00000000e+001 1.12069792e-002 8.19894038e-004 2.86025202e-004 2.21852107e-004 1.33100164e-004 1.14428934e-004 1.07344906e-004 7.10658027e-005 4.43733039e-005 
2.00000000e+000 3.33928571e+001 2.00000000e+001 7.14061861e-003 6.33008267e-004 2.37119035e-004 1.86873895e-004 1.15504615e-004 1.00092281e-004 9.41980207e-005 6.34757321e-005 4.02544066e-005 
2.00000000e+000 3.21428571e+001 2.00000000e+001 2.60088847e-003 3.99488613e-004 1.72443187e-004 1.39946554e-004 9.12182164e-005 8.01502862e-005 7.58536914e-005 5.27060153e-005 3.43333651e-005 
2.00000000e+000 3.05357143e+001 2.00000000e+001 8.08912894e-004 2.32081190e-004 1.16870883e-004 9.79309382e-005 6.76867215e-005 6.04058670e-005 5.75298729e-005 4.14032337e-005 2.78388687e-005 
2.00000000e+000 2.85714286e+001 2.00000000e+001 1.96831273e-004 1.12314595e-004 6.73879991e-005 5.86613714e-005 4.35981370e-005 3.96963198e-005 3.81199562e-005 2.87660230e-005 2.02369249e-005 
2.00000000e+000 2.62500000e+001 2.00000000e+001 3.28515080e-005 3.64246599e-005 2.75073891e-005 2.53172462e-005 2.10675527e-005 1.98245280e-005 1.93018717e-005 1.58064429e-005 1.20683862e-005 
2.00000000e+000 2.35714286e+001 2.00000000e+001 7.79137085e-006 1.47751381e-005 1.34376620e-005 1.29359036e-005 1.17918369e-005 1.13954191e-005 1.12194853e-005 9.81496859e-006 8.00102359e-006 
2.00000000e+000 2.05357143e+001 2.00000000e+001 1.86589438e-006 6.11881894e-006 6.70921775e-006 6.75627252e-006 6.74995006e-006 6.70053798e-006 6.67178553e-006 6.23785121e-006 5.42666584e-006 
2.00000000e+000 1.71428571e+001 2.00000000e+001 4.32567767e-007 2.52397723e-006 3.36630724e-006 3.55469351e-006 3.91436783e-006 3.99848033e-006 4.02933989e-006 4.04195237e-006 3.76096291e-006 
2.00000000e+000 1.33928571e+001 2.00000000e+001 9.59883194e-008 1.03588916e-006 1.70586461e-006 1.89692618e-006 2.32329457e-006 2.44813328e-006 2.49920745e-006 2.70203964e-006 2.69323183e-006 
2.00000000e+000 9.28571429e+000 2.00000000e+001 2.08947073e-008 4.38007986e-007 9.07349827e-007 1.06719091e-006 1.46380221e-006 1.59291597e-006 1.64786157e-006 1.91947805e-006 2.04086004e-006 
2.00000000e+000 4.82142857e+000 2.00000000e+001 5.09467656e-009 2.13671161e-007 5.52626621e-007 6.84141070e-007 1.03612183e-006 1.15831832e-006 1.21145173e-006 1.49764286e-006 1.67131348e-006 
2.00000000e+000 0.00000000e+000 2.00000000e+001 2.56706707e-009 1.62947691e-007 4.68985340e-007 5.94094768e-007 9.38755197e-007 1.06110067e-006 1.11467502e-006 1.41055451e-006 1.60360447e-006 
2.25000000e+000 3.50000000e+001 2.00000000e+001 4.71165117e-002 1.59697626e-003 4.45941157e-004 3.29640548e-004 1.80944043e-004 1.51947267e-004 1.41191406e-004 8.87160074e-005 5.29227765e-005 
2.25000000e+000 3.48214286e+001 2.00000000e+001 9.08110751e-002 1.86541901e-003 4.77409938e-004 3.47818477e-004 1.86611495e-004 1.55893806e-004 1.44568192e-004 8.99302636e-005 5.32503103e-005 
2.25000000e+000 3.42857143e+001 2.00000000e+001 2.33635119e-002 1.13601325e-003 3.53231611e-004 2.67280474e-004 1.53177411e-004 1.30099404e-004 1.21445679e-004 7.82445153e-005 4.76949184e-005 
2.25000000e+000 3.33928571e+001 2.00000000e+001 1.42723805e-002 8.46181908e-004 2.85210585e-004 2.19867246e-004 1.30529389e-004 1.11919801e-004 1.04878432e-004 6.90236229e-005 4.28681979e-005 
2.25000000e+000 3.21428571e+001 2.00000000e+001 4.35364957e-003 4.92860659e-004 1.97255877e-004 1.57593388e-004 9.98172308e-005 8.70433815e-005 8.21241941e-005 5.60963664e-005 3.59832012e-005 
2.25000000e+000 3.05357143e+001 2.00000000e+001 1.09407688e-003 2.62258204e-004 1.26592333e-004 1.05138479e-004 7.14757007e-005 6.35024444e-005 6.03683212e-005 4.29971331e-005 2.86294146e-005 
2.25000000e+000 2.85714286e+001 2.00000000e+001 2.08085088e-004 1.15254082e-004 6.85226893e-005 5.95179974e-005 4.40346096e-005 4.00393908e-005 3.84273022e-005 2.88962247e-005 2.02520565e-005 
2.25000000e+000 2.62500000e+001 2.00000000e+001 2.87960990e-005 3.34239015e-005 2.56280491e-005 2.36713397e-005 1.98345654e-005 1.87001881e-005 1.82215682e-005 1.49889464e-005 1.14925853e-005 
2.25000000e+000 2.35714286e+001 2.00000000e+001 5.87829358e-006 1.23853734e-005 1.16672775e-005 1.13249851e-005 1.04934480e-005 1.01876252e-005 1.00495512e-005 8.88948084e-006 7.32547848e-006 
2.25000000e+000 2.05357143e+001 2.00000000e+001 1.20593815e-006 4.68061242e-006 5.42772011e-006 5.53822606e-006 5.67893177e-006 5.67913920e-006 5.67213052e-006 5.39878570e-006 4.78051750e-006 
2.25000000e+000 1.71428571e+001 2.00000000e+001 2.37364899e-007 1.75411249e-006 2.52935549e-006 2.72031672e-006 3.10635225e-006 3.20611603e-006 3.24480551e-006 3.33818258e-006 3.18565286e-006 
2.25000000e+000 1.33928571e+001 2.00000000e+001 4.42287239e-008 6.49838963e-007 1.18464485e-006 1.34930746e-006 1.73356475e-006 1.85199811e-006 1.90151354e-006 2.12658951e-006 2.19324303e-006 
2.25000000e+000 9.28571429e+000 2.00000000e+001 7.97589146e-009 2.46028838e-007 5.79798608e-007 7.03258844e-007 1.02620577e-006 1.13687542e-006 1.18491328e-006 1.44242899e-006 1.60289291e-006 
2.25000000e+000 4.82142857e+000 2.00000000e+001 1.58728627e-009 1.07463314e-007 3.27153400e-007 4.21084909e-007 6.89349266e-007 7.88036371e-007 8.31875779e-007 1.08576436e-006 1.27801960e-006 
2.25000000e+000 0.00000000e+000 2.00000000e+001 6.92934146e-010 7.72074184e-008 2.67656180e-007 3.54243025e-007 6.10465793e-007 7.07218212e-007 7.50549379e-007 1.00773686e-006 1.21339433e-006 
2.50000000e+000 3.50000000e+001 2.00000000e+001 1.11450892e-001 2.37074155e-003 5.77522368e-004 4.14289554e-004 2.14998949e-004 1.77855816e-004 1.64262217e-004 9.97944955e-005 5.77900320e-005 
2.50000000e+000 3.48214286e+001 2.00000000e+001 2.52776774e-001 2.91943272e-003 6.33562734e-004 4.45727531e-004 2.24335239e-004 1.84294542e-004 1.69754207e-004 1.01768391e-004 5.83646584e-005 
2.50000000e+000 3.42857143e+001 2.00000000e+001 5.02123841e-002 1.60298851e-003 4.41850924e-004 3.25711618e-004 1.77819829e-004 1.49091612e-004 1.38447808e-004 8.66573623e-005 5.14930157e-005 
2.50000000e+000 3.33928571e+001 2.00000000e+001 2.95573160e-002 1.15316995e-003 3.47264549e-004 2.61445113e-004 1.48650013e-004 1.26018925e-004 1.17550174e-004 7.54387010e-005 4.58269270e-005 
2.50000000e+000 3.21428571e+001 2.00000000e+001 7.52687192e-003 6.16748276e-004 2.27533685e-004 1.78746228e-004 1.09793516e-004 9.49731174e-005 8.93133605e-005 5.99152753e-005 3.78184361e-005 
2.50000000e+000 3.05357143e+001 2.00000000e+001 1.51528830e-003 2.98594413e-004 1.37704985e-004 1.13291423e-004 7.56867192e-005 6.69304986e-005 6.35061371e-005 4.47501413e-005 2.95018519e-005 
2.50000000e+000 2.85714286e+001 2.00000000e+001 2.20506515e-004 1.18407558e-004 6.97573928e-005 6.04598432e-005 4.45357602e-005 4.04427278e-005 3.87932120e-005 2.90749238e-005 2.03054579e-005 
2.50000000e+000 2.62500000e+001 2.00000000e+001 2.53140384e-005 3.07511329e-005 2.39402775e-005 2.21915049e-005 1.87251878e-005 1.76888526e-005 1.72500283e-005 1.42551743e-005 1.09771032e-005 
2.50000000e+000 2.35714286e+001 2.00000000e+001 4.45381125e-006 1.04215694e-005 1.01677426e-005 9.95146041e-006 9.37292776e-006 9.14202108e-006 9.03544892e-006 8.08172591e-006 6.73195749e-006 
2.50000000e+000 2.05357143e+001 2.00000000e+001 7.83388346e-007 3.59700210e-006 4.41093665e-006 4.56037933e-006 4.79956899e-006 4.83530190e-006 4.84414509e-006 4.69346315e-006 4.22912564e-006 
2.50000000e+000 1.71428571e+001 2.00000000e+001 1.30996932e-007 1.22557251e-006 1.91057569e-006 2.09282267e-006 2.47803919e-006 2.58411406e-006 2.62651863e-006 2.77048730e-006 2.71026079e-006 
2.50000000e+000 1.33928571e+001 2.00000000e+001 2.05075797e-008 4.10154939e-007 8.27615514e-007 9.65448258e-007 1.30072282e-006 1.40859904e-006 1.45447298e-006 1.68167048e-006 1.79319121e-006 
2.50000000e+000 9.28571429e+000 2.00000000e+001 3.06634596e-009 1.39121895e-007 3.72654316e-007 4.65986323e-007 7.22794377e-007 8.14967187e-007 8.55671104e-007 1.08774492e-006 1.26229853e-006 
2.50000000e+000 4.82142857e+000 2.00000000e+001 4.98321150e-010 5.42945135e-008 1.94270344e-007 2.59880946e-007 4.59566022e-007 5.37108472e-007 5.72235024e-007 7.88202596e-007 9.78195451e-007 
2.50000000e+000 0.00000000e+000 2.00000000e+001 1.87149039e-010 3.65889698e-008 1.52770996e-007 2.11244636e-007 3.97006070e-007 4.71383212e-007 5.05397285e-007 7.19980506e-007 9.18158978e-007 
END