TITLE="2RS_E_WD210.dat"
VARIABLES= "Density" "Radius" "Height" "0.1053" "0.356" "0.6617" "0.7889" "1.1732" "1.3325" "1.408" "2" "3" 
ZONE T="3D Data" I=11 J=15 K=3 F=POINT
0.00000000e+000 3.50000000e+001 0.00000000e+000 2.64800704e-004 1.77937214e-004 1.13569031e-004 1.00476036e-004 7.72094583e-005 7.09571941e-005 6.83953159e-005 5.26011595e-005 3.73610255e-005 
0.00000000e+000 3.48214286e+001 0.00000000e+000 2.64515108e-004 1.77746689e-004 1.13438366e-004 1.00355721e-004 7.71068130e-005 7.08596894e-005 6.83000433e-005 5.25226201e-005 3.73038229e-005 
0.00000000e+000 3.42857143e+001 0.00000000e+000 2.63867817e-004 1.77315880e-004 1.13129695e-004 1.00068057e-004 7.68555067e-005 7.06195586e-005 6.80648869e-005 5.23270418e-005 3.71617590e-005 
0.00000000e+000 3.33928571e+001 0.00000000e+000 2.62496982e-004 1.76392349e-004 1.12486219e-004 9.94752466e-005 7.63518901e-005 7.01423313e-005 6.75991157e-005 5.19460052e-005 3.68864783e-005 
0.00000000e+000 3.21428571e+001 0.00000000e+000 2.60770798e-004 1.75310578e-004 1.11719693e-004 9.87621500e-005 7.57332807e-005 6.95529407e-005 6.70226630e-005 5.14698269e-005 3.65413715e-005 
0.00000000e+000 3.05357143e+001 0.00000000e+000 2.57807338e-004 1.73413391e-004 1.10414802e-004 9.75670321e-005 7.47350909e-005 6.86123840e-005 6.61068252e-005 5.07291162e-005 3.60070113e-005 
0.00000000e+000 2.85714286e+001 0.00000000e+000 2.53258463e-004 1.70445645e-004 1.08427076e-004 9.57688642e-005 7.32762378e-005 6.72494042e-005 6.47841908e-005 4.96768512e-005 3.52507861e-005 
0.00000000e+000 2.62500000e+001 0.00000000e+000 2.45416792e-004 1.65294630e-004 1.05067320e-004 9.27673956e-005 7.09156622e-005 6.50647669e-005 6.26723891e-005 4.80284388e-005 3.40717706e-005 
0.00000000e+000 2.35714286e+001 0.00000000e+000 2.32115008e-004 1.56442512e-004 9.94388135e-005 8.77955110e-005 6.71125224e-005 6.15752194e-005 5.93111070e-005 4.54520498e-005 3.22418552e-005 
0.00000000e+000 2.05357143e+001 0.00000000e+000 2.10186241e-004 1.41947966e-004 9.03624380e-005 7.98289030e-005 6.11160047e-005 5.61015921e-005 5.40501015e-005 4.14661490e-005 2.94258062e-005 
0.00000000e+000 1.71428571e+001 0.00000000e+000 1.80892085e-004 1.22536320e-004 7.82612063e-005 6.92332302e-005 5.31957320e-005 4.88895833e-005 4.71255311e-005 3.62510080e-005 2.57523390e-005 
0.00000000e+000 1.33928571e+001 0.00000000e+000 1.46337191e-004 9.95898709e-005 6.39425454e-005 5.66942846e-005 4.38264913e-005 4.03612591e-005 3.89386082e-005 3.00925074e-005 2.14142120e-005 
0.00000000e+000 9.28571429e+000 0.00000000e+000 1.13895745e-004 7.80192293e-005 5.03794182e-005 4.47896644e-005 3.48971671e-005 3.22279805e-005 3.11293207e-005 2.42153425e-005 1.72743531e-005 
0.00000000e+000 4.82142857e+000 0.00000000e+000 8.85922235e-005 6.15098306e-005 3.97794876e-005 3.54149422e-005 2.77779884e-005 2.57301179e-005 2.48864425e-005 1.95130482e-005 1.39738297e-005 
0.00000000e+000 0.00000000e+000 0.00000000e+000 8.35711104e-005 5.82026131e-005 3.69989176e-005 3.27599208e-005 2.55034570e-005 2.36043293e-005 2.28269316e-005 1.79124020e-005 1.28501761e-005 
2.50000000e-001 3.50000000e+001 0.00000000e+000 2.79402354e-004 1.76694710e-004 1.11673393e-004 9.86650915e-005 7.57031310e-005 6.95632696e-005 6.70504910e-005 5.15850109e-005 3.66798786e-005 
2.50000000e-001 3.48214286e+001 0.00000000e+000 2.80468244e-004 1.76884106e-004 1.11707801e-004 9.86765284e-005 7.56810999e-005 6.95346585e-005 6.70195678e-005 5.15469818e-005 3.66456155e-005 
2.50000000e-001 3.42857143e+001 0.00000000e+000 2.72548556e-004 1.73926238e-004 1.10206256e-004 9.74183625e-005 7.48115640e-005 6.87593689e-005 6.62817489e-005 5.10233713e-005 3.63105310e-005 
2.50000000e-001 3.33928571e+001 0.00000000e+000 2.66235479e-004 1.71092551e-004 1.08639585e-004 9.60706460e-005 7.38220919e-005 6.78602018e-005 6.54190929e-005 5.03808770e-005 3.58797128e-005 
2.50000000e-001 3.21428571e+001 0.00000000e+000 2.49635212e-004 1.64608485e-004 1.05297140e-004 9.32579002e-005 7.18615775e-005 6.61081563e-005 6.37501572e-005 4.91899105e-005 3.51126007e-005 
2.50000000e-001 3.05357143e+001 0.00000000e+000 2.30632623e-004 1.56388453e-004 1.00910188e-004 8.95387324e-005 6.92357566e-005 6.37538279e-005 6.15044746e-005 4.75735643e-005 3.40577198e-005 
2.50000000e-001 2.85714286e+001 0.00000000e+000 1.99615165e-004 1.42575943e-004 9.35831769e-005 8.33592937e-005 6.49422385e-005 5.99266519e-005 5.78631814e-005 4.49917770e-005 3.23903187e-005 
2.50000000e-001 2.62500000e+001 0.00000000e+000 1.53369332e-004 1.21608752e-004 8.24934423e-005 7.40319044e-005 5.85154254e-005 5.42147097e-005 5.24354292e-005 4.11680746e-005 2.99223812e-005 
2.50000000e-001 2.35714286e+001 0.00000000e+000 1.22347510e-004 1.05029618e-004 7.30380541e-005 6.59195281e-005 5.26828148e-005 4.89620967e-005 4.74157423e-005 3.75004069e-005 2.74447010e-005 
2.50000000e-001 2.05357143e+001 0.00000000e+000 9.51606736e-005 8.79408529e-005 6.26127143e-005 5.68290179e-005 4.59338454e-005 4.28276461e-005 4.15303495e-005 3.30940412e-005 2.43769375e-005 
2.50000000e-001 1.71428571e+001 0.00000000e+000 7.13404585e-005 7.06426147e-005 5.14790968e-005 4.70007109e-005 3.84633379e-005 3.59929417e-005 3.49553692e-005 2.80905433e-005 2.08259190e-005 
2.50000000e-001 1.33928571e+001 0.00000000e+000 5.12427243e-005 5.40075259e-005 4.02462673e-005 3.69706277e-005 3.06672157e-005 2.88159468e-005 2.80334047e-005 2.27433186e-005 1.69683890e-005 
2.50000000e-001 9.28571429e+000 0.00000000e+000 3.62958105e-005 4.03586984e-005 3.06547146e-005 2.83206672e-005 2.38141790e-005 2.24750785e-005 2.19053382e-005 1.79555582e-005 1.34768919e-005 
2.50000000e-001 4.82142857e+000 0.00000000e+000 2.65097915e-005 3.08655988e-005 2.36883044e-005 2.19576029e-005 1.86561541e-005 1.76777499e-005 1.72600367e-005 1.42945180e-005 1.07950537e-005 
2.50000000e-001 0.00000000e+000 0.00000000e+000 2.44182782e-005 2.88833579e-005 2.18626494e-005 2.01693257e-005 1.70314359e-005 1.61311577e-005 1.57499749e-005 1.30653711e-005 9.89226652e-006 
5.00000000e-001 3.50000000e+001 0.00000000e+000 3.55819427e-004 1.92832758e-004 1.16943352e-004 1.02437309e-004 7.73996316e-005 7.08450516e-005 6.81798893e-005 5.20251164e-005 3.67532963e-005 
5.00000000e-001 3.48214286e+001 0.00000000e+000 3.60390963e-004 1.93781567e-004 1.17278449e-004 1.02682765e-004 7.75131794e-005 7.09303880e-005 6.82546449e-005 5.20507861e-005 3.67534263e-005 
5.00000000e-001 3.42857143e+001 0.00000000e+000 3.38793968e-004 1.87529046e-004 1.14379115e-004 1.00312931e-004 7.59642735e-005 6.95733521e-005 6.69727827e-005 5.11804279e-005 3.62183088e-005 
5.00000000e-001 3.33928571e+001 0.00000000e+000 3.25624182e-004 1.82774189e-004 1.11953165e-004 9.82720488e-005 7.45373167e-005 6.82955722e-005 6.57544040e-005 5.03042852e-005 3.56480150e-005 
5.00000000e-001 3.21428571e+001 0.00000000e+000 2.85119470e-004 1.69973916e-004 1.05845207e-004 9.32434228e-005 7.12021461e-005 6.53611916e-005 6.29776906e-005 4.83991389e-005 3.44637604e-005 
5.00000000e-001 3.05357143e+001 0.00000000e+000 2.47683608e-004 1.55788657e-004 9.86509261e-005 8.72359261e-005 6.71072753e-005 6.17308457e-005 5.95315335e-005 4.59898686e-005 3.29343356e-005 
5.00000000e-001 2.85714286e+001 0.00000000e+000 1.92573607e-004 1.32834528e-004 8.68090248e-005 7.73377808e-005 6.03804068e-005 5.57794051e-005 5.38876628e-005 4.20702997e-005 3.04578373e-005 
5.00000000e-001 2.62500000e+001 0.00000000e+000 1.17935429e-004 9.89004298e-005 6.90968592e-005 6.25306145e-005 5.03508244e-005 4.69216107e-005 4.54944300e-005 3.62695469e-005 2.67995086e-005 
5.00000000e-001 2.35714286e+001 0.00000000e+000 7.83983888e-005 7.69568148e-005 5.66750228e-005 5.19227295e-005 4.28271163e-005 4.01805933e-005 3.90671798e-005 3.16471445e-005 2.37389574e-005 
5.00000000e-001 2.05357143e+001 0.00000000e+000 5.12503150e-005 5.85817110e-005 4.53577748e-005 4.20468970e-005 3.54987116e-005 3.35245142e-005 3.26840074e-005 2.68870796e-005 2.04493618e-005 
5.00000000e-001 1.71428571e+001 0.00000000e+000 3.24729521e-005 4.30774760e-005 3.50203579e-005 3.28470230e-005 2.83941287e-005 2.69963198e-005 2.63928453e-005 2.20547707e-005 1.69973580e-005 
5.00000000e-001 1.33928571e+001 0.00000000e+000 1.99518783e-005 3.04560495e-005 2.59186770e-005 2.45875779e-005 2.17599512e-005 2.08310496e-005 2.04233448e-005 1.73394608e-005 1.35273476e-005 
5.00000000e-001 9.28571429e+000 0.00000000e+000 1.23120275e-005 2.13369783e-005 1.88874421e-005 1.80995171e-005 1.63730750e-005 1.57786037e-005 1.55127907e-005 1.33758390e-005 1.05480323e-005 
5.00000000e-001 4.82142857e+000 0.00000000e+000 8.09858314e-006 1.55950904e-005 1.41608592e-005 1.36587578e-005 1.25583660e-005 1.21700544e-005 1.19938184e-005 1.04862534e-005 8.34741509e-006 
5.00000000e-001 0.00000000e+000 0.00000000e+000 7.13468391e-006 1.43335297e-005 1.29186376e-005 1.24176681e-005 1.13737471e-005 1.10240073e-005 1.08670651e-005 9.52993037e-006 7.61522210e-006 
7.50000000e-001 3.50000000e+001 0.00000000e+000 4.92893887e-004 2.20561820e-004 1.26884335e-004 1.09872634e-004 8.12548807e-005 7.39504426e-005 7.10041361e-005 5.34979456e-005 3.73849335e-005 
7.50000000e-001 3.48214286e+001 0.00000000e+000 5.05265245e-004 2.22755162e-004 1.27671577e-004 1.10463206e-004 8.15608835e-005 7.41957825e-005 7.12266159e-005 5.36103200e-005 3.74306112e-005 
7.50000000e-001 3.42857143e+001 0.00000000e+000 4.54792810e-004 2.11628077e-004 1.22950615e-004 1.06687428e-004 7.92016102e-005 7.21559940e-005 6.93104875e-005 5.23505930e-005 3.66783415e-005 
7.50000000e-001 3.33928571e+001 0.00000000e+000 4.29538462e-004 2.04380905e-004 1.19546640e-004 1.03881736e-004 7.73194040e-005 7.04902064e-005 6.77297759e-005 5.12439247e-005 3.59736572e-005 
7.50000000e-001 3.21428571e+001 0.00000000e+000 3.43808737e-004 1.82959056e-004 1.10076220e-004 9.62304917e-005 7.24391383e-005 6.62454060e-005 6.37322662e-005 4.85761633e-005 3.43558984e-005 
7.50000000e-001 3.05357143e+001 0.00000000e+000 2.79068760e-004 1.61948592e-004 9.99368142e-005 8.78669482e-005 6.68815424e-005 6.13550913e-005 5.91046142e-005 4.53993570e-005 3.23723315e-005 
7.50000000e-001 2.85714286e+001 0.00000000e+000 1.95421099e-004 1.29894434e-004 8.38110880e-005 7.44718398e-005 5.78976326e-005 5.34387021e-005 5.16101486e-005 4.02477785e-005 2.91501730e-005 
7.50000000e-001 2.62500000e+001 0.00000000e+000 9.74829776e-005 8.49344832e-005 6.03194722e-005 5.48462095e-005 4.46469172e-005 4.17537956e-005 4.05460642e-005 3.26425137e-005 2.43900663e-005 
7.50000000e-001 2.35714286e+001 0.00000000e+000 5.46686353e-005 5.95443456e-005 4.57233354e-005 4.23541024e-005 3.57711048e-005 3.38037106e-005 3.29679305e-005 2.72099236e-005 2.08173987e-005 
7.50000000e-001 2.05357143e+001 0.00000000e+000 3.01916405e-005 4.10525195e-005 3.40069877e-005 3.20737706e-005 2.80740245e-005 2.67992633e-005 2.62459711e-005 2.21843912e-005 1.73476426e-005 
7.50000000e-001 1.71428571e+001 0.00000000e+000 1.61274717e-005 2.74338926e-005 2.45014440e-005 2.35276145e-005 2.13455114e-005 2.05845303e-005 2.02443696e-005 1.75231330e-005 1.39908975e-005 
7.50000000e-001 1.33928571e+001 0.00000000e+000 8.37461743e-006 1.77528508e-005 1.70361727e-005 1.66446987e-005 1.56390267e-005 1.52335394e-005 1.50440531e-005 1.33284647e-005 1.08466037e-005 
7.50000000e-001 9.28571429e+000 0.00000000e+000 4.39657951e-006 1.15079765e-005 1.17753128e-005 1.16850840e-005 1.13381786e-005 1.11487661e-005 1.10532420e-005 1.00091562e-005 8.28160082e-006 
7.50000000e-001 4.82142857e+000 0.00000000e+000 2.52257391e-006 7.93243184e-006 8.49762537e-006 8.52400790e-006 8.47270873e-006 8.39515816e-006 8.35028632e-006 7.70322386e-006 6.46091915e-006 
7.50000000e-001 0.00000000e+000 0.00000000e+000 2.08466019e-006 7.11309964e-006 7.63362448e-006 7.64519984e-006 7.59549284e-006 7.53379027e-006 7.49798820e-006 6.95116761e-006 5.86231806e-006 
1.00000000e+000 3.50000000e+001 0.00000000e+000 7.28861719e-004 2.59954637e-004 1.40798396e-004 1.20327906e-004 8.68117294e-005 7.84821571e-005 7.51507003e-005 5.57721473e-005 3.84542708e-005 
1.00000000e+000 3.48214286e+001 0.00000000e+000 7.58436915e-004 2.64116136e-004 1.42232972e-004 1.21401827e-004 8.73762421e-005 7.89399755e-005 7.55684345e-005 5.59961120e-005 3.85571034e-005 
1.00000000e+000 3.42857143e+001 0.00000000e+000 6.46765979e-004 2.45551555e-004 1.35042160e-004 1.15774308e-004 8.40105189e-005 7.60664437e-005 7.28831982e-005 5.42831105e-005 3.75616827e-005 
1.00000000e+000 3.33928571e+001 0.00000000e+000 6.00987955e-004 2.34860101e-004 1.30423797e-004 1.12046234e-004 8.16118739e-005 7.39682856e-005 7.09017073e-005 5.29320029e-005 3.67197687e-005 
1.00000000e+000 3.21428571e+001 0.00000000e+000 4.28124852e-004 2.01123817e-004 1.16644052e-004 1.01122487e-004 7.49049402e-005 6.81980136e-005 6.54921350e-005 4.94140682e-005 3.46350514e-005 
1.00000000e+000 3.05357143e+001 0.00000000e+000 3.21354993e-004 1.71689645e-004 1.03172888e-004 9.01498401e-005 6.77941223e-005 6.19852073e-005 5.96302190e-005 4.54561657e-005 3.21994500e-005 
1.00000000e+000 2.85714286e+001 0.00000000e+000 2.01445242e-004 1.29800462e-004 8.26822668e-005 7.32391008e-005 5.65966199e-005 5.21538991e-005 5.03368140e-005 3.91223769e-005 2.82682068e-005 
1.00000000e+000 2.62500000e+001 0.00000000e+000 8.30131299e-005 7.51193126e-005 5.40333793e-005 4.92951883e-005 4.04284743e-005 3.78993503e-005 3.68413658e-005 2.98581249e-005 2.24838456e-005 
1.00000000e+000 2.35714286e+001 0.00000000e+000 3.96961748e-005 4.76349944e-005 3.78930047e-005 3.54200401e-005 3.04961933e-005 2.89881914e-005 2.83419270e-005 2.37503517e-005 1.84679675e-005 
1.00000000e+000 2.05357143e+001 0.00000000e+000 1.86612915e-005 2.97760169e-005 2.61644015e-005 2.50484780e-005 2.26204496e-005 2.17956566e-005 2.14298403e-005 1.85471290e-005 1.48621667e-005 
1.00000000e+000 1.71428571e+001 0.00000000e+000 8.43914561e-006 1.80479300e-005 1.75372300e-005 1.71994758e-005 1.62995105e-005 1.59216801e-005 1.57432962e-005 1.40715190e-005 1.16060295e-005 
1.00000000e+000 1.33928571e+001 0.00000000e+000 3.69798814e-006 1.06325366e-005 1.13989656e-005 1.14457267e-005 1.13713968e-005 1.12582264e-005 1.11941204e-005 1.03239043e-005 8.74477068e-006 
1.00000000e+000 9.28571429e+000 0.00000000e+000 1.63418111e-006 6.31859270e-006 7.42220234e-006 7.61587700e-006 7.90535576e-006 7.92591088e-006 7.92195714e-006 7.52244793e-006 6.52200084e-006 
1.00000000e+000 4.82142857e+000 0.00000000e+000 7.99793864e-007 4.06094864e-006 5.11824505e-006 5.33648437e-006 5.72894969e-006 5.80262105e-006 5.82455208e-006 5.66656371e-006 5.00551064e-006 
1.00000000e+000 0.00000000e+000 0.00000000e+000 6.09111279e-007 3.52992033e-006 4.51071120e-006 4.70693031e-006 5.07234098e-006 5.14858206e-006 5.17341490e-006 5.07020884e-006 4.51290528e-006 
1.25000000e+000 3.50000000e+001 0.00000000e+000 1.14219107e-003 3.13806189e-004 1.58853469e-004 1.33795305e-004 9.39301861e-005 8.42954897e-005 8.04756708e-005 5.87325478e-005 3.98903189e-005 
1.25000000e+000 3.48214286e+001 0.00000000e+000 1.20953747e-003 3.21059879e-004 1.61201785e-004 1.35535190e-004 9.48347979e-005 8.50293377e-005 8.11457498e-005 5.90965821e-005 4.00629853e-005 
1.25000000e+000 3.42857143e+001 0.00000000e+000 9.68376831e-004 2.91085203e-004 1.50618683e-004 1.27432389e-004 9.01962202e-005 8.11182909e-005 7.75098891e-005 5.68452506e-005 3.87899502e-005 
1.25000000e+000 3.33928571e+001 0.00000000e+000 8.89881553e-004 2.75636235e-004 1.44454314e-004 1.22556958e-004 8.71873885e-005 7.85173652e-005 7.50655166e-005 5.52231405e-005 3.78019772e-005 
1.25000000e+000 3.21428571e+001 0.00000000e+000 5.47843513e-004 2.24096184e-004 1.25039998e-004 1.07459154e-004 7.82662230e-005 7.09253373e-005 6.79801232e-005 5.07326712e-005 3.52020145e-005 
1.25000000e+000 3.05357143e+001 0.00000000e+000 3.76085692e-004 1.83992005e-004 1.07663587e-004 9.34884299e-005 6.94424145e-005 6.32713580e-005 6.07798708e-005 4.59519250e-005 3.23028777e-005 
1.25000000e+000 2.85714286e+001 0.00000000e+000 2.09051142e-004 1.31060456e-004 8.25407437e-005 7.28982504e-005 5.59912328e-005 5.15053705e-005 4.96746666e-005 3.84480433e-005 2.76800566e-005 
1.25000000e+000 2.62500000e+001 0.00000000e+000 7.17909983e-005 6.75627560e-005 4.91968151e-005 4.50149439e-005 3.71457196e-005 3.48873830e-005 3.39407291e-005 2.76460441e-005 2.09383473e-005 
1.25000000e+000 2.35714286e+001 0.00000000e+000 2.94906136e-005 3.89184795e-005 3.19926436e-005 3.01490682e-005 2.64015976e-005 2.52237988e-005 2.47145000e-005 2.09823803e-005 1.65428002e-005 
1.25000000e+000 2.05357143e+001 0.00000000e+000 1.18691835e-005 2.21114671e-005 2.05220878e-005 1.99160335e-005 1.85002473e-005 1.79757226e-005 1.77365671e-005 1.56796392e-005 1.28427819e-005 
1.25000000e+000 1.71428571e+001 0.00000000e+000 4.56383323e-006 1.21621350e-005 1.27836489e-005 1.27844110e-005 1.26125669e-005 1.24670952e-005 1.23889542e-005 1.14066509e-005 9.69580990e-006 
1.25000000e+000 1.33928571e+001 0.00000000e+000 1.68982054e-006 6.50811750e-006 7.74442046e-006 7.97876516e-006 8.35498572e-006 8.39994314e-006 8.40604352e-006 8.05329164e-006 7.08653494e-006 
1.25000000e+000 9.28571429e+000 0.00000000e+000 6.26119958e-007 3.52405479e-006 4.72562955e-006 5.00756198e-006 5.54746809e-006 5.66754625e-006 5.70937751e-006 5.67713779e-006 5.15145131e-006 
1.25000000e+000 4.82142857e+000 0.00000000e+000 2.57621694e-007 2.09183838e-006 3.09396775e-006 3.35129188e-006 3.88216514e-006 4.01850396e-006 4.07031544e-006 4.17402245e-006 3.88159680e-006 
1.25000000e+000 0.00000000e+000 0.00000000e+000 1.77974935e-007 1.75174621e-006 2.66538166e-006 2.89792288e-006 3.38735734e-006 3.51853465e-006 3.56952102e-006 3.69823063e-006 3.47410626e-006 
1.50000000e+000 3.50000000e+001 0.00000000e+000 1.88527179e-003 3.87016798e-004 1.81734423e-004 1.50638131e-004 1.02656365e-004 9.13956834e-005 8.69716791e-005 6.23366903e-005 4.16550616e-005 
1.50000000e+000 3.48214286e+001 0.00000000e+000 2.03485925e-003 3.99123101e-004 1.85367477e-004 1.53290905e-004 1.04004833e-004 9.24849140e-005 8.79648405e-005 6.28744826e-005 4.19118686e-005 
1.50000000e+000 3.42857143e+001 0.00000000e+000 1.51938514e-003 3.51646717e-004 1.70108755e-004 1.41863454e-004 9.77441669e-005 8.72718203e-005 8.31436239e-005 5.99769899e-005 4.03181197e-005 
1.50000000e+000 3.33928571e+001 0.00000000e+000 1.39274924e-003 3.29730981e-004 1.61975340e-004 1.35553511e-004 9.40035876e-005 8.40759087e-005 8.01545838e-005 5.80471206e-005 3.91704828e-005 
1.50000000e+000 3.21428571e+001 0.00000000e+000 7.19007224e-004 2.52352618e-004 1.35138747e-004 1.15084694e-004 8.23664595e-005 7.42805165e-005 7.10542565e-005 5.24276377e-005 3.59931361e-005 
1.50000000e+000 3.05357143e+001 0.00000000e+000 4.46699424e-004 1.98619456e-004 1.13112083e-004 9.76074500e-005 7.16133411e-005 6.50215690e-005 6.23706224e-005 4.67602903e-005 3.26083478e-005 
1.50000000e+000 2.85714286e+001 0.00000000e+000 2.17773446e-004 1.33061560e-004 8.29600573e-005 7.30745964e-005 5.58115683e-005 5.12534676e-005 4.93965757e-005 3.80720045e-005 2.72975746e-005 
1.50000000e+000 2.62500000e+001 0.00000000e+000 6.26796738e-005 6.13975284e-005 4.52711831e-005 4.15431652e-005 3.44795764e-005 3.24377879e-005 3.15799049e-005 2.58330601e-005 1.96559476e-005 
1.50000000e+000 2.35714286e+001 0.00000000e+000 2.22347812e-005 3.22448748e-005 2.73667768e-005 2.59900153e-005 2.31220496e-005 2.21935233e-005 2.17879966e-005 1.87161439e-005 1.49376421e-005 
1.50000000e+000 2.05357143e+001 0.00000000e+000 7.69320941e-006 1.66937994e-005 1.63305539e-005 1.60535886e-005 1.53113213e-005 1.49933011e-005 1.48422439e-005 1.33795917e-005 1.11808154e-005 
1.50000000e+000 1.71428571e+001 0.00000000e+000 2.52356084e-006 8.34404078e-006 9.45496731e-006 9.63178024e-006 9.86915434e-006 9.86448688e-006 9.84855833e-006 9.32318332e-006 8.15165165e-006 
1.50000000e+000 1.33928571e+001 0.00000000e+000 7.90789804e-007 4.05311929e-006 5.33005737e-006 5.62766432e-006 6.19578042e-006 6.32100387e-006 6.36451643e-006 6.32285421e-006 5.77037698e-006 
1.50000000e+000 9.28571429e+000 0.00000000e+000 2.45410275e-007 1.99223044e-006 3.03631520e-006 3.31920005e-006 3.91636484e-006 4.07487657e-006 4.13637613e-006 4.30155534e-006 4.08052101e-006 
1.50000000e+000 4.82142857e+000 0.00000000e+000 8.41399736e-008 1.08384955e-006 1.87685589e-006 2.11094468e-006 2.63632775e-006 2.78826023e-006 2.84959540e-006 3.07871270e-006 3.01283993e-006 
1.50000000e+000 0.00000000e+000 0.00000000e+000 5.20022195e-008 8.69316135e-007 1.57497601e-006 1.78416909e-006 2.26210977e-006 2.40456270e-006 2.46287660e-006 2.69750457e-006 2.67442248e-006 
1.75000000e+000 3.50000000e+001 0.00000000e+000 3.25868632e-003 4.86930974e-004 2.10541522e-004 1.71495453e-004 1.13161126e-004 9.98871337e-005 9.47213273e-005 6.65901647e-005 4.37330484e-005 
1.75000000e+000 3.48214286e+001 0.00000000e+000 3.58541823e-003 5.06645832e-004 2.15979157e-004 1.75397761e-004 1.15087113e-004 1.01432261e-004 9.61265356e-005 6.73422981e-005 4.40904736e-005 
1.75000000e+000 3.42857143e+001 0.00000000e+000 2.48685296e-003 4.32347187e-004 1.94273164e-004 1.59499864e-004 1.06753274e-004 9.45793666e-005 8.98216529e-005 6.36650032e-005 4.21236502e-005 
1.75000000e+000 3.33928571e+001 0.00000000e+000 2.29803146e-003 4.01811608e-004 1.83652043e-004 1.51405145e-004 1.02133122e-004 9.06760941e-005 8.61881407e-005 6.13817304e-005 4.07987163e-005 
1.75000000e+000 3.21428571e+001 0.00000000e+000 9.66392360e-004 2.86847973e-004 1.47009314e-004 1.24000073e-004 8.71461395e-005 7.81992239e-005 7.46493783e-005 5.44407690e-005 3.69680656e-005 
1.75000000e+000 3.05357143e+001 0.00000000e+000 5.38284260e-004 2.15663226e-004 1.19407397e-004 1.02387714e-004 7.41953526e-005 6.71309984e-005 6.43008771e-005 4.78044227e-005 3.30667707e-005 
1.75000000e+000 2.85714286e+001 0.00000000e+000 2.27473941e-004 1.35529851e-004 8.37238317e-005 7.35709928e-005 5.59037406e-005 5.12581104e-005 4.93683627e-005 3.78979630e-005 2.70612653e-005 
1.75000000e+000 2.62500000e+001 0.00000000e+000 5.50854432e-005 5.61797385e-005 4.19608773e-005 3.86194840e-005 3.22387969e-005 3.03792131e-005 2.95958081e-005 2.43061866e-005 1.85689937e-005 
1.75000000e+000 2.35714286e+001 0.00000000e+000 1.69406465e-005 2.69795446e-005 2.36327013e-005 2.26141799e-005 2.04280085e-005 1.96946372e-005 1.93706145e-005 1.68232439e-005 1.35780949e-005 
1.75000000e+000 2.05357143e+001 0.00000000e+000 5.05434681e-006 1.27564716e-005 1.31384193e-005 1.30775497e-005 1.27927521e-005 1.26199424e-005 1.25315420e-005 1.15061862e-005 9.79674690e-006 
1.75000000e+000 1.71428571e+001 0.00000000e+000 1.41786037e-006 5.80290606e-006 7.07462300e-006 7.33639282e-006 7.79506806e-006 7.87449462e-006 7.89682605e-006 7.67545782e-006 6.89261319e-006 
1.75000000e+000 1.33928571e+001 0.00000000e+000 3.76500547e-007 2.55917397e-006 3.70857762e-006 4.00940896e-006 4.63219676e-006 4.79277896e-006 4.85429009e-006 4.99359458e-006 4.71968396e-006 
1.75000000e+000 9.28571429e+000 0.00000000e+000 9.78531766e-008 1.13935222e-006 1.96694945e-006 2.21627168e-006 2.78036047e-006 2.94477570e-006 3.01149909e-006 3.27160312e-006 3.24109163e-006 
1.75000000e+000 4.82142857e+000 0.00000000e+000 2.78107795e-008 5.64676398e-007 1.14237936e-006 1.33354237e-006 1.79402730e-006 1.93826390e-006 1.99853362e-006 2.27380699e-006 2.34067153e-006 
1.75000000e+000 0.00000000e+000 0.00000000e+000 1.51944767e-008 4.31404395e-007 9.30654820e-007 1.09846273e-006 1.51065895e-006 1.64327580e-006 1.69932105e-006 1.96757113e-006 2.05881331e-006 
2.00000000e+000 3.50000000e+001 0.00000000e+000 5.86758912e-003 6.24252153e-004 2.46806930e-004 1.97268358e-004 1.25714873e-004 1.09950251e-004 1.03875199e-004 7.15329157e-005 4.61248976e-005 
2.00000000e+000 3.48214286e+001 0.00000000e+000 6.57126875e-003 6.55877236e-004 2.54778329e-004 2.02880216e-004 1.28391487e-004 1.12079405e-004 1.05805107e-004 7.25487529e-005 4.66021562e-005 
2.00000000e+000 3.42857143e+001 0.00000000e+000 4.22771592e-003 5.40489495e-004 2.24185557e-004 1.80971790e-004 1.17405596e-004 1.03158701e-004 9.76404709e-005 6.79278897e-005 4.41996252e-005 
2.00000000e+000 3.33928571e+001 0.00000000e+000 3.98019719e-003 4.98704617e-004 2.10455446e-004 1.70675408e-004 1.11731690e-004 9.84158337e-005 9.32450720e-005 6.52373007e-005 4.26761768e-005 
2.00000000e+000 3.21428571e+001 0.00000000e+000 1.32818717e-003 3.28930590e-004 1.60836755e-004 1.34297108e-004 9.26020331e-005 8.26656140e-005 7.87457505e-005 5.67425480e-005 3.81019025e-005 
2.00000000e+000 3.05357143e+001 0.00000000e+000 6.57991012e-004 2.35385989e-004 1.26531593e-004 1.07790066e-004 7.71328491e-005 6.95440420e-005 6.65155141e-005 4.90377701e-005 3.36456377e-005 
2.00000000e+000 2.85714286e+001 0.00000000e+000 2.38136401e-004 1.38333469e-004 8.47168267e-005 7.42793253e-005 5.61775103e-005 5.14353737e-005 4.95088916e-005 3.78642336e-005 2.69305506e-005 
2.00000000e+000 2.62500000e+001 0.00000000e+000 4.86483309e-005 5.16573022e-005 3.90932476e-005 3.60893768e-005 3.03046986e-005 2.86036100e-005 2.78848726e-005 2.29902746e-005 1.76300167e-005 
2.00000000e+000 2.35714286e+001 0.00000000e+000 1.30094870e-005 2.27387250e-005 2.05533039e-005 1.98152921e-005 1.81701105e-005 1.75934627e-005 1.73351288e-005 1.52150939e-005 1.24103763e-005 
2.00000000e+000 2.05357143e+001 0.00000000e+000 3.35480770e-006 9.83711289e-006 1.06604251e-005 1.07415779e-005 1.07701640e-005 1.07008856e-005 1.06577190e-005 9.95970726e-006 8.63171096e-006 
2.00000000e+000 1.71428571e+001 0.00000000e+000 8.06285473e-007 4.07840223e-006 5.34316941e-006 5.63802378e-006 6.20534494e-006 6.33313327e-006 6.37838481e-006 6.35876294e-006 5.85781580e-006 
2.00000000e+000 1.33928571e+001 0.00000000e+000 1.81592617e-007 1.63377732e-006 2.60411224e-006 2.88102117e-006 3.48804914e-006 3.65847248e-006 3.72661281e-006 3.96492170e-006 3.87629159e-006 
2.00000000e+000 9.28571429e+000 0.00000000e+000 3.95324162e-008 6.58023907e-007 1.28355788e-006 1.48965600e-006 1.98409879e-006 2.13821787e-006 2.20258017e-006 2.49715493e-006 2.58111351e-006 
2.00000000e+000 4.82142857e+000 0.00000000e+000 9.28659702e-009 2.95707871e-007 6.97579336e-007 8.44805046e-007 1.22331642e-006 1.34984387e-006 1.40408968e-006 1.68150387e-006 1.82011313e-006 
2.00000000e+000 0.00000000e+000 0.00000000e+000 4.43966752e-009 2.14087672e-007 5.49925012e-007 6.76292812e-007 1.00883298e-006 1.12301329e-006 1.17248771e-006 1.43515481e-006 1.58490764e-006 
2.25000000e+000 3.50000000e+001 0.00000000e+000 1.09536593e-002 8.14555205e-004 2.92582451e-004 2.29152315e-004 1.40682281e-004 1.21833756e-004 1.14643683e-004 7.72320868e-005 4.88433050e-005 
2.25000000e+000 3.48214286e+001 0.00000000e+000 1.24490158e-002 8.64779419e-004 3.04109528e-004 2.37102270e-004 1.44334136e-004 1.24710691e-004 1.17241352e-004 7.85719669e-005 4.94629697e-005 
2.25000000e+000 3.42857143e+001 0.00000000e+000 7.43464594e-003 6.86435480e-004 2.61272751e-004 2.07115715e-004 1.29955425e-004 1.13181682e-004 1.06744605e-004 7.28080254e-005 4.65504602e-005 
2.25000000e+000 3.33928571e+001 0.00000000e+000 7.19531755e-003 6.30314358e-004 2.43703420e-004 1.94130246e-004 1.23026389e-004 1.07446741e-004 1.01452055e-004 6.96481512e-005 4.48039406e-005 
2.25000000e+000 3.21428571e+001 0.00000000e+000 1.86362758e-003 3.80368158e-004 1.76891956e-004 1.46129856e-004 9.87663695e-005 8.76942225e-005 8.33520955e-005 5.93218317e-005 3.93801443e-005 
2.25000000e+000 3.05357143e+001 0.00000000e+000 8.15799341e-004 2.58170382e-004 1.34518434e-004 1.13819576e-004 8.04022212e-005 7.22337640e-005 6.89867007e-005 5.04326121e-005 3.43234616e-005 
2.25000000e+000 2.85714286e+001 0.00000000e+000 2.49802121e-004 1.41405462e-004 8.58747797e-005 7.51378516e-005 5.65784141e-005 5.17336761e-005 4.97678999e-005 3.79306274e-005 2.68774477e-005 
2.25000000e+000 2.62500000e+001 0.00000000e+000 4.31278137e-005 4.76735382e-005 3.65610906e-005 3.38561615e-005 2.86009045e-005 2.70406353e-005 2.63793151e-005 2.18342930e-005 1.68052644e-005 
2.25000000e+000 2.35714286e+001 0.00000000e+000 1.00530406e-005 1.92723783e-005 1.79732372e-005 1.74573637e-005 1.62476567e-005 1.57990318e-005 1.55945898e-005 1.38292757e-005 1.13950708e-005 
2.25000000e+000 2.05357143e+001 0.00000000e+000 2.24479301e-006 7.64019486e-006 8.70813228e-006 8.88109492e-006 9.12356330e-006 9.12850456e-006 9.11824340e-006 8.66825108e-006 7.64160486e-006 
2.25000000e+000 1.71428571e+001 0.00000000e+000 4.62858080e-007 2.89044188e-006 4.06621233e-006 4.36462401e-006 4.97250321e-006 5.12585816e-006 5.18407673e-006 5.29679769e-006 5.00104777e-006 
2.25000000e+000 1.33928571e+001 0.00000000e+000 8.84724037e-008 1.05233327e-006 1.84271364e-006 2.08533104e-006 2.64297465e-006 2.80917329e-006 2.87743004e-006 3.16338847e-006 3.19577219e-006 
2.25000000e+000 9.28571429e+000 0.00000000e+000 1.61351233e-008 3.83211404e-007 8.43056786e-007 1.00723221e-006 1.42261767e-006 1.55940608e-006 1.61779367e-006 1.91244961e-006 2.06068754e-006 
2.25000000e+000 4.82142857e+000 0.00000000e+000 3.12795376e-009 1.55596253e-007 4.27284490e-007 5.36633187e-007 8.35800875e-007 9.41724995e-007 9.88129874e-007 1.24506199e-006 1.41658969e-006 
2.25000000e+000 0.00000000e+000 0.00000000e+000 1.29722699e-009 1.06242682e-007 3.24951441e-007 4.16374714e-007 6.73708774e-007 7.67466465e-007 8.08986431e-007 1.04680819e-006 1.22008753e-006 
2.50000000e+000 3.50000000e+001 0.00000000e+000 2.11072921e-002 1.08061818e-003 3.50586935e-004 2.68703230e-004 1.58529280e-004 1.35856319e-004 1.27297138e-004 8.37788770e-005 5.19106814e-005 
2.50000000e+000 3.48214286e+001 0.00000000e+000 2.42421149e-002 1.15979975e-003 3.67099429e-004 2.79849160e-004 1.63447896e-004 1.39690469e-004 1.30744411e-004 8.55167308e-005 5.26993816e-005 
2.50000000e+000 3.42857143e+001 0.00000000e+000 1.34722590e-002 8.84926844e-004 3.07397104e-004 2.39008989e-004 1.44729553e-004 1.24871677e-004 1.17323323e-004 7.83674047e-005 4.91892626e-005 
2.50000000e+000 3.33928571e+001 0.00000000e+000 1.34899821e-002 8.11054454e-004 2.85147219e-004 2.22774003e-004 1.36315819e-004 1.17971314e-004 1.10980009e-004 7.46682052e-005 4.71918945e-005 
2.50000000e+000 3.21428571e+001 0.00000000e+000 2.66528673e-003 4.43431095e-004 1.95523532e-004 1.59703703e-004 1.05696363e-004 9.33204101e-005 8.84964774e-005 6.21797470e-005 4.07954244e-005 
2.50000000e+000 3.05357143e+001 0.00000000e+000 1.02566428e-003 2.84507468e-004 1.43434795e-004 1.20508419e-004 8.39990705e-005 7.51905827e-005 7.17032021e-005 5.19731686e-005 3.50861606e-005 
2.50000000e+000 2.85714286e+001 0.00000000e+000 2.62546553e-004 1.44711139e-004 8.71603866e-005 7.61099706e-005 5.70726313e-005 5.21204933e-005 5.01134816e-005 3.80704986e-005 2.68824360e-005 
2.50000000e+000 2.62500000e+001 0.00000000e+000 3.83523144e-005 4.41235866e-005 3.42939204e-005 3.18561891e-005 2.70764207e-005 2.56429702e-005 2.50333729e-005 2.08028252e-005 1.60703977e-005 
2.50000000e+000 2.35714286e+001 0.00000000e+000 7.80797569e-006 1.64078814e-005 1.57855281e-005 1.54465679e-005 1.45903572e-005 1.42474706e-005 1.40877691e-005 1.26208474e-005 1.05028753e-005 
2.50000000e+000 2.05357143e+001 0.00000000e+000 1.51194246e-006 5.96812444e-006 7.15211796e-006 7.38213262e-006 7.76803067e-006 7.82601753e-006 7.83970172e-006 7.57901869e-006 6.79297564e-006 
2.50000000e+000 1.71428571e+001 0.00000000e+000 2.67742200e-007 2.06244216e-006 3.11383346e-006 3.39938372e-006 4.00685022e-006 4.17114391e-006 4.23582041e-006 4.43320885e-006 4.28690274e-006 
2.50000000e+000 1.33928571e+001 0.00000000e+000 4.34527476e-008 6.82779792e-007 1.31244643e-006 1.51880407e-006 2.01360922e-006 2.16828479e-006 2.23308251e-006 2.53489016e-006 2.64398207e-006 
2.50000000e+000 9.28571429e+000 0.00000000e+000 6.63931453e-009 2.24748437e-007 5.56918816e-007 6.84671003e-007 1.02447497e-006 1.14188971e-006 1.19293516e-006 1.46927974e-006 1.64913007e-006 
2.50000000e+000 4.82142857e+000 0.00000000e+000 1.06131356e-009 8.22337153e-008 2.62491504e-007 3.41758693e-007 5.72128848e-007 6.58130861e-007 6.96543981e-007 9.23041405e-007 1.10349778e-006 
2.50000000e+000 0.00000000e+000 0.00000000e+000 3.79037639e-010 5.27237948e-008 1.92014318e-007 2.56350431e-007 4.49909564e-007 5.24486122e-007 5.58179974e-007 7.63546568e-007 9.39243196e-007 
0.00000000e+000 3.50000000e+001 1.00000000e+001 2.15915392e-004 1.46159230e-004 9.30650652e-005 8.22678248e-005 6.31451121e-005 5.80269307e-005 5.59320582e-005 4.30295187e-005 3.05612724e-005 
0.00000000e+000 3.48214286e+001 1.00000000e+001 2.15140824e-004 1.45633971e-004 9.27442763e-005 8.19887867e-005 6.29386373e-005 5.78391298e-005 5.57517720e-005 4.28935337e-005 3.04656150e-005 
0.00000000e+000 3.42857143e+001 1.00000000e+001 2.12949712e-004 1.44156025e-004 9.18397180e-005 8.12014114e-005 6.23548008e-005 5.73076928e-005 5.52414323e-005 4.25079370e-005 3.01943130e-005 
0.00000000e+000 3.33928571e+001 1.00000000e+001 2.09448629e-004 1.41786147e-004 9.03848622e-005 7.99329631e-005 6.14100045e-005 5.64464239e-005 5.44138509e-005 4.18806039e-005 2.97521488e-005 
0.00000000e+000 3.21428571e+001 1.00000000e+001 2.05188251e-004 1.38944791e-004 8.86370322e-005 7.84057475e-005 6.02648462e-005 5.54000514e-005 5.34073922e-005 4.11133989e-005 2.92097632e-005 
0.00000000e+000 3.05357143e+001 1.00000000e+001 2.00424509e-004 1.35708315e-004 8.66222479e-005 7.66370383e-005 5.89241080e-005 5.41709980e-005 5.22236638e-005 4.02048815e-005 2.85651183e-005 
0.00000000e+000 2.85714286e+001 1.00000000e+001 1.95054953e-004 1.32125017e-004 8.43708091e-005 7.46538632e-005 5.74097185e-005 5.27799309e-005 5.08828068e-005 3.91716102e-005 2.78304249e-005 
0.00000000e+000 2.62500000e+001 1.00000000e+001 1.88596348e-004 1.27788787e-004 8.16284006e-005 7.22341468e-005 5.55562342e-005 5.10763076e-005 4.92403235e-005 3.79048066e-005 2.69283533e-005 
0.00000000e+000 2.35714286e+001 1.00000000e+001 1.79639421e-004 1.21811517e-004 7.78590289e-005 6.89111242e-005 5.30192419e-005 4.87481280e-005 4.69973572e-005 3.61828071e-005 2.57044472e-005 
0.00000000e+000 2.05357143e+001 1.00000000e+001 1.67632119e-004 1.13894497e-004 7.28648623e-005 6.45088453e-005 4.96663085e-005 4.56756300e-005 4.40394080e-005 3.39227740e-005 2.41034328e-005 
0.00000000e+000 1.71428571e+001 1.00000000e+001 1.52568392e-004 1.04071190e-004 6.66751753e-005 5.90573742e-005 4.55292093e-005 4.18907818e-005 4.03984471e-005 3.11545389e-005 2.21488085e-005 
0.00000000e+000 1.33928571e+001 1.00000000e+001 1.33364199e-004 9.14795093e-005 5.87242742e-005 5.20549487e-005 4.02236650e-005 3.70416351e-005 3.57358039e-005 2.76199749e-005 1.96553966e-005 
0.00000000e+000 9.28571429e+000 1.00000000e+001 1.14668843e-004 7.92032175e-005 5.09166540e-005 4.51620472e-005 3.49799660e-005 3.22459125e-005 3.11236850e-005 2.41230142e-005 1.71891428e-005 
0.00000000e+000 4.82142857e+000 1.00000000e+001 1.00608594e-004 7.01112219e-005 4.49821658e-005 3.98742066e-005 3.08946950e-005 2.84992708e-005 2.75172743e-005 2.13826408e-005 1.52612163e-005 
0.00000000e+000 0.00000000e+000 1.00000000e+001 9.74620034e-005 6.80169496e-005 4.32503430e-005 3.82223315e-005 2.94755872e-005 2.71707749e-005 2.62292330e-005 2.03769726e-005 1.45525943e-005 
2.50000000e-001 3.50000000e+001 1.00000000e+001 2.19995020e-004 1.41892614e-004 8.98452865e-005 7.93990485e-005 6.09915515e-005 5.60801056e-005 5.40708983e-005 4.16884986e-005 2.96959698e-005 
2.50000000e-001 3.48214286e+001 1.00000000e+001 2.18211826e-004 1.41022040e-004 8.93711487e-005 7.89984354e-005 6.07127437e-005 5.58310817e-005 5.38336435e-005 4.15171063e-005 2.95798393e-005 
2.50000000e-001 3.42857143e+001 1.00000000e+001 2.12209322e-004 1.38118215e-004 8.77762420e-005 7.76451579e-005 5.97617026e-005 5.49798226e-005 5.30221111e-005 4.09319590e-005 2.91899239e-005 
2.50000000e-001 3.33928571e+001 1.00000000e+001 2.03293428e-004 1.33747151e-004 8.53708295e-005 7.56036694e-005 5.83255379e-005 5.36934100e-005 5.17952418e-005 4.00437285e-005 2.85934097e-005 
2.50000000e-001 3.21428571e+001 1.00000000e+001 1.89372405e-004 1.27242465e-004 8.18535438e-005 7.26285059e-005 5.62456868e-005 5.18344135e-005 5.00240727e-005 3.87718930e-005 2.77515061e-005 
2.50000000e-001 3.05357143e+001 1.00000000e+001 1.72541705e-004 1.19129943e-004 7.74404581e-005 6.88902796e-005 5.36260478e-005 4.94918766e-005 4.77918993e-005 3.71690052e-005 2.66926174e-005 
2.50000000e-001 2.85714286e+001 1.00000000e+001 1.47450440e-004 1.07306582e-004 7.10962448e-005 6.35380998e-005 4.99141880e-005 4.61853898e-005 4.46466988e-005 3.49380661e-005 2.52422775e-005 
2.50000000e-001 2.62500000e+001 1.00000000e+001 1.12439067e-004 9.10891673e-005 6.24971983e-005 5.63081272e-005 4.49394461e-005 4.17659026e-005 4.04478233e-005 3.19829704e-005 2.33373274e-005 
2.50000000e-001 2.35714286e+001 1.00000000e+001 9.10821243e-005 7.96793369e-005 5.60117809e-005 5.07466972e-005 4.09397530e-005 3.81624766e-005 3.70035361e-005 2.94645268e-005 2.16398866e-005 
2.50000000e-001 2.05357143e+001 1.00000000e+001 7.38224448e-005 6.92301800e-005 4.97169026e-005 4.52645199e-005 3.68688639e-005 3.44605783e-005 3.34513022e-005 2.68056071e-005 1.98004964e-005 
2.50000000e-001 1.71428571e+001 1.00000000e+001 5.90982754e-005 5.92532351e-005 4.34098264e-005 3.97058059e-005 3.26431204e-005 3.05927097e-005 2.97298041e-005 2.39754713e-005 1.78073566e-005 
2.50000000e-001 1.33928571e+001 1.00000000e+001 4.61047914e-005 4.91797125e-005 3.66969132e-005 3.37145782e-005 2.79772365e-005 2.62937580e-005 2.55823355e-005 2.07709052e-005 1.55090608e-005 
2.50000000e-001 9.28571429e+000 1.00000000e+001 3.60899428e-005 4.06561183e-005 3.07916594e-005 2.83913458e-005 2.37504234e-005 2.23792471e-005 2.17979192e-005 1.78130821e-005 1.33636275e-005 
2.50000000e-001 4.82142857e+000 1.00000000e+001 2.96058135e-005 3.48433626e-005 2.65914113e-005 2.45557554e-005 2.06316357e-005 1.94751197e-005 1.89845731e-005 1.55936683e-005 1.17454112e-005 
2.50000000e-001 0.00000000e+000 1.00000000e+001 2.79408362e-005 3.33901121e-005 2.53496201e-005 2.33566922e-005 1.95619534e-005 1.84599429e-005 1.79944030e-005 1.47912016e-005 1.11579518e-005 
5.00000000e-001 3.50000000e+001 1.00000000e+001 2.76600618e-004 1.52810391e-004 9.29607611e-005 8.14831165e-005 6.17007476e-005 5.65304353e-005 5.44285392e-005 4.16605464e-005 2.95137379e-005 
5.00000000e-001 3.48214286e+001 1.00000000e+001 2.72742300e-004 1.51514600e-004 9.23259196e-005 8.09597193e-005 6.13539284e-005 5.62249311e-005 5.41391229e-005 4.14578722e-005 2.93797263e-005 
5.00000000e-001 3.42857143e+001 1.00000000e+001 2.60239299e-004 1.46936806e-004 8.99956925e-005 7.90149059e-005 6.00308700e-005 5.50520327e-005 5.30255502e-005 4.06754855e-005 2.88738524e-005 
5.00000000e-001 3.33928571e+001 1.00000000e+001 2.42255956e-004 1.40290136e-004 8.66191324e-005 7.62004809e-005 5.81210489e-005 5.33592683e-005 5.14182721e-005 3.95423351e-005 2.81334155e-005 
5.00000000e-001 3.21428571e+001 1.00000000e+001 2.13462173e-004 1.29729883e-004 8.12972435e-005 7.17712661e-005 5.51257611e-005 5.07088540e-005 4.89039363e-005 3.77849918e-005 2.70050551e-005 
5.00000000e-001 3.05357143e+001 1.00000000e+001 1.83178655e-004 1.17187388e-004 7.47769884e-005 6.63089674e-005 5.13882371e-005 4.73919304e-005 4.57536707e-005 3.55701647e-005 2.55773243e-005 
5.00000000e-001 2.85714286e+001 1.00000000e+001 1.40707651e-004 9.86244795e-005 6.50622362e-005 5.81682995e-005 4.58311524e-005 4.24686283e-005 4.10818760e-005 3.23103496e-005 2.35012025e-005 
5.00000000e-001 2.62500000e+001 1.00000000e+001 8.49778356e-005 7.27899499e-005 5.14963106e-005 4.68107447e-005 3.81130751e-005 3.56453653e-005 3.46137464e-005 2.78305664e-005 2.06749398e-005 
5.00000000e-001 2.35714286e+001 1.00000000e+001 5.76571221e-005 5.75743406e-005 4.28840451e-005 3.94524383e-005 3.28824620e-005 3.09548477e-005 3.01399640e-005 2.46089006e-005 1.85476225e-005 
5.00000000e-001 2.05357143e+001 1.00000000e+001 3.95345630e-005 4.56920775e-005 3.56735761e-005 3.31759455e-005 2.82400243e-005 2.67414784e-005 2.61007651e-005 2.16078208e-005 1.64951855e-005 
5.00000000e-001 1.71428571e+001 1.00000000e+001 2.68331683e-005 3.59201298e-005 2.93427438e-005 2.75719070e-005 2.39487958e-005 2.28070334e-005 2.23128049e-005 1.87197866e-005 1.44624881e-005 
5.00000000e-001 1.33928571e+001 1.00000000e+001 1.78913462e-005 2.75987335e-005 2.35154924e-005 2.23114621e-005 1.97571048e-005 1.89194533e-005 1.85519556e-005 1.57687333e-005 1.23181206e-005 
5.00000000e-001 9.28571429e+000 1.00000000e+001 1.21397801e-005 2.13608266e-005 1.88716968e-005 1.80530813e-005 1.62548841e-005 1.56423031e-005 1.53699907e-005 1.32185067e-005 1.04248835e-005 
5.00000000e-001 4.82142857e+000 1.00000000e+001 8.89834882e-006 1.74382204e-005 1.57821475e-005 1.51732962e-005 1.38101912e-005 1.33361478e-005 1.31236741e-005 1.13882609e-005 9.04848241e-006 
5.00000000e-001 0.00000000e+000 1.00000000e+001 8.01113740e-006 1.63921174e-005 1.48580779e-005 1.42729381e-005 1.29827720e-005 1.25419057e-005 1.23450799e-005 1.07366941e-005 8.55521307e-006 
7.50000000e-001 3.50000000e+001 1.00000000e+001 3.85089322e-004 1.73507227e-004 1.00069167e-004 8.67143029e-005 6.42873457e-005 5.85728960e-005 5.62683367e-005 4.25443563e-005 2.98281973e-005 
7.50000000e-001 3.48214286e+001 1.00000000e+001 3.75843575e-004 1.71528098e-004 9.92205691e-005 8.60353455e-005 6.38627705e-005 5.82047557e-005 5.59218022e-005 4.23097652e-005 2.96768568e-005 
7.50000000e-001 3.42857143e+001 1.00000000e+001 3.49758807e-004 1.64545514e-004 9.59688629e-005 8.33724373e-005 6.21146478e-005 5.66703100e-005 5.44709605e-005 4.13150833e-005 2.90501514e-005 
7.50000000e-001 3.33928571e+001 1.00000000e+001 3.13042247e-004 1.54651085e-004 9.13927821e-005 7.96362268e-005 5.96774105e-005 5.45334796e-005 5.24511208e-005 3.99270765e-005 2.81648621e-005 
7.50000000e-001 3.21428571e+001 1.00000000e+001 2.55943585e-004 1.38618365e-004 8.39183595e-005 7.35212803e-005 5.56764325e-005 5.10260223e-005 4.91366561e-005 3.76633064e-005 2.67455683e-005 
7.50000000e-001 3.05357143e+001 1.00000000e+001 2.05378155e-004 1.21037970e-004 7.52185813e-005 6.63115842e-005 5.08456050e-005 4.67643700e-005 4.50992420e-005 3.48669333e-005 2.49710441e-005 
7.50000000e-001 2.85714286e+001 1.00000000e+001 1.42286850e-004 9.58437300e-005 6.23520090e-005 5.55873844e-005 4.36021076e-005 4.03671535e-005 3.90369743e-005 3.06723700e-005 2.23253160e-005 
7.50000000e-001 2.62500000e+001 1.00000000e+001 6.97042493e-005 6.19067831e-005 4.44878048e-005 4.06296595e-005 3.34490347e-005 3.13986689e-005 3.05389824e-005 2.48093330e-005 1.86507162e-005 
7.50000000e-001 2.35714286e+001 1.00000000e+001 4.00911409e-005 4.42517718e-005 3.43176655e-005 3.19148209e-005 2.72333007e-005 2.58239419e-005 2.52222412e-005 2.09895723e-005 1.61445189e-005 
7.50000000e-001 2.05357143e+001 1.00000000e+001 2.33439646e-005 3.19223942e-005 2.66088654e-005 2.51670932e-005 2.21990927e-005 2.12471690e-005 2.08320599e-005 1.77221155e-005 1.39148647e-005 
7.50000000e-001 1.71428571e+001 1.00000000e+001 1.33741448e-005 2.28437793e-005 2.04606869e-005 1.96757627e-005 1.79272025e-005 1.73149948e-005 1.70404277e-005 1.48091814e-005 1.18563070e-005 
7.50000000e-001 1.33928571e+001 1.00000000e+001 7.51702742e-006 1.60544439e-005 1.54081078e-005 1.50533098e-005 1.41481229e-005 1.37851297e-005 1.36156864e-005 1.20781431e-005 9.84514464e-006 
7.50000000e-001 9.28571429e+000 1.00000000e+001 4.30878515e-006 1.14631599e-005 1.17122212e-005 1.16037727e-005 1.12100939e-005 1.10082570e-005 1.09082390e-005 9.85588144e-006 8.15941030e-006 
7.50000000e-001 4.82142857e+000 1.00000000e+001 2.72788816e-006 8.78716919e-006 9.40336239e-006 9.40693848e-006 9.26551066e-006 9.15111845e-006 9.08991271e-006 8.32881414e-006 6.97764289e-006 
7.50000000e-001 0.00000000e+000 1.00000000e+001 2.29720376e-006 8.04764223e-006 8.70889529e-006 8.72214500e-006 8.61644451e-006 8.52121561e-006 8.46944534e-006 7.79365238e-006 6.55963181e-006 
1.00000000e+000 3.50000000e+001 1.00000000e+001 5.84141479e-004 2.04094422e-004 1.10522057e-004 9.44926330e-005 6.83225121e-005 6.18342976e-005 5.92401576e-005 4.41218090e-005 3.05254403e-005 
1.00000000e+000 3.48214286e+001 1.00000000e+001 5.60819152e-004 2.00944216e-004 1.09360705e-004 9.35953420e-005 6.77983516e-005 6.13882237e-005 5.88234325e-005 4.38508580e-005 3.03557035e-005 
1.00000000e+000 3.42857143e+001 1.00000000e+001 5.06163009e-004 1.90318625e-004 1.04875537e-004 9.00004802e-005 6.55321588e-005 5.94210158e-005 5.69719103e-005 4.26147109e-005 2.95971560e-005 
1.00000000e+000 3.33928571e+001 1.00000000e+001 4.30746498e-004 1.75537380e-004 9.87040733e-005 8.50770021e-005 6.24598736e-005 5.67600378e-005 5.44691455e-005 4.09424685e-005 2.85574010e-005 
1.00000000e+000 3.21428571e+001 1.00000000e+001 3.18665551e-004 1.51673642e-004 8.84804841e-005 7.68691708e-005 5.72798555e-005 5.22641670e-005 5.02381634e-005 3.81208526e-005 2.68290869e-005 
1.00000000e+000 3.05357143e+001 1.00000000e+001 2.36041927e-004 1.27828077e-004 7.73164237e-005 6.77294864e-005 5.12957784e-005 4.70185101e-005 4.52814660e-005 3.47386818e-005 2.47133926e-005 
1.00000000e+000 2.85714286e+001 1.00000000e+001 1.46459487e-004 9.54767861e-005 6.12574663e-005 5.44259104e-005 4.24123234e-005 3.91975092e-005 3.78795475e-005 2.96554962e-005 2.15310606e-005 
1.00000000e+000 2.62500000e+001 1.00000000e+001 5.91031205e-005 5.44371495e-005 3.95813731e-005 3.62616152e-005 3.00669185e-005 2.82904898e-005 2.75443184e-005 2.25274910e-005 1.70715374e-005 
1.00000000e+000 2.35714286e+001 1.00000000e+001 2.91142103e-005 3.53007650e-005 2.83073813e-005 2.65533980e-005 2.30829244e-005 2.20140904e-005 2.15538263e-005 1.82096815e-005 1.42373519e-005 
1.00000000e+000 2.05357143e+001 1.00000000e+001 1.44892577e-005 2.31610454e-005 2.04275851e-005 1.95998227e-005 1.78187088e-005 1.72106324e-005 1.69395772e-005 1.47511595e-005 1.18684295e-005 
1.00000000e+000 1.71428571e+001 1.00000000e+001 7.03116124e-006 1.50460598e-005 1.46278993e-005 1.43587410e-005 1.36523852e-005 1.33538763e-005 1.32122307e-005 1.18533424e-005 9.80322131e-006 
1.00000000e+000 1.33928571e+001 1.00000000e+001 3.32531037e-006 9.61295487e-006 1.02917796e-005 1.03298326e-005 1.02598486e-005 1.01593856e-005 1.01026453e-005 9.32806880e-006 7.91529785e-006 
1.00000000e+000 9.28571429e+000 1.00000000e+001 1.59310675e-006 6.26799286e-006 7.35361395e-006 7.53373704e-006 7.78705803e-006 7.79750643e-006 7.78980189e-006 7.38246074e-006 6.40686354e-006 
1.00000000e+000 4.82142857e+000 1.00000000e+001 8.51427873e-007 4.45707673e-006 5.62409409e-006 5.85097656e-006 6.23055709e-006 6.29214332e-006 6.30814816e-006 6.09984562e-006 5.38596652e-006 
1.00000000e+000 0.00000000e+000 1.00000000e+001 6.58802515e-007 3.95110581e-006 5.10472980e-006 5.33017030e-006 5.71865908e-006 5.78954481e-006 5.81059539e-006 5.65737290e-006 5.02956449e-006 
1.25000000e+000 3.50000000e+001 1.00000000e+001 9.59156749e-004 2.47320786e-004 1.24487815e-004 1.04816562e-004 7.36764424e-005 6.61798376e-005 6.32097497e-005 4.62848539e-005 3.15386329e-005 
1.25000000e+000 3.48214286e+001 1.00000000e+001 8.99230239e-004 2.42143065e-004 1.22855393e-004 1.03601736e-004 7.30180069e-005 6.56311725e-005 6.27015818e-005 4.59695728e-005 3.13480131e-005 
1.25000000e+000 3.42857143e+001 1.00000000e+001 7.84727608e-004 2.25945164e-004 1.16682177e-004 9.87665301e-005 7.01010669e-005 6.31296022e-005 6.03588607e-005 4.44498341e-005 3.04411642e-005 
1.25000000e+000 3.33928571e+001 1.00000000e+001 6.29646874e-004 2.03769164e-004 1.08342655e-004 9.22734638e-005 6.62371510e-005 5.98268149e-005 5.72692288e-005 4.24476189e-005 2.92301722e-005 
1.25000000e+000 3.21428571e+001 1.00000000e+001 4.10063657e-004 1.68531457e-004 9.45164422e-005 8.13926103e-005 5.96293492e-005 5.41526888e-005 5.19528922e-005 3.89907723e-005 2.71633779e-005 
1.25000000e+000 3.05357143e+001 1.00000000e+001 2.76395692e-004 1.36650891e-004 8.04465866e-005 7.00258138e-005 5.23728580e-005 4.78354929e-005 4.60005915e-005 3.49939443e-005 2.47001164e-005 
1.25000000e+000 2.85714286e+001 1.00000000e+001 1.51895681e-004 9.62365095e-005 6.10025314e-005 5.40277598e-005 4.18262836e-005 3.85824169e-005 3.72557378e-005 2.90363278e-005 2.09978973e-005 
1.25000000e+000 2.62500000e+001 1.00000000e+001 5.09729164e-005 4.87769906e-005 3.58711422e-005 3.29513147e-005 2.74782654e-005 2.59006734e-005 2.52368261e-005 2.07410369e-005 1.58077824e-005 
1.25000000e+000 2.35714286e+001 1.00000000e+001 2.16530014e-005 2.88147248e-005 2.38372750e-005 2.25325735e-005 1.99052382e-005 1.90761894e-005 1.87160386e-005 1.60139593e-005 1.26929497e-005 
1.25000000e+000 2.05357143e+001 1.00000000e+001 9.25351365e-006 1.72319345e-005 1.60166221e-005 1.55683835e-005 1.45411954e-005 1.41589288e-005 1.39836339e-005 1.24312809e-005 1.02206665e-005 
1.25000000e+000 1.71428571e+001 1.00000000e+001 3.81743230e-006 1.01637438e-005 1.06655007e-005 1.06690111e-005 1.05482717e-005 1.04377156e-005 1.03774409e-005 9.58567978e-006 8.16860851e-006 
1.25000000e+000 1.33928571e+001 1.00000000e+001 1.52105387e-006 5.88814638e-006 6.98702185e-006 7.19261548e-006 7.52394930e-006 7.56433885e-006 7.57017844e-006 7.25911465e-006 6.39910382e-006 
1.25000000e+000 9.28571429e+000 1.00000000e+001 6.07039646e-007 3.48336616e-006 4.66598102e-006 4.93668913e-006 5.44607192e-006 5.55716054e-006 5.59554407e-006 5.55409529e-006 5.04643846e-006 
1.25000000e+000 4.82142857e+000 1.00000000e+001 2.70022892e-007 2.27496162e-006 3.37618735e-006 3.65076859e-006 4.19907423e-006 4.33499391e-006 4.38599428e-006 4.47359387e-006 4.16137037e-006 
1.25000000e+000 0.00000000e+000 1.00000000e+001 1.88956224e-007 1.93992538e-006 2.99220737e-006 3.25736722e-006 3.79547172e-006 3.93361745e-006 3.98649200e-006 4.10668982e-006 3.85641339e-006 
1.50000000e+000 3.50000000e+001 1.00000000e+001 1.69081229e-003 3.08144575e-004 1.42636618e-004 1.18040520e-004 8.03954986e-005 7.16164420e-005 6.81718690e-005 4.89941389e-005 3.28321474e-005 
1.50000000e+000 3.48214286e+001 1.00000000e+001 1.53597496e-003 2.99458335e-004 1.40289915e-004 1.16359257e-004 7.95524061e-005 7.09295164e-005 6.75415341e-005 4.86228443e-005 3.26167837e-005 
1.50000000e+000 3.42857143e+001 1.00000000e+001 1.29604280e-003 2.74740072e-004 1.31792554e-004 1.09859733e-004 7.58075342e-005 6.77587552e-005 6.45877672e-005 4.67642092e-005 3.15399330e-005 
1.50000000e+000 3.33928571e+001 1.00000000e+001 9.76227513e-004 2.41404991e-004 1.20495865e-004 1.01278387e-004 7.09438941e-005 6.36581420e-005 6.07734840e-005 4.43708967e-005 3.01345415e-005 
1.50000000e+000 3.21428571e+001 1.00000000e+001 5.44457525e-004 1.89582546e-004 1.01905618e-004 8.69459672e-005 6.25807992e-005 5.65564474e-005 5.41501944e-005 4.01768462e-005 2.76895392e-005 
1.50000000e+000 3.05357143e+001 1.00000000e+001 3.29301149e-004 1.47290510e-004 8.43445910e-005 7.29547170e-005 5.38849467e-005 4.90419120e-005 4.70911535e-005 3.55175719e-005 2.48630734e-005 
1.50000000e+000 2.85714286e+001 1.00000000e+001 1.58210018e-004 9.76035464e-005 6.12178161e-005 5.40662550e-005 4.16052799e-005 3.83090183e-005 3.69634464e-005 2.86775548e-005 2.06459408e-005 
1.50000000e+000 2.62500000e+001 1.00000000e+001 4.44202756e-005 4.42087770e-005 3.28981587e-005 3.03015109e-005 2.54039936e-005 2.39829482e-005 2.33836751e-005 1.92955041e-005 1.47715310e-005 
1.50000000e+000 2.35714286e+001 1.00000000e+001 1.63487514e-005 2.38747746e-005 2.03627239e-005 1.93894570e-005 1.73865434e-005 1.67362287e-005 1.64509166e-005 1.42354205e-005 1.14185251e-005 
1.50000000e+000 2.05357143e+001 1.00000000e+001 6.01866606e-006 1.30427191e-005 1.27541495e-005 1.25505970e-005 1.20218409e-005 1.17933567e-005 1.16839743e-005 1.05847513e-005 8.87492871e-006 
1.50000000e+000 1.71428571e+001 1.00000000e+001 2.11657243e-006 6.99264767e-006 7.89680341e-006 8.04210555e-006 8.24848677e-006 8.25083484e-006 8.24060514e-006 7.82176334e-006 6.85398752e-006 
1.50000000e+000 1.33928571e+001 1.00000000e+001 7.11561487e-007 3.67078517e-006 4.80824404e-006 5.07059998e-006 5.57220527e-006 5.68359490e-006 5.72253649e-006 5.68833250e-006 5.20010521e-006 
1.50000000e+000 9.28571429e+000 1.00000000e+001 2.36456042e-007 1.96277913e-006 2.98883949e-006 3.26221888e-006 3.83296236e-006 3.98327608e-006 4.04153040e-006 4.19603582e-006 3.98682398e-006 
1.50000000e+000 4.82142857e+000 1.00000000e+001 8.68349082e-008 1.16808223e-006 2.03399857e-006 2.28494266e-006 2.83614241e-006 2.99244718e-006 3.05521933e-006 3.28539319e-006 3.21826839e-006 
1.50000000e+000 0.00000000e+000 1.00000000e+001 5.42022357e-008 9.52506014e-007 1.75396065e-006 1.99067428e-006 2.51908457e-006 2.67266579e-006 2.73505303e-006 2.98107097e-006 2.95691652e-006 
1.75000000e+000 3.50000000e+001 1.00000000e+001 3.16864624e-003 3.94301141e-004 1.66065839e-004 1.34795862e-004 8.86466726e-005 7.82462181e-005 7.42074183e-005 5.22558711e-005 3.43916846e-005 
1.75000000e+000 3.48214286e+001 1.00000000e+001 2.76824970e-003 3.79554418e-004 1.62635847e-004 1.32428398e-004 8.75480501e-005 7.73713993e-005 7.34123348e-005 5.18126035e-005 3.41462688e-005 
1.75000000e+000 3.42857143e+001 1.00000000e+001 2.26411930e-003 3.41830896e-004 1.50936398e-004 1.23691561e-004 8.27446975e-005 7.33576757e-005 6.96936364e-005 4.95453642e-005 3.28723332e-005 
1.75000000e+000 3.33928571e+001 1.00000000e+001 1.60042715e-003 2.91697181e-004 1.35611212e-004 1.12332042e-004 7.66139626e-005 6.82602973e-005 6.49794960e-005 4.66840002e-005 3.12432323e-005 
1.75000000e+000 3.21428571e+001 1.00000000e+001 7.44752418e-004 2.15644787e-004 1.10700876e-004 9.35242486e-005 6.60782514e-005 5.94156040e-005 5.67696270e-005 4.16254277e-005 2.83703476e-005 
1.75000000e+000 3.05357143e+001 1.00000000e+001 3.99081086e-004 1.59814520e-004 8.89107450e-005 7.64097275e-005 5.57321843e-005 5.05436936e-005 4.84618901e-005 3.62400327e-005 2.51575212e-005 
1.75000000e+000 2.85714286e+001 1.00000000e+001 1.65286780e-004 9.93486424e-005 6.17184407e-005 5.43717836e-005 4.16148308e-005 3.82543099e-005 3.68846152e-005 2.84934698e-005 2.04217195e-005 
1.75000000e+000 2.62500000e+001 1.00000000e+001 3.89866810e-005 4.03724513e-005 3.04150997e-005 2.80923411e-005 2.36793220e-005 2.23887891e-005 2.18431535e-005 1.80913222e-005 1.39024563e-005 
1.75000000e+000 2.35714286e+001 1.00000000e+001 1.24743340e-005 1.99870352e-005 1.75733145e-005 1.68541835e-005 1.53334343e-005 1.48220957e-005 1.45951120e-005 1.27627799e-005 1.03486546e-005 
1.75000000e+000 2.05357143e+001 1.00000000e+001 3.96491669e-006 9.99310622e-006 1.02739605e-005 1.02317298e-005 1.00411493e-005 9.92029052e-006 9.85752395e-006 9.08972764e-006 7.76137231e-006 
1.75000000e+000 1.71428571e+001 1.00000000e+001 1.19089690e-006 4.87646213e-006 5.91752940e-006 6.13170994e-006 6.51456624e-006 6.58394776e-006 6.60429918e-006 6.43226251e-006 5.78666872e-006 
1.75000000e+000 1.33928571e+001 1.00000000e+001 3.38175755e-007 2.31999126e-006 3.34627376e-006 3.61212688e-006 4.16233545e-006 4.30479396e-006 4.35954446e-006 4.48549864e-006 4.24599852e-006 
1.75000000e+000 9.28571429e+000 1.00000000e+001 9.36113582e-008 1.11891837e-006 1.93075225e-006 2.17211243e-006 2.71342328e-006 2.87040456e-006 2.93410171e-006 3.18259466e-006 3.15877320e-006 
1.75000000e+000 4.82142857e+000 1.00000000e+001 2.82603815e-008 6.03100607e-007 1.22960330e-006 1.43435367e-006 1.91967021e-006 2.06963302e-006 2.13209851e-006 2.41602424e-006 2.49124347e-006 
1.75000000e+000 0.00000000e+000 1.00000000e+001 1.55497374e-008 4.67699313e-007 1.02815175e-006 1.21658238e-006 1.67195725e-006 1.81594218e-006 1.87648540e-006 2.16399397e-006 2.26723651e-006 
2.00000000e+000 3.50000000e+001 1.00000000e+001 6.25014441e-003 5.17585905e-004 1.96345688e-004 1.55992903e-004 9.86971390e-005 8.62466829e-005 8.14643682e-005 5.61092928e-005 3.62181864e-005 
2.00000000e+000 3.48214286e+001 1.00000000e+001 5.21601522e-003 4.92384838e-004 1.91274864e-004 1.52616834e-004 9.72445489e-005 8.51159966e-005 8.04465403e-005 5.55729033e-005 3.59357892e-005 
2.00000000e+000 3.42857143e+001 1.00000000e+001 4.15109689e-003 4.34832051e-004 1.75167357e-004 1.40873319e-004 9.10860784e-005 8.00382372e-005 7.57680247e-005 5.28108948e-005 3.44318876e-005 
2.00000000e+000 3.33928571e+001 1.00000000e+001 2.76131404e-003 3.59426780e-004 1.54364847e-004 1.25823907e-004 8.33493808e-005 7.36945743e-005 6.99351671e-005 4.93872070e-005 3.25434868e-005 
2.00000000e+000 3.21428571e+001 1.00000000e+001 1.04757207e-003 2.47896129e-004 1.21058362e-004 1.01203402e-004 7.01163860e-005 6.27141143e-005 5.97918462e-005 4.33091014e-005 2.91828451e-005 
2.00000000e+000 3.05357143e+001 1.00000000e+001 4.91933106e-004 1.74437810e-004 9.41266594e-005 8.03548374e-005 5.78648087e-005 5.22910752e-005 5.00634524e-005 3.71194361e-005 2.55540054e-005 
2.00000000e+000 2.85714286e+001 1.00000000e+001 1.73110252e-004 1.01362233e-004 6.24070019e-005 5.48523567e-005 4.17769191e-005 3.83453643e-005 3.69485892e-005 2.84296799e-005 2.02890576e-005 
2.00000000e+000 2.62500000e+001 1.00000000e+001 3.43980818e-005 3.70666566e-005 2.82797869e-005 2.61953253e-005 2.22034158e-005 2.10257912e-005 2.05264467e-005 1.70630240e-005 1.31586423e-005 
2.00000000e+000 2.35714286e+001 1.00000000e+001 9.59275407e-006 1.68587695e-005 1.52807550e-005 1.47608507e-005 1.36223306e-005 1.32222473e-005 1.30420918e-005 1.15203618e-005 9.43660995e-006 
2.00000000e+000 2.05357143e+001 1.00000000e+001 2.63683283e-006 7.72596357e-006 8.34882644e-006 8.41335927e-006 8.45495193e-006 8.41073759e-006 8.38155606e-006 7.86116060e-006 6.82892870e-006 
2.00000000e+000 1.71428571e+001 1.00000000e+001 6.77380937e-007 3.43569371e-006 4.47656320e-006 4.71807459e-006 5.18758876e-006 5.29536373e-006 5.33395264e-006 5.32519678e-006 4.91249484e-006 
2.00000000e+000 1.33928571e+001 1.00000000e+001 1.62601305e-007 1.48206046e-006 2.35054069e-006 2.59577979e-006 3.13241717e-006 3.28341235e-006 3.34391912e-006 3.55704024e-006 3.48224043e-006 
2.00000000e+000 9.28571429e+000 1.00000000e+001 3.75139950e-008 6.44102656e-007 1.25656939e-006 1.45611858e-006 1.93118524e-006 2.07866905e-006 2.14026348e-006 2.42292421e-006 2.50959526e-006 
2.00000000e+000 4.82142857e+000 1.00000000e+001 9.29128978e-009 3.13010344e-007 7.45771126e-007 9.02980888e-007 1.30203775e-006 1.43406248e-006 1.49053952e-006 1.77904731e-006 1.93024525e-006 
2.00000000e+000 0.00000000e+000 1.00000000e+001 4.46147633e-009 2.29658227e-007 6.02703603e-007 7.43516588e-007 1.10971897e-006 1.23385520e-006 1.28744656e-006 1.57088029e-006 1.73842863e-006 
2.25000000e+000 3.50000000e+001 1.00000000e+001 1.28566871e-002 6.96005296e-004 2.35646045e-004 1.82872532e-004 1.10913650e-004 9.58661831e-005 9.01522256e-005 6.06204922e-005 3.83241727e-005 
2.25000000e+000 3.48214286e+001 1.00000000e+001 1.01921146e-002 6.52786512e-004 2.28093190e-004 1.78015941e-004 1.08971108e-004 9.43871797e-005 8.88332715e-005 5.99633514e-005 3.79959751e-005 
2.25000000e+000 3.42857143e+001 1.00000000e+001 7.92609223e-003 5.65001558e-004 2.05923262e-004 1.62235124e-004 1.01077763e-004 8.79658297e-005 8.29497325e-005 5.66011201e-005 3.62227805e-005 
2.25000000e+000 3.33928571e+001 1.00000000e+001 4.98524928e-003 4.51540584e-004 1.77683909e-004 1.42292583e-004 9.13079561e-005 8.00651294e-005 7.57268983e-005 5.25011545e-005 3.40327816e-005 
2.25000000e+000 3.21428571e+001 1.00000000e+001 1.51191032e-003 2.87909697e-004 1.33211429e-004 1.10115027e-004 7.47216002e-005 6.64631841e-005 6.32230722e-005 4.52171202e-005 3.01136037e-005 
2.25000000e+000 3.05357143e+001 1.00000000e+001 6.16683717e-004 1.91479033e-004 1.00018650e-004 8.47925208e-005 6.02613741e-005 5.42598092e-005 5.18708343e-005 3.81309153e-005 2.60331527e-005 
2.25000000e+000 2.85714286e+001 1.00000000e+001 1.81711760e-004 1.03588825e-004 6.32296105e-005 5.54558933e-005 4.20448934e-005 3.85377725e-005 3.71119998e-005 2.84510525e-005 2.02232007e-005 
2.25000000e+000 2.62500000e+001 1.00000000e+001 3.04736375e-005 3.41677427e-005 2.64051007e-005 2.45311389e-005 2.09122042e-005 1.98345359e-005 1.93761309e-005 1.61666391e-005 1.25105686e-005 
2.25000000e+000 2.35714286e+001 1.00000000e+001 7.42175018e-006 1.43019526e-005 1.33638498e-005 1.30020152e-005 1.21713050e-005 1.18620008e-005 1.17202001e-005 1.04555900e-005 8.64855276e-006 
2.25000000e+000 2.05357143e+001 1.00000000e+001 1.76654359e-006 6.01471075e-006 6.83071893e-006 6.96487239e-006 7.16554772e-006 7.17633415e-006 7.17159129e-006 6.83855745e-006 6.03979362e-006 
2.25000000e+000 1.71428571e+001 1.00000000e+001 3.88534656e-007 2.43993574e-006 3.41218764e-006 3.65722005e-006 4.15913167e-006 4.28712064e-006 4.33598620e-006 4.43419823e-006 4.19072366e-006 
2.25000000e+000 1.33928571e+001 1.00000000e+001 7.88810454e-008 9.54838314e-007 1.66382787e-006 1.87914224e-006 2.37254965e-006 2.51972402e-006 2.58026174e-006 2.83507472e-006 2.86741763e-006 
2.25000000e+000 9.28571429e+000 1.00000000e+001 1.51746347e-008 3.73803066e-007 8.23167571e-007 9.82044804e-007 1.38118235e-006 1.51214900e-006 1.56805525e-006 1.85103257e-006 1.99906061e-006 
2.25000000e+000 4.82142857e+000 1.00000000e+001 3.08110279e-009 1.63235298e-007 4.53737963e-007 5.70021173e-007 8.84894318e-007 9.95470161e-007 1.04383183e-006 1.31169932e-006 1.49694264e-006 
2.25000000e+000 0.00000000e+000 1.00000000e+001 1.28021703e-009 1.12775179e-007 3.53312943e-007 4.54409724e-007 7.36556847e-007 8.38361250e-007 8.83319491e-007 1.14033759e-006 1.33296634e-006 
2.50000000e+000 3.50000000e+001 1.00000000e+001 2.73565773e-002 9.57224504e-004 2.86941450e-004 2.17098856e-004 1.25774926e-004 1.07428927e-004 1.00544994e-004 6.58801466e-005 4.07316544e-005 
2.50000000e+000 3.48214286e+001 1.00000000e+001 2.05122778e-002 8.82972444e-004 2.75638043e-004 2.10071578e-004 1.23155029e-004 1.05476271e-004 9.88193597e-005 6.50664146e-005 4.03465821e-005 
2.50000000e+000 3.42857143e+001 1.00000000e+001 1.56493832e-002 7.49053624e-004 2.45135806e-004 1.88873548e-004 1.13041707e-004 9.73588202e-005 9.14232360e-005 6.09755749e-005 3.82574542e-005 
2.50000000e+000 3.33928571e+001 1.00000000e+001 9.35925225e-003 5.78157516e-004 2.06804956e-004 1.62448756e-004 1.00701342e-004 8.75151484e-005 8.24753127e-005 5.60625028e-005 3.57161769e-005 
2.50000000e+000 3.21428571e+001 1.00000000e+001 2.23357172e-003 3.37744977e-004 1.47464757e-004 1.20437282e-004 7.99426675e-005 7.06926670e-005 6.70868506e-005 4.73497975e-005 3.11556903e-005 
2.50000000e+000 3.05357143e+001 1.00000000e+001 7.85932019e-004 2.11352075e-004 1.06641570e-004 8.97486783e-005 6.29172728e-005 5.64409413e-005 5.38736907e-005 3.92603012e-005 2.65823109e-005 
2.50000000e+000 2.85714286e+001 1.00000000e+001 1.91150518e-004 1.05999610e-004 6.41551427e-005 5.61517098e-005 4.23900050e-005 3.88037516e-005 3.73475344e-005 2.85344773e-005 2.02070071e-005 
2.50000000e+000 2.62500000e+001 1.00000000e+001 2.70857409e-005 3.15937781e-005 2.47343832e-005 2.30481406e-005 1.97633886e-005 1.87754956e-005 1.83538639e-005 1.53719648e-005 1.19371433e-005 
2.50000000e+000 2.35714286e+001 1.00000000e+001 5.77015271e-006 1.21880541e-005 1.17403213e-005 1.15046383e-005 1.09240245e-005 1.06896873e-005 1.05797126e-005 9.53111357e-006 7.95961947e-006 
2.50000000e+000 2.05357143e+001 1.00000000e+001 1.19049048e-006 4.70828679e-006 5.61895875e-006 5.79682837e-006 6.10468264e-006 6.15486096e-006 6.16792972e-006 5.97805828e-006 5.36562085e-006 
2.50000000e+000 1.71428571e+001 1.00000000e+001 2.24348101e-007 1.74378845e-006 2.61685119e-006 2.85200125e-006 3.35353507e-006 3.49008781e-006 3.54403720e-006 3.71067973e-006 3.59040026e-006 
2.50000000e+000 1.33928571e+001 1.00000000e+001 3.85369802e-008 6.19377468e-007 1.18527454e-006 1.36876669e-006 1.80701533e-006 1.94397758e-006 2.00141669e-006 2.26988391e-006 2.36987904e-006 
2.50000000e+000 9.28571429e+000 1.00000000e+001 6.18354597e-009 2.18414510e-007 5.42346570e-007 6.65866718e-007 9.92214077e-007 1.10459855e-006 1.15345835e-006 1.41874491e-006 1.59634896e-006 
2.50000000e+000 4.82142857e+000 1.00000000e+001 1.02916272e-009 8.55050660e-008 2.76881933e-007 3.60778302e-007 6.02561298e-007 6.92229645e-007 7.32228596e-007 9.68343081e-007 1.16195072e-006 
2.50000000e+000 0.00000000e+000 1.00000000e+001 3.67398927e-010 5.53810581e-008 2.07121165e-007 2.77723337e-007 4.88883009e-007 5.69643318e-007 6.06053532e-007 8.27803200e-007 1.02207738e-006 
0.00000000e+000 3.50000000e+001 2.00000000e+001 2.28915492e-004 1.53832559e-004 9.68920844e-005 8.52794285e-005 6.47212708e-005 5.92529999e-005 5.70234604e-005 4.34870194e-005 3.07304189e-005 
0.00000000e+000 3.48214286e+001 2.00000000e+001 2.27397053e-004 1.52831536e-004 9.62676829e-005 8.47319584e-005 6.43102543e-005 5.88781766e-005 5.66633474e-005 4.32149974e-005 3.05390923e-005 
0.00000000e+000 3.42857143e+001 2.00000000e+001 2.22941004e-004 1.49886521e-004 9.44300952e-005 8.31206402e-005 6.31003117e-005 5.77746910e-005 5.56031411e-005 4.24140018e-005 2.99755723e-005 
0.00000000e+000 3.33928571e+001 2.00000000e+001 2.15911305e-004 1.45243394e-004 9.15339330e-005 8.05814900e-005 6.11945461e-005 5.60369024e-005 5.39336313e-005 4.11531775e-005 2.90887752e-005 
0.00000000e+000 3.21428571e+001 2.00000000e+001 2.06752363e-004 1.39191248e-004 8.77588444e-005 7.72719418e-005 5.87112325e-005 5.37727205e-005 5.17585130e-005 3.95108940e-005 2.79336332e-005 
0.00000000e+000 3.05357143e+001 2.00000000e+001 1.96048620e-004 1.32120271e-004 8.33487081e-005 7.34062013e-005 5.58120791e-005 5.11298947e-005 4.92198474e-005 3.75948723e-005 2.65859970e-005 
0.00000000e+000 2.85714286e+001 2.00000000e+001 1.84246277e-004 1.24321413e-004 7.84825064e-005 6.91403639e-005 5.26128580e-005 4.82136115e-005 4.64185329e-005 3.54806344e-005 2.50985880e-005 
0.00000000e+000 2.62500000e+001 2.00000000e+001 1.71947963e-004 1.16201115e-004 7.34127261e-005 6.46954137e-005 4.92786802e-005 4.51741972e-005 4.34988942e-005 3.32767938e-005 2.35477689e-005 
0.00000000e+000 2.35714286e+001 2.00000000e+001 1.59540739e-004 1.08044863e-004 6.83173183e-005 6.02253843e-005 4.59203563e-005 4.21112121e-005 4.05559996e-005 3.10530570e-005 2.19825082e-005 
0.00000000e+000 2.05357143e+001 2.00000000e+001 1.48388486e-004 1.00797779e-004 6.37986018e-005 5.62607476e-005 4.29380536e-005 3.93897380e-005 3.79406354e-005 2.90747246e-005 2.05905710e-005 
0.00000000e+000 1.71428571e+001 2.00000000e+001 1.39443864e-004 9.50915306e-005 6.02458396e-005 5.31400586e-005 4.05802326e-005 3.72348531e-005 3.58684960e-005 2.75030526e-005 1.94852784e-005 
0.00000000e+000 1.33928571e+001 2.00000000e+001 1.30918586e-004 8.96687630e-005 5.68291265e-005 5.01213590e-005 3.82663160e-005 3.51113204e-005 3.38231963e-005 2.59404455e-005 1.83842559e-005 
0.00000000e+000 9.28571429e+000 2.00000000e+001 1.24145581e-004 8.53660649e-005 5.40699522e-005 4.76636774e-005 3.63454683e-005 3.33389241e-005 3.21124790e-005 2.46207120e-005 1.74512278e-005 
0.00000000e+000 4.82142857e+000 2.00000000e+001 1.20081732e-004 8.27834494e-005 5.23772206e-005 4.61372858e-005 3.51162259e-005 3.21952932e-005 3.10051030e-005 2.37537182e-005 1.68348018e-005 
0.00000000e+000 0.00000000e+000 2.00000000e+001 1.18825294e-004 8.19896335e-005 5.18492118e-005 4.56531934e-005 3.47096161e-005 3.18127429e-005 3.06330946e-005 2.34568612e-005 1.66223068e-005 
2.50000000e-001 3.50000000e+001 2.00000000e+001 2.58469482e-004 1.58411991e-004 9.77131653e-005 8.56516715e-005 6.45537369e-005 5.90026752e-005 5.67468076e-005 4.31484867e-005 3.04466301e-005 
2.50000000e-001 3.48214286e+001 2.00000000e+001 2.55294591e-004 1.56884422e-004 9.68492589e-005 8.49111935e-005 6.40222002e-005 5.85241461e-005 5.62895283e-005 4.28139220e-005 3.02188061e-005 
2.50000000e-001 3.42857143e+001 2.00000000e+001 2.44437789e-004 1.51821194e-004 9.40454020e-005 8.25213998e-005 6.23265409e-005 5.70026887e-005 5.48376747e-005 4.17606247e-005 2.95083392e-005 
2.50000000e-001 3.33928571e+001 2.00000000e+001 2.28606934e-004 1.44231437e-004 8.97970197e-005 7.88911205e-005 5.97379923e-005 5.46769611e-005 5.26171208e-005 4.01443731e-005 2.84140669e-005 
2.50000000e-001 3.21428571e+001 2.00000000e+001 2.05592164e-004 1.33345756e-004 8.37786698e-005 7.37670529e-005 5.61136918e-005 5.14288114e-005 4.95191900e-005 3.79045950e-005 2.69091630e-005 
2.50000000e-001 3.05357143e+001 2.00000000e+001 1.79683773e-004 1.20536807e-004 7.66329186e-005 6.76740217e-005 5.17954382e-005 4.75575870e-005 4.58266894e-005 3.52349022e-005 2.51167980e-005 
2.50000000e-001 2.85714286e+001 2.00000000e+001 1.46344345e-004 1.04099220e-004 6.75746445e-005 5.99814084e-005 4.63952850e-005 4.27316389e-005 4.12298507e-005 3.19410824e-005 2.29297902e-005 
2.50000000e-001 2.62500000e+001 2.00000000e+001 1.06732034e-004 8.47076867e-005 5.70361665e-005 5.10700842e-005 4.01989823e-005 3.72106252e-005 3.59776420e-005 2.82078575e-005 2.04744148e-005 
2.50000000e-001 2.35714286e+001 2.00000000e+001 8.29196421e-005 7.14946134e-005 4.94520137e-005 4.45626005e-005 3.55294696e-005 3.30094223e-005 3.19643554e-005 2.52804220e-005 1.84923733e-005 
2.50000000e-001 2.05357143e+001 2.00000000e+001 6.57612093e-005 6.12755591e-005 4.34348267e-005 3.93658001e-005 3.17477681e-005 2.95923702e-005 2.86942087e-005 2.28690366e-005 1.68425488e-005 
2.50000000e-001 1.71428571e+001 2.00000000e+001 5.33804269e-005 5.35917091e-005 3.88575601e-005 3.53997761e-005 2.88392950e-005 2.69578858e-005 2.61703954e-005 2.09975108e-005 1.55575252e-005 
2.50000000e-001 1.33928571e+001 2.00000000e+001 4.40062114e-005 4.73311281e-005 3.49934656e-005 3.20145060e-005 2.62926877e-005 2.46331623e-005 2.39361107e-005 1.93102914e-005 1.43811647e-005 
2.50000000e-001 9.28571429e+000 2.00000000e+001 3.74212747e-005 4.27105845e-005 3.20646822e-005 2.94248537e-005 2.43014034e-005 2.28032860e-005 2.21726278e-005 1.79589260e-005 1.34288387e-005 
2.50000000e-001 4.82142857e+000 2.00000000e+001 3.35367222e-005 3.99282062e-005 3.02738963e-005 2.78287679e-005 2.30478734e-005 2.16438941e-005 2.10523694e-005 1.70888845e-005 1.28110005e-005 
2.50000000e-001 0.00000000e+000 2.00000000e+001 3.22493442e-005 3.90136119e-005 2.96862613e-005 2.73017254e-005 2.26253359e-005 2.12505971e-005 2.06713878e-005 1.67894309e-005 1.25973918e-005 
5.00000000e-001 3.50000000e+001 2.00000000e+001 3.58879048e-004 1.80129414e-004 1.05319181e-004 9.12677232e-005 6.73526923e-005 6.12221974e-005 5.87509591e-005 4.41428242e-005 3.08487974e-005 
5.00000000e-001 3.48214286e+001 2.00000000e+001 3.51658594e-004 1.77819199e-004 1.04150165e-004 9.02896236e-005 6.66819692e-005 6.06259248e-005 5.81841189e-005 4.37403264e-005 3.05825104e-005 
5.00000000e-001 3.42857143e+001 2.00000000e+001 3.26702851e-004 1.69657046e-004 1.00107954e-004 8.69317299e-005 6.44159527e-005 5.86212141e-005 5.62822928e-005 4.24070216e-005 2.97136960e-005 
5.00000000e-001 3.33928571e+001 2.00000000e+001 2.92760620e-004 1.57975136e-004 9.42032554e-005 8.20021014e-005 6.10564466e-005 5.56409983e-005 5.34518414e-005 4.04094651e-005 2.84024242e-005 
5.00000000e-001 3.21428571e+001 2.00000000e+001 2.44412010e-004 1.40853346e-004 8.55823657e-005 7.48214856e-005 5.61937889e-005 5.13369752e-005 4.93681674e-005 3.75467728e-005 2.65397803e-005 
5.00000000e-001 3.05357143e+001 2.00000000e+001 1.97933791e-004 1.21960670e-004 7.57125163e-005 6.65377075e-005 5.05082210e-005 4.62877582e-005 4.45711490e-005 3.41613124e-005 2.43262449e-005 
5.00000000e-001 2.85714286e+001 2.00000000e+001 1.42842823e-004 9.77398502e-005 6.29366276e-005 5.58100198e-005 4.31567466e-005 3.97665007e-005 3.83792115e-005 2.98131093e-005 2.15076037e-005 
5.00000000e-001 2.62500000e+001 2.00000000e+001 8.26467059e-005 6.90455066e-005 4.76997065e-005 4.30221800e-005 3.44237651e-005 3.20324851e-005 3.10415143e-005 2.46912466e-005 1.82178676e-005 
5.00000000e-001 2.35714286e+001 2.00000000e+001 5.35280345e-005 5.23827266e-005 3.82076744e-005 3.49108096e-005 2.86682340e-005 2.68752881e-005 2.61240475e-005 2.11498862e-005 1.58612457e-005 
5.00000000e-001 2.05357143e+001 2.00000000e+001 3.55688997e-005 4.06522459e-005 3.12233450e-005 2.88780369e-005 2.42917860e-005 2.29279112e-005 2.23497037e-005 1.83862937e-005 1.39913359e-005 
5.00000000e-001 1.71428571e+001 2.00000000e+001 2.41473898e-005 3.23329769e-005 2.61174588e-005 2.44368329e-005 2.10235644e-005 1.99678190e-005 1.95144780e-005 1.62900878e-005 1.25618151e-005 
5.00000000e-001 1.33928571e+001 2.00000000e+001 1.67198720e-005 2.61707668e-005 2.21458975e-005 2.09352095e-005 1.83678803e-005 1.75400971e-005 1.71800555e-005 1.45240420e-005 1.13308240e-005 
5.00000000e-001 9.28571429e+000 2.00000000e+001 1.20994581e-005 2.19036610e-005 1.92878405e-005 1.83875289e-005 1.63871924e-005 1.57156857e-005 1.54202080e-005 1.31684822e-005 1.03710747e-005 
5.00000000e-001 4.82142857e+000 2.00000000e+001 9.57290200e-006 1.93983258e-005 1.75703240e-005 1.68443944e-005 1.51638325e-005 1.45819937e-005 1.43238865e-005 1.23123707e-005 9.75894112e-006 
5.00000000e-001 0.00000000e+000 2.00000000e+001 8.75625279e-006 1.85666496e-005 1.69981942e-005 1.63281835e-005 1.47489212e-005 1.41957695e-005 1.39497136e-005 1.20175038e-005 9.54725183e-006 
7.50000000e-001 3.50000000e+001 2.00000000e+001 5.58402033e-004 2.16097853e-004 1.18015343e-004 1.00767286e-004 7.23277721e-005 6.52563595e-005 6.24329414e-005 4.61319044e-005 3.17765335e-005 
7.50000000e-001 3.48214286e+001 2.00000000e+001 5.40087757e-004 2.12442170e-004 1.16402295e-004 9.94570566e-005 7.14775695e-005 6.45116874e-005 6.17293127e-005 4.56490376e-005 3.14669097e-005 
7.50000000e-001 3.42857143e+001 2.00000000e+001 4.82042981e-004 1.99299580e-004 1.10625167e-004 9.47875382e-005 6.84890251e-005 6.19063873e-005 5.92726665e-005 4.39857681e-005 3.04191272e-005 
7.50000000e-001 3.33928571e+001 2.00000000e+001 4.08049666e-004 1.81270789e-004 1.02467534e-004 8.81466652e-005 6.41780745e-005 5.81333041e-005 5.57090173e-005 4.15495020e-005 2.88679816e-005 
7.50000000e-001 3.21428571e+001 2.00000000e+001 3.08035202e-004 1.55072637e-004 9.04906353e-005 7.83903992e-005 5.78516843e-005 5.26013455e-005 5.04865996e-005 3.79938294e-005 2.66204992e-005 
7.50000000e-001 3.05357143e+001 2.00000000e+001 2.28425214e-004 1.28636358e-004 7.75464633e-005 6.76881121e-005 5.07191134e-005 4.63195913e-005 4.45392284e-005 3.38811751e-005 2.39873929e-005 
7.50000000e-001 2.85714286e+001 2.00000000e+001 1.45996150e-004 9.62329469e-005 6.10775085e-005 5.39817252e-005 4.14931023e-005 3.81781589e-005 3.68259343e-005 2.85368231e-005 2.05748032e-005 
7.50000000e-001 2.62500000e+001 2.00000000e+001 6.85264955e-005 5.95310829e-005 4.17112026e-005 3.77656432e-005 3.04850904e-005 2.84505524e-005 2.76059181e-005 2.21465253e-005 1.65128501e-005 
7.50000000e-001 2.35714286e+001 2.00000000e+001 3.74927426e-005 4.06954044e-005 3.08418339e-005 2.84600999e-005 2.38710730e-005 2.25249426e-005 2.19566721e-005 1.80883706e-005 1.38290176e-005 
7.50000000e-001 2.05357143e+001 2.00000000e+001 2.10318881e-005 2.85420594e-005 2.33623679e-005 2.19583565e-005 1.91056319e-005 1.82171684e-005 1.78344045e-005 1.50608390e-005 1.17821156e-005 
7.50000000e-001 1.71428571e+001 2.00000000e+001 1.19468127e-005 2.04994365e-005 1.81455202e-005 1.73696426e-005 1.56638082e-005 1.50856451e-005 1.48297141e-005 1.28206337e-005 1.02477779e-005 
7.50000000e-001 1.33928571e+001 2.00000000e+001 6.87735849e-006 1.50272984e-005 1.43527950e-005 1.39769661e-005 1.30262678e-005 1.26598606e-005 1.24915795e-005 1.10298673e-005 8.98838479e-006 
7.50000000e-001 9.28571429e+000 2.00000000e+001 4.13413686e-006 1.14854201e-005 1.17572212e-005 1.16223229e-005 1.11402505e-005 1.09097658e-005 1.07984353e-005 9.70486164e-006 8.03785131e-006 
7.50000000e-001 4.82142857e+000 2.00000000e+001 2.78863925e-006 9.49083714e-006 1.02386416e-005 1.02308148e-005 1.00006500e-005 9.84522090e-006 9.76567716e-006 8.88401779e-006 7.44155496e-006 
7.50000000e-001 0.00000000e+000 2.00000000e+001 2.37848609e-006 8.83712520e-006 9.73383459e-006 9.76594936e-006 9.61491509e-006 9.48340940e-006 9.41407876e-006 8.60210553e-006 7.23576598e-006 
1.00000000e+000 3.50000000e+001 2.00000000e+001 9.57466212e-004 2.69582376e-004 1.35845798e-004 1.14012389e-004 7.92425020e-005 7.08781218e-005 6.75724734e-005 4.89578142e-005 3.31404509e-005 
1.00000000e+000 3.48214286e+001 2.00000000e+001 9.08230083e-004 2.63546222e-004 1.33559057e-004 1.12216848e-004 7.81494409e-005 6.99371014e-005 6.66895503e-005 4.83752630e-005 3.27798824e-005 
1.00000000e+000 3.42857143e+001 2.00000000e+001 7.72848108e-004 2.42295578e-004 1.25291055e-004 1.05721649e-004 7.42170268e-005 6.65616336e-005 6.35269238e-005 4.63108258e-005 3.15239598e-005 
1.00000000e+000 3.33928571e+001 2.00000000e+001 6.10779024e-004 2.14284534e-004 1.13981079e-004 9.67551954e-005 6.86887307e-005 6.17919784e-005 5.90485523e-005 4.33508384e-005 2.96985566e-005 
1.00000000e+000 3.21428571e+001 2.00000000e+001 4.03973400e-004 1.74508790e-004 9.75146430e-005 8.36469483e-005 6.05616708e-005 5.47739520e-005 5.24573924e-005 3.89947892e-005 2.70232473e-005 
1.00000000e+000 3.05357143e+001 2.00000000e+001 2.69898292e-004 1.38248828e-004 8.09033619e-005 7.01225156e-005 5.18145111e-005 4.71344975e-005 4.52495926e-005 3.41092809e-005 2.39563138e-005 
1.00000000e+000 2.85714286e+001 2.00000000e+001 1.51283471e-004 9.66563607e-005 6.05309904e-005 5.33133840e-005 4.06907990e-005 3.73656063e-005 3.60129297e-005 2.77843936e-005 1.99668611e-005 
1.00000000e+000 2.62500000e+001 2.00000000e+001 5.83467645e-005 5.28013480e-005 3.74463784e-005 3.40009102e-005 2.76117637e-005 2.58181546e-005 2.50725316e-005 2.02252596e-005 1.51862241e-005 
1.00000000e+000 2.35714286e+001 2.00000000e+001 2.72051232e-005 3.26766432e-005 2.56141182e-005 2.38316279e-005 2.03354389e-005 1.92890840e-005 1.88443654e-005 1.57407185e-005 1.22214199e-005 
1.00000000e+000 2.05357143e+001 2.00000000e+001 1.29698274e-005 2.07595481e-005 1.79836413e-005 1.71406392e-005 1.53523873e-005 1.47660750e-005 1.45090776e-005 1.25301796e-005 1.00393483e-005 
1.00000000e+000 1.71428571e+001 2.00000000e+001 6.19680806e-006 1.34526553e-005 1.29341341e-005 1.26362700e-005 1.18846604e-005 1.15893610e-005 1.14526578e-005 1.02179366e-005 8.43799235e-006 
1.00000000e+000 1.33928571e+001 2.00000000e+001 2.96943739e-006 8.88596051e-006 9.49073199e-006 9.49914668e-006 9.36254628e-006 9.24928888e-006 9.18915418e-006 8.45091189e-006 7.17580359e-006 
1.00000000e+000 9.28571429e+000 2.00000000e+001 1.47140242e-006 6.14047023e-006 7.25438385e-006 7.42416802e-006 7.63129236e-006 7.62562799e-006 7.61157538e-006 7.18706053e-006 6.25084535e-006 
1.00000000e+000 4.82142857e+000 2.00000000e+001 8.27441613e-007 4.67500307e-006 5.98980221e-006 6.23484490e-006 6.61106348e-006 6.66111599e-006 6.67133222e-006 6.41962382e-006 5.68018079e-006 
1.00000000e+000 0.00000000e+000 2.00000000e+001 6.46349287e-007 4.20676705e-006 5.57441115e-006 5.84143909e-006 6.26831211e-006 6.33560088e-006 6.35341514e-006 6.15754318e-006 5.48402007e-006 
1.25000000e+000 3.50000000e+001 2.00000000e+001 1.79046550e-003 3.48013993e-004 1.59834709e-004 1.31548143e-004 8.81769243e-005 7.81087889e-005 7.41728405e-005 5.25735469e-005 3.48977876e-005 
1.25000000e+000 3.48214286e+001 2.00000000e+001 1.65356498e-003 3.37737904e-004 1.56513704e-004 1.29033532e-004 8.67490140e-005 7.69026757e-005 7.30499728e-005 5.18643946e-005 3.44758338e-005 
1.25000000e+000 3.42857143e+001 2.00000000e+001 1.33670135e-003 3.03307379e-004 1.44653949e-004 1.19981018e-004 8.15704092e-005 7.25278147e-005 6.89778758e-005 4.93049634e-005 3.29739558e-005 
1.25000000e+000 3.33928571e+001 2.00000000e+001 9.79986581e-004 2.59637353e-004 1.28914344e-004 1.07832962e-004 7.44657843e-005 6.64885185e-005 6.33420911e-005 4.57088988e-005 3.08290347e-005 
1.25000000e+000 3.21428571e+001 2.00000000e+001 5.49127039e-004 1.99420530e-004 1.06371695e-004 9.03034600e-005 6.40852959e-005 5.76391963e-005 5.50750795e-005 4.04097102e-005 2.76684631e-005 
1.25000000e+000 3.05357143e+001 2.00000000e+001 3.25128379e-004 1.50185028e-004 8.52873386e-005 7.34049339e-005 5.34866084e-005 4.84619041e-005 4.64470008e-005 3.46795810e-005 2.41412920e-005 
1.25000000e+000 2.85714286e+001 2.00000000e+001 1.57712537e-004 9.79778475e-005 6.06540635e-005 5.32565148e-005 4.03787643e-005 3.70055665e-005 3.56362734e-005 2.73613466e-005 1.95776380e-005 
1.25000000e+000 2.62500000e+001 2.00000000e+001 5.03587140e-005 4.75577577e-005 3.41526874e-005 3.10955627e-005 2.53875025e-005 2.37752751e-005 2.31038980e-005 1.87151030e-005 1.41238753e-005 
1.25000000e+000 2.35714286e+001 2.00000000e+001 2.01181036e-005 2.67520200e-005 2.16696790e-005 2.03178043e-005 1.76091025e-005 1.67798080e-005 1.64247611e-005 1.38832976e-005 1.09204844e-005 
1.25000000e+000 2.05357143e+001 2.00000000e+001 8.18445287e-006 1.54386072e-005 1.41207959e-005 1.36351344e-005 1.25405375e-005 1.21562859e-005 1.19841824e-005 1.05584265e-005 8.64089147e-006 
1.25000000e+000 1.71428571e+001 2.00000000e+001 3.30228267e-006 9.03943432e-006 9.40027193e-006 9.36020605e-006 9.15252031e-006 9.02789070e-006 8.96450390e-006 8.23274591e-006 7.00563672e-006 
1.25000000e+000 1.33928571e+001 2.00000000e+001 1.32112883e-006 5.37289429e-006 6.38056697e-006 6.55343062e-006 6.80853291e-006 6.83059195e-006 6.83017381e-006 6.52739496e-006 5.76280120e-006 
1.25000000e+000 9.28571429e+000 2.00000000e+001 5.39252509e-007 3.33766332e-006 4.52530141e-006 4.78831240e-006 5.26489005e-006 5.36449134e-006 5.39834829e-006 5.34714230e-006 4.87715374e-006 
1.25000000e+000 4.82142857e+000 2.00000000e+001 2.49552489e-007 2.31769507e-006 3.51753649e-006 3.81208811e-006 4.38044213e-006 4.51611482e-006 4.56642548e-006 4.64551221e-006 4.34003900e-006 
1.25000000e+000 0.00000000e+000 2.00000000e+001 1.75718540e-007 2.00283792e-006 3.19262458e-006 3.49425017e-006 4.08672785e-006 4.23281079e-006 4.28798734e-006 4.40780483e-006 4.15644408e-006 
1.50000000e+000 3.50000000e+001 2.00000000e+001 3.61322281e-003 4.63812020e-004 1.91806186e-004 1.54435386e-004 9.94259547e-005 8.71356424e-005 8.23860776e-005 5.70056465e-005 3.70376465e-005 
1.50000000e+000 3.48214286e+001 2.00000000e+001 3.22365333e-003 4.45950017e-004 1.86891153e-004 1.50850461e-004 9.75330902e-005 8.55687366e-005 8.09393690e-005 5.61338966e-005 3.65407117e-005 
1.50000000e+000 3.42857143e+001 2.00000000e+001 2.47577433e-003 3.90136962e-004 1.69856215e-004 1.38215286e-004 9.07046476e-005 7.98923235e-005 7.56909465e-005 5.29598125e-005 3.47457519e-005 
1.50000000e+000 3.33928571e+001 2.00000000e+001 1.68276383e-003 3.21967156e-004 1.47901535e-004 1.21716508e-004 8.15535136e-005 7.22294902e-005 6.85845305e-005 4.85857097e-005 3.22249623e-005 
1.50000000e+000 3.21428571e+001 2.00000000e+001 7.72185456e-004 2.30875713e-004 1.17103494e-004 9.83280610e-005 6.83330173e-005 6.11055846e-005 5.82486829e-005 4.21636821e-005 2.85074667e-005 
1.50000000e+000 3.05357143e+001 2.00000000e+001 3.99006957e-004 1.64429938e-004 9.05147582e-005 7.73537160e-005 5.55820549e-005 5.01609958e-005 4.79962634e-005 3.54951074e-005 2.44836694e-005 
1.50000000e+000 2.85714286e+001 2.00000000e+001 1.65015303e-004 9.97954854e-005 6.11502916e-005 5.35461776e-005 4.03588622e-005 3.69201189e-005 3.55265426e-005 2.71506135e-005 1.93380124e-005 
1.50000000e+000 2.62500000e+001 2.00000000e+001 4.38304863e-005 4.32314077e-005 3.14590843e-005 2.87258544e-005 2.35803277e-005 2.21158971e-005 2.15047152e-005 1.74843875e-005 1.32497588e-005 
1.50000000e+000 2.35714286e+001 2.00000000e+001 1.50564001e-005 2.21713207e-005 1.85604636e-005 1.75357295e-005 1.54285482e-005 1.47656957e-005 1.44794835e-005 1.23727040e-005 9.84542440e-006 
1.50000000e+000 2.05357143e+001 2.00000000e+001 5.24018362e-006 1.16501205e-005 1.12438701e-005 1.09953845e-005 1.03722932e-005 1.01287390e-005 1.00162271e-005 8.98940591e-006 7.50080898e-006 
1.50000000e+000 1.71428571e+001 2.00000000e+001 1.79011186e-006 6.17447992e-006 6.93257338e-006 7.03058246e-006 7.13386388e-006 7.11317559e-006 7.09535311e-006 6.69529167e-006 5.85920602e-006 
1.50000000e+000 1.33928571e+001 2.00000000e+001 5.99335021e-007 3.30360698e-006 4.34784799e-006 4.57782063e-006 5.00157125e-006 5.09200355e-006 5.12313485e-006 5.07846323e-006 4.65341895e-006 
1.50000000e+000 9.28571429e+000 2.00000000e+001 2.01804114e-007 1.83954297e-006 2.85048103e-006 3.11517461e-006 3.65622408e-006 3.79645665e-006 3.85069696e-006 3.99570713e-006 3.81737728e-006 
1.50000000e+000 4.82142857e+000 2.00000000e+001 7.63378705e-008 1.15603677e-006 2.07330098e-006 2.33818076e-006 2.90900857e-006 3.06803733e-006 3.13167463e-006 3.36644726e-006 3.31935033e-006 
1.50000000e+000 0.00000000e+000 2.00000000e+001 4.77915131e-008 9.53680539e-007 1.82864954e-006 2.09033965e-006 2.66453080e-006 2.82805347e-006 2.89412040e-006 3.15536374e-006 3.15030955e-006 
1.75000000e+000 3.50000000e+001 2.00000000e+001 7.78710973e-003 6.36955676e-004 2.34482442e-004 1.84262588e-004 1.13467133e-004 9.82807222e-005 9.24829278e-005 6.23351848e-005 3.95722389e-005 
1.75000000e+000 3.48214286e+001 2.00000000e+001 6.66014165e-003 6.05448900e-004 2.27104618e-004 1.79080891e-004 1.10926805e-004 9.62211552e-005 9.05976095e-005 6.12535193e-005 3.89830460e-005 
1.75000000e+000 3.42857143e+001 2.00000000e+001 4.87190226e-003 5.14946752e-004 2.02623238e-004 1.61432469e-004 1.01914231e-004 8.88488925e-005 8.38266470e-005 5.73144370e-005 3.68374166e-005 
1.75000000e+000 3.33928571e+001 2.00000000e+001 3.08253314e-003 4.08448816e-004 1.71965283e-004 1.38994735e-004 9.01075625e-005 7.91098504e-005 7.48509831e-005 5.19864708e-005 3.38724584e-005 
1.75000000e+000 3.21428571e+001 2.00000000e+001 1.12120240e-003 2.70537883e-004 1.29929510e-004 1.07826522e-004 7.32971622e-005 6.51510575e-005 6.19518219e-005 4.42207688e-005 2.95114798e-005 
1.75000000e+000 3.05357143e+001 2.00000000e+001 4.98850695e-004 1.81229731e-004 9.65437229e-005 8.19071457e-005 5.80276134e-005 5.21603605e-005 4.98272516e-005 3.64994530e-005 2.49458793e-005 
1.75000000e+000 2.85714286e+001 2.00000000e+001 1.73129628e-004 1.01936812e-004 6.18753140e-005 5.40484342e-005 4.05221332e-005 3.70088057e-005 3.55869935e-005 2.70805672e-005 1.92025008e-005 
1.75000000e+000 2.62500000e+001 2.00000000e+001 3.83706121e-005 3.95376298e-005 2.91692497e-005 2.67161839e-005 2.20561606e-005 2.07183646e-005 2.01585717e-005 1.64498568e-005 1.25125726e-005 
1.75000000e+000 2.35714286e+001 2.00000000e+001 1.13629626e-005 1.85283132e-005 1.60341480e-005 1.52655132e-005 1.36342736e-005 1.31040757e-005 1.28728126e-005 1.11150712e-005 8.94019541e-006 
1.75000000e+000 2.05357143e+001 2.00000000e+001 3.38914562e-006 8.88023923e-006 9.04360983e-006 8.95549706e-006 8.66094661e-006 8.51815252e-006 8.44867766e-006 7.71773263e-006 6.55789800e-006 
1.75000000e+000 1.71428571e+001 2.00000000e+001 9.81907229e-007 4.26716316e-006 5.16952937e-006 5.33767795e-006 5.61460292e-006 5.65691341e-006 5.66738755e-006 5.48815571e-006 4.93201254e-006 
1.75000000e+000 1.33928571e+001 2.00000000e+001 2.75567563e-007 2.05709625e-006 2.99515991e-006 3.23071979e-006 3.70612856e-006 3.82694310e-006 3.87323752e-006 3.97690983e-006 3.77649075e-006 
1.75000000e+000 9.28571429e+000 2.00000000e+001 7.66724140e-008 1.02559560e-006 1.81094220e-006 2.04240151e-006 2.55440526e-006 2.70162695e-006 2.76137196e-006 2.99816465e-006 2.99690857e-006 
1.75000000e+000 4.82142857e+000 2.00000000e+001 2.36371272e-008 5.79911049e-007 1.22636521e-006 1.43854282e-006 1.93609635e-006 2.08839779e-006 2.15176263e-006 2.44294383e-006 2.54117742e-006 
1.75000000e+000 0.00000000e+000 2.00000000e+001 1.30036717e-008 4.54171298e-007 1.04748265e-006 1.25057117e-006 1.73734344e-006 1.88957477e-006 1.95342400e-006 2.25885668e-006 2.38777219e-006 
2.00000000e+000 3.50000000e+001 2.00000000e+001 1.77423510e-002 8.99663699e-004 2.91771247e-004 2.23268627e-004 1.30967820e-004 1.11998690e-004 1.04848325e-004 6.86896149e-005 4.25319389e-005 
2.00000000e+000 3.48214286e+001 2.00000000e+001 1.44467721e-002 8.43468200e-004 2.80578269e-004 2.15699754e-004 1.27524432e-004 1.09265275e-004 1.02367931e-004 6.73362764e-005 4.18287924e-005 
2.00000000e+000 3.42857143e+001 2.00000000e+001 1.01030995e-002 6.96582119e-004 2.45390316e-004 1.91042951e-004 1.15622656e-004 9.96846569e-005 9.36272022e-005 6.24446197e-005 3.92628433e-005 
2.00000000e+000 3.33928571e+001 2.00000000e+001 5.99297772e-003 5.29986895e-004 2.02557083e-004 1.60508984e-004 1.00374441e-004 8.72931967e-005 8.22777284e-005 5.59470059e-005 3.57720651e-005 
2.00000000e+000 3.21428571e+001 2.00000000e+001 1.67743360e-003 3.20703771e-004 1.45195346e-004 1.18994897e-004 7.90195784e-005 6.97954055e-005 6.61970818e-005 4.65692037e-005 3.06647661e-005 
2.00000000e+000 3.05357143e+001 2.00000000e+001 6.35409183e-004 2.00990717e-004 1.03403994e-004 8.70645438e-005 6.07931582e-005 5.44268267e-005 5.19060659e-005 3.76604067e-005 2.55039336e-005 
2.00000000e+000 2.85714286e+001 2.00000000e+001 1.82072436e-004 1.04321599e-004 6.27547894e-005 5.46922735e-005 4.08067216e-005 3.72133111e-005 3.57609215e-005 2.71066004e-005 1.91408350e-005 
2.00000000e+000 2.62500000e+001 2.00000000e+001 3.37360675e-005 3.63153774e-005 2.71712703e-005 2.49651691e-005 2.07343110e-005 1.95082834e-005 1.89937672e-005 1.55577079e-005 1.18772341e-005 
2.00000000e+000 2.35714286e+001 2.00000000e+001 8.62936279e-006 1.55773107e-005 1.39378502e-005 1.33727643e-005 1.21256542e-005 1.17037671e-005 1.15174946e-005 1.00475465e-005 8.16536027e-006 
2.00000000e+000 2.05357143e+001 2.00000000e+001 2.20850966e-006 6.81862564e-006 7.32820750e-006 7.34855293e-006 7.28512511e-006 7.21567600e-006 7.17784192e-006 6.67081526e-006 5.76799255e-006 
2.00000000e+000 1.71428571e+001 2.00000000e+001 5.43300923e-007 2.97455544e-006 3.88761057e-006 4.08628422e-006 4.45351738e-006 4.53300593e-006 4.56074585e-006 4.52881180e-006 4.17493873e-006 
2.00000000e+000 1.33928571e+001 2.00000000e+001 1.27952373e-007 1.29332264e-006 2.08152948e-006 2.29927869e-006 2.76653258e-006 2.89638074e-006 2.94836735e-006 3.13231205e-006 3.07886241e-006 
2.00000000e+000 9.28571429e+000 2.00000000e+001 2.94594433e-008 5.77252108e-007 1.15913654e-006 1.34825867e-006 1.79442498e-006 1.93228281e-006 1.98990842e-006 2.25836228e-006 2.35954528e-006 
2.00000000e+000 4.82142857e+000 2.00000000e+001 7.39491785e-009 2.92451275e-007 7.27851744e-007 8.87657170e-007 1.29132699e-006 1.42429589e-006 1.48118381e-006 1.77519854e-006 1.94730185e-006 
2.00000000e+000 0.00000000e+000 2.00000000e+001 3.53966605e-009 2.16319647e-007 6.00063030e-007 7.48218793e-007 1.13284501e-006 1.26257803e-006 1.31853983e-006 1.61711195e-006 1.80984307e-006 
2.25000000e+000 3.50000000e+001 2.00000000e+001 4.23237867e-002 1.30441962e-003 3.69246973e-004 2.74563477e-004 1.52819594e-004 1.28893879e-004 1.19993489e-004 7.62414789e-005 4.59628159e-005 
2.25000000e+000 3.48214286e+001 2.00000000e+001 3.26273354e-002 1.20328927e-003 3.52125629e-004 2.63417162e-004 1.48114871e-004 1.25237630e-004 1.16704747e-004 7.45360751e-005 4.51186288e-005 
2.25000000e+000 3.42857143e+001 2.00000000e+001 2.18995815e-002 9.64441455e-004 3.01541537e-004 2.28965973e-004 1.32394009e-004 1.12783308e-004 1.05417393e-004 6.84585806e-005 4.20485859e-005 
2.25000000e+000 3.33928571e+001 2.00000000e+001 1.22815732e-002 7.03233472e-004 2.41673976e-004 1.87400016e-004 1.12690293e-004 9.70069003e-005 9.10564847e-005 6.05275733e-005 3.79350792e-005 
2.25000000e+000 3.21428571e+001 2.00000000e+001 2.57987479e-003 3.84461248e-004 1.63362083e-004 1.32103833e-004 8.55764929e-005 7.50865823e-005 7.10230149e-005 4.92129847e-005 3.19603374e-005 
2.25000000e+000 3.05357143e+001 2.00000000e+001 8.24510284e-004 2.24257401e-004 1.11167979e-004 9.28601221e-005 6.38730202e-005 5.69491824e-005 5.42197474e-005 3.89604858e-005 2.61426823e-005 
2.25000000e+000 2.85714286e+001 2.00000000e+001 1.91900736e-004 1.06910728e-004 6.37483901e-005 5.54382591e-005 4.11763359e-005 3.74987840e-005 3.60141640e-005 2.72004011e-005 1.91326271e-005 
2.25000000e+000 2.62500000e+001 2.00000000e+001 2.97612789e-005 3.34637642e-005 2.53965103e-005 2.34104570e-005 1.95640848e-005 1.84384206e-005 1.79645511e-005 1.47723339e-005 1.13193936e-005 
2.25000000e+000 2.35714286e+001 2.00000000e+001 6.58550160e-006 1.31564280e-005 1.21723710e-005 1.17702076e-005 1.08364213e-005 1.05042472e-005 1.03553913e-005 9.12699954e-006 7.49273497e-006 
2.25000000e+000 2.05357143e+001 2.00000000e+001 1.44761753e-006 5.26484620e-006 5.97191481e-006 6.06441478e-006 6.16299948e-006 6.14725824e-006 6.13288188e-006 5.79755584e-006 5.09877001e-006 
2.25000000e+000 1.71428571e+001 2.00000000e+001 3.02645568e-007 2.08718088e-006 2.94289207e-006 3.14881348e-006 3.55491200e-006 3.65494838e-006 3.69275572e-006 3.75829095e-006 3.55140766e-006 
2.25000000e+000 1.33928571e+001 2.00000000e+001 5.98593482e-008 8.19235459e-007 1.45691841e-006 1.64771823e-006 2.07810809e-006 2.20529384e-006 2.25759646e-006 2.47970488e-006 2.52054444e-006 
2.25000000e+000 9.28571429e+000 2.00000000e+001 1.14165789e-008 3.27455525e-007 7.46759732e-007 8.95411412e-007 1.26681572e-006 1.38842157e-006 1.44040235e-006 1.70723972e-006 1.86279470e-006 
2.25000000e+000 4.82142857e+000 2.00000000e+001 2.33380424e-009 1.48209222e-007 4.33371830e-007 5.49276598e-007 8.63064841e-007 9.73189972e-007 1.02140605e-006 1.29169399e-006 1.49362461e-006 
2.25000000e+000 0.00000000e+000 2.00000000e+001 9.63914751e-010 1.03046114e-007 3.43779937e-007 4.47690028e-007 7.38712032e-007 8.43665015e-007 8.90034369e-007 1.15772030e-006 1.37182057e-006 
2.50000000e+000 3.50000000e+001 2.00000000e+001 1.04760952e-001 1.93767220e-003 4.74885032e-004 3.42463792e-004 1.80196720e-004 1.49753027e-004 1.38581180e-004 8.52119011e-005 4.99258470e-005 
2.50000000e+000 3.48214286e+001 2.00000000e+001 7.61562294e-002 1.75432289e-003 4.48520645e-004 3.25941680e-004 1.73727492e-004 1.44831306e-004 1.34193050e-004 8.30498279e-005 4.89068899e-005 
2.50000000e+000 3.42857143e+001 2.00000000e+001 4.92320528e-002 1.36480920e-003 3.75775468e-004 2.77797586e-004 1.52960459e-004 1.28639399e-004 1.19615060e-004 7.54968108e-005 4.52322895e-005 
2.50000000e+000 3.33928571e+001 2.00000000e+001 2.63227179e-002 9.53861697e-004 2.92048473e-004 2.21193318e-004 1.27491965e-004 1.08546418e-004 1.01436820e-004 6.58105432e-005 4.03814687e-005 
2.50000000e+000 3.21428571e+001 2.00000000e+001 4.06888136e-003 4.65942687e-004 1.85015818e-004 1.47498264e-004 9.30721649e-005 8.10943147e-005 7.64878514e-005 5.21671464e-005 3.33972655e-005 
2.50000000e+000 3.05357143e+001 2.00000000e+001 1.08959402e-003 2.51721729e-004 1.19939205e-004 9.93514659e-005 6.72764876e-005 5.97295820e-005 5.67680898e-005 4.03914154e-005 2.68528041e-005 
2.50000000e+000 2.85714286e+001 2.00000000e+001 2.02697994e-004 1.09685345e-004 6.48332792e-005 5.62635622e-005 4.16089785e-005 3.78437776e-005 3.63255567e-005 2.73436400e-005 1.91639666e-005 
2.50000000e+000 2.62500000e+001 2.00000000e+001 2.63262711e-005 3.09143796e-005 2.37999660e-005 2.20113208e-005 1.85122079e-005 1.74776019e-005 1.70406388e-005 1.40695658e-005 1.08218776e-005 
2.50000000e+000 2.35714286e+001 2.00000000e+001 5.04560442e-006 1.11521277e-005 1.06693948e-005 1.03979478e-005 9.72104039e-006 9.46378199e-006 9.34633177e-006 8.32306267e-006 6.90184157e-006 
2.50000000e+000 2.05357143e+001 2.00000000e+001 9.53367441e-007 4.08302197e-006 4.88830200e-006 5.02711993e-006 5.23743081e-006 5.26089184e-006 5.26390758e-006 5.06117787e-006 4.52622437e-006 
2.50000000e+000 1.71428571e+001 2.00000000e+001 1.69500480e-007 1.47212646e-006 2.23941116e-006 2.43912340e-006 2.85225658e-006 2.96199552e-006 3.00510517e-006 3.13375144e-006 3.03387162e-006 
2.50000000e+000 1.33928571e+001 2.00000000e+001 2.81714335e-008 5.22015849e-007 1.02566807e-006 1.18753741e-006 1.56929912e-006 1.68775776e-006 1.73744064e-006 1.97191458e-006 2.07123039e-006 
2.50000000e+000 9.28571429e+000 2.00000000e+001 4.45430356e-009 1.86958844e-007 4.83798938e-007 5.97815496e-007 8.98341043e-007 1.00182829e-006 1.04689853e-006 1.29493075e-006 1.47441124e-006 
2.50000000e+000 4.82142857e+000 2.00000000e+001 7.41992371e-010 7.54495500e-008 2.58821517e-007 3.40803554e-007 5.77986631e-007 6.66162526e-007 7.05569219e-007 9.41105544e-007 1.14670741e-006 
2.50000000e+000 0.00000000e+000 2.00000000e+001 2.62599499e-010 4.90937825e-008 1.96968942e-007 2.67888947e-007 4.81725558e-007 5.63766801e-007 6.00809893e-007 8.28856511e-007 1.03982933e-006 
END