TITLE="2RS_E_WD315.dat"
VARIABLES= "Density" "Radius" "Height" "0.1053" "0.356" "0.6617" "0.7889" "1.1732" "1.3325" "1.408" "2" "3" 
ZONE T="3D Data" I=11 J=15 K=3 F=POINT
0.00000000e+000 3.50000000e+001 0.00000000e+000 2.69253175e-004 1.80356644e-004 1.14189799e-004 1.00691753e-004 7.67474207e-005 7.03551295e-005 6.77447756e-005 5.18236065e-005 3.67279262e-005 
0.00000000e+000 3.48214286e+001 0.00000000e+000 2.67937265e-004 1.79478579e-004 1.13640709e-004 1.00209020e-004 7.63813037e-005 7.00199052e-005 6.74221431e-005 5.15774198e-005 3.65537541e-005 
0.00000000e+000 3.42857143e+001 0.00000000e+000 2.63816835e-004 1.76718085e-004 1.11890033e-004 9.86654957e-005 7.52064819e-005 6.89436828e-005 6.63861838e-005 5.07865378e-005 3.59938060e-005 
0.00000000e+000 3.33928571e+001 0.00000000e+000 2.56142525e-004 1.71598686e-004 1.08653537e-004 9.58156408e-005 7.30441926e-005 6.69647408e-005 6.44820050e-005 4.93354773e-005 3.49665923e-005 
0.00000000e+000 3.21428571e+001 0.00000000e+000 2.45612595e-004 1.64640541e-004 1.04277510e-004 9.19668579e-005 7.01306481e-005 6.42999735e-005 6.19185960e-005 4.73847459e-005 3.35866064e-005 
0.00000000e+000 3.05357143e+001 0.00000000e+000 2.32218031e-004 1.55745379e-004 9.86838502e-005 8.70493543e-005 6.64133041e-005 6.09016679e-005 5.86501984e-005 4.49000598e-005 3.18293687e-005 
0.00000000e+000 2.85714286e+001 0.00000000e+000 2.14447750e-004 1.43928210e-004 9.12660795e-005 8.05351328e-005 6.15027457e-005 5.64166327e-005 5.43382393e-005 4.16282484e-005 2.95162619e-005 
0.00000000e+000 2.62500000e+001 0.00000000e+000 1.92791979e-004 1.29520708e-004 8.22240935e-005 7.25961317e-005 5.55229765e-005 5.09567155e-005 4.90896888e-005 3.76479091e-005 2.67006279e-005 
0.00000000e+000 2.35714286e+001 0.00000000e+000 1.70590347e-004 1.14706874e-004 7.28748852e-005 6.43727814e-005 4.93042647e-005 4.52719033e-005 4.36222833e-005 3.34905092e-005 2.37539517e-005 
0.00000000e+000 2.05357143e+001 0.00000000e+000 1.49648914e-004 1.00694949e-004 6.39755184e-005 5.65247733e-005 4.33335588e-005 3.98040109e-005 3.83596354e-005 2.94732000e-005 2.08999842e-005 
0.00000000e+000 1.71428571e+001 0.00000000e+000 1.31749074e-004 8.88495832e-005 5.63771554e-005 4.97927695e-005 3.81549771e-005 3.50462001e-005 3.37744543e-005 2.59503599e-005 1.83910550e-005 
0.00000000e+000 1.33928571e+001 0.00000000e+000 1.20509174e-004 8.15280209e-005 5.14284316e-005 4.53216958e-005 3.45670476e-005 3.17117237e-005 3.05464336e-005 2.34174455e-005 1.65770043e-005 
0.00000000e+000 9.28571429e+000 0.00000000e+000 1.17513969e-004 7.95166100e-005 4.98766248e-005 4.38275539e-005 3.31772869e-005 3.03659802e-005 2.92223408e-005 2.22937234e-005 1.57432417e-005 
0.00000000e+000 4.82142857e+000 0.00000000e+000 1.16001778e-004 7.85335006e-005 4.92302021e-005 4.32320785e-005 3.26355591e-005 2.98356149e-005 2.86973587e-005 2.18296458e-005 1.53892597e-005 
0.00000000e+000 0.00000000e+000 0.00000000e+000 1.15750139e-004 7.83870808e-005 4.91374134e-005 4.31471441e-005 3.25529167e-005 2.97514020e-005 2.86125190e-005 2.17473698e-005 1.53238175e-005 
2.50000000e-001 3.50000000e+001 0.00000000e+000 2.80707955e-004 1.79244356e-004 1.12631896e-004 9.92147924e-005 7.55334729e-005 6.92348977e-005 6.66651770e-005 5.10124242e-005 3.61868651e-005 
2.50000000e-001 3.48214286e+001 0.00000000e+000 2.76189465e-004 1.77317089e-004 1.11602692e-004 9.83448605e-005 7.49252697e-005 6.86912457e-005 6.61472067e-005 5.06402954e-005 3.59392808e-005 
2.50000000e-001 3.42857143e+001 0.00000000e+000 2.71427719e-004 1.74201023e-004 1.09658551e-004 9.66384071e-005 7.36390535e-005 6.75166019e-005 6.50180141e-005 4.97855902e-005 3.53402998e-005 
2.50000000e-001 3.33928571e+001 0.00000000e+000 2.56114389e-004 1.66391499e-004 1.05158137e-004 9.27620729e-005 7.08253453e-005 6.49743028e-005 6.25848708e-005 4.79898128e-005 3.41103811e-005 
2.50000000e-001 3.21428571e+001 0.00000000e+000 2.37679396e-004 1.56417230e-004 9.93222832e-005 8.77187089e-005 6.71417115e-005 6.16404914e-005 5.93920627e-005 4.56243791e-005 3.24840777e-005 
2.50000000e-001 3.05357143e+001 0.00000000e+000 2.09802279e-004 1.41918940e-004 9.10162367e-005 8.05834818e-005 6.19985705e-005 5.70047037e-005 5.49600155e-005 4.23749254e-005 3.02733424e-005 
2.50000000e-001 2.85714286e+001 0.00000000e+000 1.71184094e-004 1.21585491e-004 7.94126163e-005 7.06349361e-005 5.48654275e-005 5.05871295e-005 4.88294591e-005 3.79027185e-005 2.72453302e-005 
2.50000000e-001 2.62500000e+001 0.00000000e+000 1.19127163e-004 9.47253013e-005 6.42873617e-005 5.77154139e-005 4.56785952e-005 4.23432640e-005 4.09629735e-005 3.22021447e-005 2.34102307e-005 
2.50000000e-001 2.35714286e+001 0.00000000e+000 8.88511822e-005 7.63618411e-005 5.31648608e-005 4.80288193e-005 3.84993460e-005 3.58195871e-005 3.47047593e-005 2.75185923e-005 2.01511416e-005 
2.50000000e-001 2.05357143e+001 0.00000000e+000 6.71880516e-005 6.18604305e-005 4.40046380e-005 3.99598238e-005 3.23722633e-005 3.02116696e-005 2.93087411e-005 2.34081439e-005 1.72425190e-005 
2.50000000e-001 1.71428571e+001 0.00000000e+000 5.19090300e-005 5.09649117e-005 3.68946820e-005 3.36343056e-005 2.74618502e-005 2.56875354e-005 2.49435826e-005 2.00312184e-005 1.48232540e-005 
2.50000000e-001 1.33928571e+001 0.00000000e+000 4.23546616e-005 4.41608904e-005 3.23070935e-005 2.94942377e-005 2.41368496e-005 2.25931163e-005 2.19457028e-005 1.76639065e-005 1.31125866e-005 
2.50000000e-001 9.28571429e+000 0.00000000e+000 3.75504883e-005 4.11454876e-005 3.03418749e-005 2.77027982e-005 2.26283131e-005 2.11643247e-005 2.05512687e-005 1.65203552e-005 1.22751548e-005 
2.50000000e-001 4.82142857e+000 0.00000000e+000 3.47326998e-005 3.94166985e-005 2.93197836e-005 2.68066735e-005 2.19187166e-005 2.04980927e-005 1.99026289e-005 1.59906112e-005 1.18876833e-005 
2.50000000e-001 0.00000000e+000 0.00000000e+000 3.38296651e-005 3.89059698e-005 2.90386201e-005 2.65672456e-005 2.17410268e-005 2.03337250e-005 1.97434528e-005 1.58636775e-005 1.17971689e-005 
5.00000000e-001 3.50000000e+001 0.00000000e+000 3.43705564e-004 1.92373340e-004 1.16905822e-004 1.02273694e-004 7.69119078e-005 7.02781089e-005 6.75852488e-005 5.13753351e-005 3.62526492e-005 
5.00000000e-001 3.48214286e+001 0.00000000e+000 3.32566384e-004 1.88942045e-004 1.15264173e-004 1.00922638e-004 7.60175475e-005 6.94914067e-005 6.68407508e-005 5.08616007e-005 3.59247692e-005 
5.00000000e-001 3.42857143e+001 0.00000000e+000 3.27515434e-004 1.85660753e-004 1.13217395e-004 9.91261030e-005 7.46639455e-005 6.82556111e-005 6.56529799e-005 4.99641266e-005 3.52980136e-005 
5.00000000e-001 3.33928571e+001 0.00000000e+000 2.98545447e-004 1.74481491e-004 1.07286624e-004 9.41126765e-005 7.11558154e-005 6.51186269e-005 6.26636351e-005 4.78132848e-005 3.38626575e-005 
5.00000000e-001 3.21428571e+001 0.00000000e+000 2.69099107e-004 1.61398501e-004 1.00045203e-004 8.79326356e-005 6.67521297e-005 6.11613724e-005 5.88850298e-005 4.50635520e-005 3.20080285e-005 
5.00000000e-001 3.05357143e+001 0.00000000e+000 2.23205246e-004 1.41307817e-004 8.91539484e-005 7.86995793e-005 6.02743952e-005 5.53693654e-005 5.33663909e-005 4.11009942e-005 2.93735041e-005 
5.00000000e-001 2.85714286e+001 0.00000000e+000 1.65486989e-004 1.13769095e-004 7.39993455e-005 6.58270609e-005 5.12280202e-005 4.72813612e-005 4.56609846e-005 3.55763214e-005 2.57092645e-005 
5.00000000e-001 2.62500000e+001 0.00000000e+000 9.06163915e-005 7.66019524e-005 5.36247626e-005 4.85644687e-005 3.91839681e-005 3.65416984e-005 3.54413956e-005 2.83055589e-005 2.09292530e-005 
5.00000000e-001 2.35714286e+001 0.00000000e+000 5.69214810e-005 5.58165189e-005 4.11233388e-005 3.77072098e-005 3.11942989e-005 2.93001083e-005 2.85024637e-005 2.31542526e-005 1.73842047e-005 
5.00000000e-001 2.05357143e+001 0.00000000e+000 3.66964335e-005 4.13042459e-005 3.18461069e-005 2.95183793e-005 2.49561900e-005 2.35869416e-005 2.30040100e-005 1.89642936e-005 1.44249492e-005 
5.00000000e-001 1.71428571e+001 0.00000000e+000 2.42634151e-005 3.13011639e-005 2.51479268e-005 2.35281966e-005 2.02599814e-005 1.92483090e-005 1.88131364e-005 1.57020945e-005 1.20764782e-005 
5.00000000e-001 1.33928571e+001 0.00000000e+000 1.69211031e-005 2.50927545e-005 2.08702302e-005 1.96584097e-005 1.71381748e-005 1.63383120e-005 1.59918147e-005 1.34621225e-005 1.04465532e-005 
5.00000000e-001 9.28571429e+000 0.00000000e+000 1.28901695e-005 2.18297394e-005 1.87254161e-005 1.77266854e-005 1.55660234e-005 1.48637329e-005 1.45581474e-005 1.23065355e-005 9.60577326e-006 
5.00000000e-001 4.82142857e+000 0.00000000e+000 1.06252603e-005 1.99248224e-005 1.75323779e-005 1.66789857e-005 1.47561635e-005 1.41127530e-005 1.38309894e-005 1.17304873e-005 9.19204216e-006 
5.00000000e-001 0.00000000e+000 0.00000000e+000 9.88722650e-006 1.93102633e-005 1.71608885e-005 1.63584104e-005 1.45201219e-005 1.38971745e-005 1.36235464e-005 1.15718034e-005 9.08214957e-006 
7.50000000e-001 3.50000000e+001 0.00000000e+000 4.59607151e-004 2.15198400e-004 1.25025409e-004 1.08337843e-004 8.00498561e-005 7.28051084e-005 6.98833793e-005 5.25746670e-005 3.67687598e-005 
7.50000000e-001 3.48214286e+001 0.00000000e+000 4.33781409e-004 2.09440618e-004 1.22548483e-004 1.06349976e-004 7.87984962e-005 7.17201877e-005 6.88628374e-005 5.18950086e-005 3.63501615e-005 
7.50000000e-001 3.42857143e+001 0.00000000e+000 4.28415956e-004 2.06012204e-004 1.20424336e-004 1.04486900e-004 7.73957840e-005 7.04397321e-005 6.76322210e-005 5.09657812e-005 3.57023364e-005 
7.50000000e-001 3.33928571e+001 0.00000000e+000 3.71548345e-004 1.89957121e-004 1.12668038e-004 9.80648366e-005 7.30759385e-005 6.66186667e-005 6.40072461e-005 4.84237685e-005 3.40478379e-005 
7.50000000e-001 3.21428571e+001 0.00000000e+000 3.22495226e-004 1.72878891e-004 1.03823516e-004 9.06231964e-005 6.79125624e-005 6.20122987e-005 5.96219475e-005 4.52870588e-005 3.19682789e-005 
7.50000000e-001 3.05357143e+001 0.00000000e+000 2.48581985e-004 1.46137911e-004 9.01239039e-005 7.91563081e-005 6.00646749e-005 5.50443499e-005 5.30023021e-005 4.06159180e-005 2.89187929e-005 
7.50000000e-001 2.85714286e+001 0.00000000e+000 1.67957203e-004 1.11398136e-004 7.15910592e-005 6.35274656e-005 4.92400398e-005 4.54081509e-005 4.38387487e-005 3.41202652e-005 2.46672115e-005 
7.50000000e-001 2.62500000e+001 0.00000000e+000 7.41639032e-005 6.53921315e-005 4.66038981e-005 4.24215542e-005 3.46277169e-005 3.24141947e-005 3.14893608e-005 2.54102791e-005 1.90095061e-005 
7.50000000e-001 2.35714286e+001 0.00000000e+000 3.97851789e-005 4.31895944e-005 3.31351569e-005 3.07105434e-005 2.60023007e-005 2.45982258e-005 2.40014172e-005 1.98643910e-005 1.52132127e-005 
7.50000000e-001 2.05357143e+001 0.00000000e+000 2.20403311e-005 2.91761348e-005 2.39517782e-005 2.25634006e-005 1.97403646e-005 1.88507686e-005 1.84653248e-005 1.56293976e-005 1.22181937e-005 
7.50000000e-001 1.71428571e+001 0.00000000e+000 1.24747138e-005 2.02290067e-005 1.77209113e-005 1.69458527e-005 1.52703819e-005 1.47048868e-005 1.44542852e-005 1.24804906e-005 9.93636543e-006 
7.50000000e-001 1.33928571e+001 0.00000000e+000 7.35474783e-006 1.48313352e-005 1.38170990e-005 1.33846193e-005 1.23563471e-005 1.19783707e-005 1.18067683e-005 1.03595229e-005 8.37928266e-006 
7.50000000e-001 9.28571429e+000 0.00000000e+000 4.68491310e-006 1.18475001e-005 1.17132390e-005 1.14753021e-005 1.07958801e-005 1.05154265e-005 1.03847790e-005 9.21428946e-006 7.54349232e-006 
7.50000000e-001 4.82142857e+000 0.00000000e+000 3.31636358e-006 1.01417920e-005 1.05254656e-005 1.04126969e-005 9.95758026e-006 9.73688021e-006 9.63077275e-006 8.61775893e-006 7.11474325e-006 
7.50000000e-001 0.00000000e+000 0.00000000e+000 2.88969411e-006 9.58429878e-006 1.01415345e-005 1.00724649e-005 9.69751671e-006 9.49808688e-006 9.40063730e-006 8.44108469e-006 6.99196958e-006 
1.00000000e+000 3.50000000e+001 0.00000000e+000 6.64186581e-004 2.48063849e-004 1.36491558e-004 1.16931367e-004 8.45969939e-005 7.65096297e-005 7.32717667e-005 5.44299348e-005 3.76405746e-005 
1.00000000e+000 3.48214286e+001 0.00000000e+000 6.05780077e-004 2.38647656e-004 1.32849332e-004 1.14080469e-004 8.28892487e-005 7.50498096e-005 7.19066146e-005 5.35513769e-005 3.71173984e-005 
1.00000000e+000 3.42857143e+001 0.00000000e+000 6.00889205e-004 2.35039888e-004 1.30643749e-004 1.12150713e-004 8.14416616e-005 7.37294527e-005 7.06380485e-005 5.25951789e-005 3.64521542e-005 
1.00000000e+000 3.33928571e+001 0.00000000e+000 4.86997773e-004 2.11682956e-004 1.20449754e-004 1.03900561e-004 7.61279188e-005 6.90847389e-005 6.62530990e-005 4.96040729e-005 3.45555410e-005 
1.00000000e+000 3.21428571e+001 0.00000000e+000 4.02518815e-004 1.89101663e-004 1.09626407e-004 9.49442856e-005 7.01024151e-005 6.37534468e-005 6.11947211e-005 4.60538559e-005 3.22435673e-005 
1.00000000e+000 3.05357143e+001 0.00000000e+000 2.83471916e-004 1.53912952e-004 9.26658113e-005 8.09397290e-005 6.07640085e-005 5.55216024e-005 5.33975634e-005 4.06455734e-005 2.87726636e-005 
1.00000000e+000 2.85714286e+001 0.00000000e+000 1.73229181e-004 1.11345553e-004 7.06800753e-005 6.25325384e-005 4.81920521e-005 4.43740224e-005 4.28142013e-005 3.32168756e-005 2.39618161e-005 
1.00000000e+000 2.62500000e+001 0.00000000e+000 6.26493536e-005 5.74940369e-005 4.15527045e-005 3.79630764e-005 3.12423213e-005 2.93215961e-005 2.85172033e-005 2.31784830e-005 1.74853796e-005 
1.00000000e+000 2.35714286e+001 0.00000000e+000 2.89909966e-005 3.45855828e-005 2.74517599e-005 2.56657747e-005 2.21398983e-005 2.10645397e-005 2.06036660e-005 1.73103398e-005 1.34740608e-005 
1.00000000e+000 2.05357143e+001 0.00000000e+000 1.38931782e-005 2.13816521e-005 1.85300938e-005 1.76972903e-005 1.59380945e-005 1.53536817e-005 1.50956802e-005 1.30687601e-005 1.04618188e-005 
1.00000000e+000 1.71428571e+001 0.00000000e+000 6.75462853e-006 1.35550942e-005 1.28187715e-005 1.24956334e-005 1.17197842e-005 1.14213463e-005 1.12834285e-005 1.00424422e-005 8.24926754e-006 
1.00000000e+000 1.33928571e+001 0.00000000e+000 3.36608287e-006 9.04180309e-006 9.34062155e-006 9.28263777e-006 9.03155494e-006 8.89144454e-006 8.82102413e-006 8.04360472e-006 6.76422101e-006 
1.00000000e+000 9.28571429e+000 0.00000000e+000 1.77664240e-006 6.55943767e-006 7.41842900e-006 7.50891394e-006 7.54572520e-006 7.49106844e-006 7.45705643e-006 6.93288254e-006 5.94432813e-006 
1.00000000e+000 4.82142857e+000 0.00000000e+000 1.05417212e-006 5.19673777e-006 6.34340480e-006 6.52219613e-006 6.73504590e-006 6.73170379e-006 6.71927603e-006 6.34005930e-006 5.51233294e-006 
1.00000000e+000 0.00000000e+000 0.00000000e+000 8.44558752e-007 4.75699492e-006 5.99332308e-006 6.20198227e-006 6.47665669e-006 6.49151136e-006 6.48670989e-006 6.15737366e-006 5.38282720e-006 
1.25000000e+000 3.50000000e+001 0.00000000e+000 1.03067149e-003 2.93634077e-004 1.51522222e-004 1.28102105e-004 9.04625143e-005 8.12917271e-005 7.76492348e-005 5.68551858e-005 3.88136999e-005 
1.25000000e+000 3.48214286e+001 0.00000000e+000 9.00207386e-004 2.78452915e-004 1.46243233e-004 1.24072189e-004 8.81652699e-005 7.93554466e-005 7.58490696e-005 5.57353230e-005 3.81685100e-005 
1.25000000e+000 3.42857143e+001 0.00000000e+000 8.99615655e-004 2.74651610e-004 1.43941120e-004 1.22065087e-004 8.66693903e-005 7.79932754e-005 7.45411855e-005 5.47530109e-005 3.74874223e-005 
1.25000000e+000 3.33928571e+001 0.00000000e+000 6.69743899e-004 2.40307612e-004 1.30445806e-004 1.11403082e-004 8.01132082e-005 7.23351678e-005 6.92273955e-005 5.12342597e-005 3.53172522e-005 
1.25000000e+000 3.21428571e+001 0.00000000e+000 5.21712178e-004 2.10024973e-004 1.17104242e-004 1.00566224e-004 7.30714004e-005 6.61624133e-005 6.33927898e-005 4.72251007e-005 3.27567606e-005 
1.25000000e+000 3.05357143e+001 0.00000000e+000 3.29494071e-004 1.63856996e-004 9.62385452e-005 8.35846565e-005 6.20567739e-005 5.65265624e-005 5.42942648e-005 4.10259931e-005 2.88462210e-005 
1.25000000e+000 2.85714286e+001 0.00000000e+000 1.79985141e-004 1.12432433e-004 7.05730687e-005 6.22595655e-005 4.77018389e-005 4.38489874e-005 4.22782706e-005 3.26725404e-005 2.34892965e-005 
1.25000000e+000 2.62500000e+001 0.00000000e+000 5.38415395e-005 5.14273214e-005 3.76584838e-005 3.45158605e-005 2.85980916e-005 2.68956607e-005 2.61810643e-005 2.13984247e-005 1.62451743e-005 
1.25000000e+000 2.35714286e+001 0.00000000e+000 2.16356154e-005 2.82979139e-005 2.31806056e-005 2.18421872e-005 1.91514912e-005 1.83112334e-005 1.79480923e-005 1.52733917e-005 1.20532931e-005 
1.25000000e+000 2.05357143e+001 0.00000000e+000 9.00594404e-006 1.60549092e-005 1.46323734e-005 1.41495486e-005 1.30771767e-005 1.26958363e-005 1.25235882e-005 1.10604412e-005 9.04236846e-006 
1.25000000e+000 1.71428571e+001 0.00000000e+000 3.76934098e-006 9.31575978e-006 9.46189399e-006 9.38703205e-006 9.13080135e-006 8.99532238e-006 8.92747825e-006 8.16778787e-006 6.90417041e-006 
1.25000000e+000 1.33928571e+001 0.00000000e+000 1.59013019e-006 5.64384586e-006 6.42490246e-006 6.53914674e-006 6.68142615e-006 6.67321278e-006 6.66055571e-006 6.29670546e-006 5.49314993e-006 
1.25000000e+000 9.28571429e+000 0.00000000e+000 6.94598817e-007 3.69429948e-006 4.75142677e-006 4.96217362e-006 5.31239505e-006 5.37156508e-006 5.38832077e-006 5.24079406e-006 4.69972996e-006 
1.25000000e+000 4.82142857e+000 0.00000000e+000 3.40558051e-007 2.67984717e-006 3.83739067e-006 4.09850492e-006 4.56577945e-006 4.66350054e-006 4.69703051e-006 4.67094934e-006 4.27500451e-006 
1.25000000e+000 0.00000000e+000 0.00000000e+000 2.46835980e-007 2.36105024e-006 3.54186347e-006 3.81878644e-006 4.32554946e-006 4.43665402e-006 4.47601680e-006 4.49151446e-006 4.14401552e-006 
1.50000000e+000 3.50000000e+001 0.00000000e+000 1.70173054e-003 3.56461920e-004 1.70774871e-004 1.42209671e-004 9.77089887e-005 8.71745228e-005 8.30264982e-005 5.98236330e-005 4.02604602e-005 
1.50000000e+000 3.48214286e+001 0.00000000e+000 1.41209560e-003 3.32204666e-004 1.63193637e-004 1.36565466e-004 9.46472160e-005 8.46299159e-005 8.06745443e-005 5.84092323e-005 3.94719154e-005 
1.50000000e+000 3.42857143e+001 0.00000000e+000 1.42822225e-003 3.28289651e-004 1.60781712e-004 1.34468416e-004 9.30958907e-005 8.32204482e-005 7.93225175e-005 5.73991958e-005 3.87751397e-005 
1.50000000e+000 3.33928571e+001 0.00000000e+000 9.62714448e-004 2.77439239e-004 1.42801777e-004 1.20609479e-004 8.49736349e-005 7.63037570e-005 7.28623159e-005 5.32529453e-005 3.62916629e-005 
1.50000000e+000 3.21428571e+001 0.00000000e+000 7.01211449e-004 2.36367893e-004 1.26223628e-004 1.07408076e-004 7.67120013e-005 6.91351114e-005 6.61144702e-005 4.87228556e-005 3.34592427e-005 
1.50000000e+000 3.05357143e+001 0.00000000e+000 3.90016134e-004 1.75815614e-004 1.00616075e-004 8.68796943e-005 6.37775616e-005 5.79098734e-005 5.55499531e-005 4.16583970e-005 2.90812569e-005 
1.50000000e+000 2.85714286e+001 0.00000000e+000 1.87828307e-004 1.14168367e-004 7.09340512e-005 6.24139054e-005 4.75575614e-005 4.36449822e-005 4.20527212e-005 3.23673660e-005 2.31804920e-005 
1.50000000e+000 2.62500000e+001 0.00000000e+000 4.67822758e-005 4.65058307e-005 3.45007826e-005 3.17194557e-005 2.64463673e-005 2.49180403e-005 2.42749255e-005 1.99349204e-005 1.52126545e-005 
1.50000000e+000 2.35714286e+001 0.00000000e+000 1.64005793e-005 2.34876702e-005 1.98374213e-005 1.88307507e-005 1.67633056e-005 1.61000055e-005 1.58106749e-005 1.36096979e-005 1.08715360e-005 
1.50000000e+000 2.05357143e+001 0.00000000e+000 5.94495057e-006 1.22572819e-005 1.17289008e-005 1.14762574e-005 1.08658767e-005 1.06247908e-005 1.05123371e-005 9.45484954e-006 7.87875229e-006 
1.50000000e+000 1.71428571e+001 0.00000000e+000 2.14429070e-006 6.51753976e-006 7.09284593e-006 7.15512763e-006 7.20187353e-006 7.16706747e-006 7.14336403e-006 6.70493357e-006 5.82017019e-006 
1.50000000e+000 1.33928571e+001 0.00000000e+000 7.66578028e-007 3.58592567e-006 4.48240862e-006 4.66690333e-006 4.99482993e-006 5.05710373e-006 5.07647961e-006 4.96581727e-006 4.48566828e-006 
1.50000000e+000 9.28571429e+000 0.00000000e+000 2.77501544e-007 2.11078312e-006 3.07388440e-006 3.30854968e-006 3.76526407e-006 3.87531769e-006 3.91633335e-006 3.97931737e-006 3.72758585e-006 
1.50000000e+000 4.82142857e+000 0.00000000e+000 1.11578938e-007 1.39028007e-006 2.32984360e-006 2.58354808e-006 3.10209646e-006 3.23715423e-006 3.28963581e-006 3.44604437e-006 3.31862377e-006 
1.50000000e+000 0.00000000e+000 0.00000000e+000 7.21419148e-008 1.17186603e-006 2.09312928e-006 2.35136646e-006 2.88889498e-006 3.03225250e-006 3.08858101e-006 3.27634883e-006 3.19030596e-006 
1.75000000e+000 3.50000000e+001 0.00000000e+000 2.95820583e-003 4.43364736e-004 1.95275316e-004 1.59854234e-004 1.06504200e-004 9.42640479e-005 8.94892524e-005 6.33478913e-005 4.19715004e-005 
1.75000000e+000 3.48214286e+001 0.00000000e+000 2.31691895e-003 4.04835998e-004 1.84456637e-004 1.51999395e-004 1.02449588e-004 9.09414159e-005 8.64360611e-005 6.15729142e-005 4.10138577e-005 
1.75000000e+000 3.42857143e+001 0.00000000e+000 2.38438964e-003 4.01101195e-004 1.81936854e-004 1.49805814e-004 1.00834867e-004 8.94778363e-005 8.50336078e-005 6.05320728e-005 4.03005829e-005 
1.75000000e+000 3.33928571e+001 0.00000000e+000 1.43928752e-003 3.25504540e-004 1.57867353e-004 1.31707432e-004 9.07331860e-005 8.09925188e-005 7.71529664e-005 5.56351050e-005 3.74554337e-005 
1.75000000e+000 3.21428571e+001 0.00000000e+000 9.75395164e-004 2.69355038e-004 1.37120725e-004 1.15521830e-004 8.09960277e-005 7.26345138e-005 6.93203567e-005 5.05062543e-005 3.43210435e-005 
1.75000000e+000 3.05357143e+001 0.00000000e+000 4.70092344e-004 1.89900468e-004 1.05718875e-004 9.07362756e-005 6.58408721e-005 5.95907997e-005 5.70862626e-005 4.24830886e-005 2.94394856e-005 
1.75000000e+000 2.85714286e+001 0.00000000e+000 1.96644804e-004 1.16329293e-004 7.15909425e-005 6.28394900e-005 4.76381436e-005 4.36519106e-005 4.20321339e-005 3.22258108e-005 2.29887945e-005 
1.75000000e+000 2.62500000e+001 0.00000000e+000 4.09633497e-005 4.23712796e-005 3.18469280e-005 2.93697143e-005 2.46378834e-005 2.32550798e-005 2.26716028e-005 1.86998965e-005 1.43351091e-005 
1.75000000e+000 2.35714286e+001 0.00000000e+000 1.25715499e-005 1.96941203e-005 1.71418978e-005 1.63897306e-005 1.48048251e-005 1.42797788e-005 1.40482876e-005 1.22227258e-005 9.87253833e-006 
1.75000000e+000 2.05357143e+001 0.00000000e+000 3.97496234e-006 9.46986489e-006 9.50701752e-006 9.40941415e-006 9.11825388e-006 8.97676363e-006 8.90716596e-006 8.14935871e-006 6.91234389e-006 
1.75000000e+000 1.71428571e+001 0.00000000e+000 1.23615346e-006 4.61895789e-006 5.38036572e-006 5.51630541e-006 5.73779155e-006 5.76526576e-006 5.76948263e-006 5.54802149e-006 4.93776214e-006 
1.75000000e+000 1.33928571e+001 0.00000000e+000 3.74692585e-007 2.30900005e-006 3.16329124e-006 3.36673355e-006 3.76772522e-006 3.86477815e-006 3.90088021e-006 3.94233568e-006 3.68165728e-006 
1.75000000e+000 9.28571429e+000 0.00000000e+000 1.12598658e-007 1.22050986e-006 2.00626749e-006 2.22364570e-006 2.68521668e-006 2.81167888e-006 2.86196109e-006 3.03416773e-006 2.96556947e-006 
1.75000000e+000 4.82142857e+000 0.00000000e+000 3.70002741e-008 7.25346589e-007 1.41949365e-006 1.63350693e-006 2.11221191e-006 2.25143523e-006 2.30822358e-006 2.54583576e-006 2.57866308e-006 
1.75000000e+000 0.00000000e+000 0.00000000e+000 2.10847021e-008 5.81635487e-007 1.23697351e-006 1.44782262e-006 1.92940007e-006 2.07240781e-006 2.13121047e-006 2.38994280e-006 2.45608462e-006 
2.00000000e+000 3.50000000e+001 0.00000000e+000 5.36100975e-003 5.64304758e-004 2.26445015e-004 1.81872968e-004 1.17102784e-004 1.02731867e-004 9.71815087e-005 6.74692531e-005 4.39506116e-005 
2.00000000e+000 3.48214286e+001 0.00000000e+000 3.94215900e-003 5.03355536e-004 2.11076914e-004 1.70992293e-004 1.11758606e-004 9.84137413e-005 9.32366653e-005 6.52522742e-005 4.27930704e-005 
2.00000000e+000 3.42857143e+001 0.00000000e+000 4.15015142e-003 5.00513480e-004 2.08484547e-004 1.68711328e-004 1.10074572e-004 9.68899051e-005 9.17777837e-005 6.41768435e-005 4.20618508e-005 
2.00000000e+000 3.33928571e+001 0.00000000e+000 2.22572806e-003 3.87869476e-004 1.76156305e-004 1.44995853e-004 9.74700104e-005 8.64477757e-005 8.21351817e-005 5.83793476e-005 3.87973647e-005 
2.00000000e+000 3.21428571e+001 0.00000000e+000 1.40027720e-003 3.10699856e-004 1.50044653e-004 1.25043077e-004 8.59429770e-005 7.66640341e-005 7.30087189e-005 5.25576773e-005 3.53245728e-005 
2.00000000e+000 3.05357143e+001 0.00000000e+000 5.76991056e-004 2.06371166e-004 1.11541655e-004 9.51291640e-005 6.82051551e-005 6.15272639e-005 5.88613144e-005 4.34641708e-005 2.98956766e-005 
2.00000000e+000 2.85714286e+001 0.00000000e+000 2.06433559e-004 1.18804722e-004 7.24506905e-005 6.34496835e-005 4.78721185e-005 4.38034684e-005 4.21524658e-005 3.21993893e-005 2.28824157e-005 
2.00000000e+000 2.62500000e+001 0.00000000e+000 3.60765247e-005 3.88157196e-005 2.95591258e-005 2.73441275e-005 2.30794769e-005 2.18221281e-005 2.12900135e-005 1.76346986e-005 1.35755770e-005 
2.00000000e+000 2.35714286e+001 0.00000000e+000 9.71790679e-006 1.66389745e-005 1.49211063e-005 1.43682006e-005 1.31657683e-005 1.27515500e-005 1.25665830e-005 1.10462831e-005 9.01587754e-006 
2.00000000e+000 2.05357143e+001 0.00000000e+000 2.68329082e-006 7.38157353e-006 7.77187808e-006 7.77945576e-006 7.71189366e-006 7.64241721e-006 7.60412299e-006 7.07222642e-006 6.10023631e-006 
2.00000000e+000 1.71428571e+001 0.00000000e+000 7.19598433e-007 3.30496103e-006 4.11902200e-006 4.29109299e-006 4.60895545e-006 4.67437900e-006 4.69610230e-006 4.62203169e-006 4.21275416e-006 
2.00000000e+000 1.33928571e+001 0.00000000e+000 1.84972816e-007 1.50192731e-006 2.25314563e-006 2.45035205e-006 2.86400561e-006 2.97511901e-006 3.01884490e-006 3.14839588e-006 3.03586310e-006 
2.00000000e+000 9.28571429e+000 0.00000000e+000 4.62099468e-008 7.12710417e-007 1.31960824e-006 1.50509454e-006 1.92577861e-006 2.05058470e-006 2.10194718e-006 2.32262046e-006 2.36620643e-006 
2.00000000e+000 4.82142857e+000 0.00000000e+000 1.23953193e-008 3.80426726e-007 8.67741153e-007 1.03583083e-006 1.44123598e-006 1.56884037e-006 1.62253440e-006 1.88331366e-006 2.00558307e-006 
2.00000000e+000 0.00000000e+000 0.00000000e+000 6.16237150e-009 2.88684871e-007 7.31012594e-007 8.91477717e-007 1.28858446e-006 1.41639745e-006 1.47059721e-006 1.74335133e-006 1.89083809e-006 
2.25000000e+000 3.50000000e+001 0.00000000e+000 1.00456293e-002 7.33809532e-004 2.66189322e-004 2.09375327e-004 1.29844291e-004 1.12810383e-004 1.06300266e-004 7.22523118e-005 4.62116126e-005 
2.25000000e+000 3.48214286e+001 0.00000000e+000 6.90552276e-003 6.37656038e-004 2.44432450e-004 1.94355482e-004 1.22825587e-004 1.07218653e-004 1.01221699e-004 6.94932628e-005 4.48174932e-005 
2.25000000e+000 3.42857143e+001 0.00000000e+000 7.47296836e-003 6.37186173e-004 2.41862676e-004 1.92025511e-004 1.21071647e-004 1.05631278e-004 9.97025172e-005 6.83794393e-005 4.40665128e-005 
2.25000000e+000 3.33928571e+001 0.00000000e+000 3.54111740e-003 4.69111185e-004 1.98346816e-004 1.60875579e-004 1.05303864e-004 9.27485739e-005 8.78744572e-005 6.15006764e-005 4.03147180e-005 
2.25000000e+000 3.21428571e+001 0.00000000e+000 2.06772476e-003 3.62692131e-004 1.65340111e-004 1.36171891e-004 9.16044615e-005 8.12537831e-005 7.72025587e-005 5.48747127e-005 3.64606298e-005 
2.25000000e+000 3.05357143e+001 0.00000000e+000 7.21118212e-004 2.25598929e-004 1.18121679e-004 1.00068825e-004 7.08541155e-005 6.36997510e-005 6.08546863e-005 4.45805150e-005 3.04332451e-005 
2.25000000e+000 2.85714286e+001 0.00000000e+000 2.17250472e-004 1.21537519e-004 7.34604429e-005 6.41942156e-005 4.82159120e-005 4.40585547e-005 4.23737295e-005 3.22563732e-005 2.28393988e-005 
2.25000000e+000 2.62500000e+001 0.00000000e+000 3.19175681e-005 3.57075390e-005 2.75503790e-005 2.55649207e-005 2.17106314e-005 2.05636432e-005 2.00767076e-005 1.66993451e-005 1.29077497e-005 
2.25000000e+000 2.35714286e+001 0.00000000e+000 7.56183905e-006 1.41409896e-005 1.30619145e-005 1.26668744e-005 1.17720516e-005 1.14482108e-005 1.13013405e-005 1.00339430e-005 8.27207441e-006 
2.25000000e+000 2.05357143e+001 0.00000000e+000 1.82482185e-006 5.79352209e-006 6.39584358e-006 6.47422546e-006 6.56355124e-006 6.54661970e-006 6.53144032e-006 6.17231146e-006 5.41062095e-006 
2.25000000e+000 1.71428571e+001 0.00000000e+000 4.22030446e-007 2.38221904e-006 3.17626023e-006 3.36186825e-006 3.72712129e-006 3.81471176e-006 3.84710181e-006 3.87298217e-006 3.61199289e-006 
2.25000000e+000 1.33928571e+001 0.00000000e+000 9.20015869e-008 9.84623478e-007 1.61693519e-006 1.79639756e-006 2.19132365e-006 2.30461692e-006 2.35059500e-006 2.52759598e-006 2.51398640e-006 
2.25000000e+000 9.28571429e+000 0.00000000e+000 1.91272268e-008 4.19563639e-007 8.73806382e-007 1.02510141e-006 1.38818664e-006 1.50261880e-006 1.55086081e-006 1.78448052e-006 1.89320620e-006 
2.25000000e+000 4.82142857e+000 0.00000000e+000 4.18828853e-009 2.00496897e-007 5.32142282e-007 6.58669052e-007 9.85416504e-007 1.09521207e-006 1.14254899e-006 1.39503707e-006 1.56131319e-006 
2.25000000e+000 0.00000000e+000 0.00000000e+000 1.80106292e-009 1.43283885e-007 4.32005651e-007 5.48915786e-007 8.60604390e-007 9.68044025e-007 1.01475498e-006 1.27169326e-006 1.45567823e-006 
2.50000000e+000 3.50000000e+001 0.00000000e+000 1.93381706e-002 9.73135768e-004 3.17038623e-004 2.43807628e-004 1.45161496e-004 1.24795874e-004 1.17097064e-004 7.77828622e-005 4.87765571e-005 
2.50000000e+000 3.48214286e+001 0.00000000e+000 1.23835001e-002 8.21715788e-004 2.86314719e-004 2.23128661e-004 1.35969256e-004 1.17575254e-004 1.10577383e-004 7.43589859e-005 4.71023008e-005 
2.50000000e+000 3.42857143e+001 0.00000000e+000 1.38311800e-002 8.26450328e-004 2.83962504e-004 2.20836811e-004 1.34154425e-004 1.15926626e-004 1.08998395e-004 7.32036557e-005 4.63296047e-005 
2.50000000e+000 3.33928571e+001 0.00000000e+000 5.76855606e-003 5.75430644e-004 2.25304089e-004 1.79855916e-004 1.14391787e-004 1.00001786e-004 9.44609893e-005 6.50264729e-005 4.20109076e-005 
2.50000000e+000 3.21428571e+001 0.00000000e+000 3.12942830e-003 4.28354920e-004 1.83448830e-004 1.49168325e-004 9.80569659e-005 8.64536888e-005 8.19429615e-005 5.74654951e-005 3.77258558e-005 
2.50000000e+000 3.05357143e+001 0.00000000e+000 9.17423959e-004 2.48062077e-004 1.25524843e-004 1.05588426e-004 7.37868449e-005 6.61025402e-005 6.30591144e-005 4.58203705e-005 3.10414044e-005 
2.50000000e+000 2.85714286e+001 0.00000000e+000 2.29187695e-004 1.24497979e-004 7.45889482e-005 6.50427626e-005 4.86421154e-005 4.43909609e-005 4.26702720e-005 3.23755860e-005 2.28443767e-005 
2.50000000e+000 2.62500000e+001 0.00000000e+000 2.83425887e-005 3.29575802e-005 2.57625329e-005 2.39800836e-005 2.04904624e-005 1.94418737e-005 1.89952463e-005 1.58659192e-005 1.23126034e-005 
2.50000000e+000 2.35714286e+001 0.00000000e+000 5.91567517e-006 1.20751775e-005 1.14864325e-005 1.12172821e-005 1.05720485e-005 1.03227369e-005 1.02074371e-005 9.15238088e-006 7.61929720e-006 
2.50000000e+000 2.05357143e+001 0.00000000e+000 1.24836709e-006 4.57219294e-006 5.29158718e-006 5.41650406e-006 5.61482653e-006 5.63626488e-006 5.63821307e-006 5.41242859e-006 4.81960089e-006 
2.50000000e+000 1.71428571e+001 0.00000000e+000 2.48973838e-007 1.72709904e-006 2.46348646e-006 2.64903161e-006 3.03071700e-006 3.13006483e-006 3.16855023e-006 3.26142570e-006 3.11034638e-006 
2.50000000e+000 1.33928571e+001 0.00000000e+000 4.60289528e-008 6.49473421e-007 1.16746034e-006 1.32487602e-006 1.68597313e-006 1.79482723e-006 1.83995017e-006 2.03865577e-006 2.08984754e-006 
2.50000000e+000 9.28571429e+000 0.00000000e+000 7.96974653e-009 2.48641301e-007 5.81977415e-007 7.02007496e-007 1.00527903e-006 1.10583965e-006 1.14905817e-006 1.37571542e-006 1.51872752e-006 
2.50000000e+000 4.82142857e+000 0.00000000e+000 1.42540994e-009 1.06141775e-007 3.27321712e-007 4.19953623e-007 6.75090296e-007 7.65937694e-007 8.05931732e-007 1.03468205e-006 1.21656731e-006 
2.50000000e+000 0.00000000e+000 0.00000000e+000 5.26393473e-010 7.11165808e-008 2.55301936e-007 3.37987814e-007 5.74770260e-007 6.61614691e-007 7.00210632e-007 9.27640844e-007 1.12066668e-006 
0.00000000e+000 3.50000000e+001 1.00000000e+001 2.22206421e-004 1.49286598e-004 9.47423251e-005 8.36433397e-005 6.39689223e-005 5.87081980e-005 5.65572125e-005 4.33733198e-005 3.07554707e-005 
0.00000000e+000 3.48214286e+001 1.00000000e+001 2.21344809e-004 1.48693284e-004 9.43670530e-005 8.33124445e-005 6.37164509e-005 5.84766088e-005 5.63341527e-005 4.32024303e-005 3.06344086e-005 
0.00000000e+000 3.42857143e+001 1.00000000e+001 2.18517413e-004 1.46798572e-004 9.31675596e-005 8.22550728e-005 6.29105836e-005 5.77377271e-005 5.56226199e-005 4.26578935e-005 3.02487788e-005 
0.00000000e+000 3.33928571e+001 1.00000000e+001 2.13549809e-004 1.43495300e-004 9.10800543e-005 8.04150770e-005 6.15087364e-005 5.64526816e-005 5.43852656e-005 4.17115692e-005 2.95786435e-005 
0.00000000e+000 3.21428571e+001 1.00000000e+001 2.07080565e-004 1.39189655e-004 8.83585523e-005 7.80151691e-005 5.96777482e-005 5.47734533e-005 5.27680415e-005 4.04734570e-005 2.87016116e-005 
0.00000000e+000 3.05357143e+001 1.00000000e+001 1.99390474e-004 1.34114911e-004 8.51507932e-005 7.51852975e-005 5.75165097e-005 5.27907051e-005 5.08582392e-005 3.90101412e-005 2.76642938e-005 
0.00000000e+000 2.85714286e+001 1.00000000e+001 1.89409464e-004 1.27533248e-004 8.09835670e-005 7.15082592e-005 5.47088883e-005 5.02156130e-005 4.83782037e-005 3.71115060e-005 2.63187089e-005 
0.00000000e+000 2.62500000e+001 1.00000000e+001 1.76519857e-004 1.19006397e-004 7.55748757e-005 6.67347489e-005 5.10655488e-005 4.68751461e-005 4.51615574e-005 3.46509500e-005 2.45738360e-005 
0.00000000e+000 2.35714286e+001 1.00000000e+001 1.62628295e-004 1.09787334e-004 6.97043987e-005 6.15480863e-005 4.70978187e-005 4.32348738e-005 4.16552707e-005 3.19646686e-005 2.26659794e-005 
0.00000000e+000 2.05357143e+001 1.00000000e+001 1.48839667e-004 1.00641499e-004 6.38452534e-005 5.63585183e-005 4.31047520e-005 3.95649838e-005 3.81179272e-005 2.92441096e-005 2.07287583e-005 
0.00000000e+000 1.71428571e+001 1.00000000e+001 1.36660090e-004 9.26077338e-005 5.86513589e-005 5.17380895e-005 3.95115397e-005 3.62519823e-005 3.49204043e-005 2.67683465e-005 1.89602316e-005 
0.00000000e+000 1.33928571e+001 1.00000000e+001 1.28367594e-004 8.71511865e-005 5.49778553e-005 4.84205526e-005 3.68441316e-005 3.37696795e-005 3.25158041e-005 2.48735234e-005 1.75990296e-005 
0.00000000e+000 9.28571429e+000 1.00000000e+001 1.25016644e-004 8.49035318e-005 5.33814740e-005 4.69312823e-005 3.55404604e-005 3.25249806e-005 3.12975399e-005 2.38627084e-005 1.68548419e-005 
0.00000000e+000 4.82142857e+000 1.00000000e+001 1.22973436e-004 8.35406352e-005 5.24987497e-005 4.61344691e-005 3.48693157e-005 3.18849755e-005 3.06707553e-005 2.33368188e-005 1.64629677e-005 
0.00000000e+000 0.00000000e+000 1.00000000e+001 1.22313833e-004 8.31027283e-005 5.22179730e-005 4.58838489e-005 3.46637458e-005 3.16898480e-005 3.04799208e-005 2.31771204e-005 1.63438222e-005 
2.50000000e-001 3.50000000e+001 1.00000000e+001 2.30834861e-004 1.47334826e-004 9.27857327e-005 8.18399263e-005 6.25447237e-005 5.74056517e-005 5.53062839e-005 4.24501750e-005 3.01482764e-005 
2.50000000e-001 3.48214286e+001 1.00000000e+001 2.27368325e-004 1.45884666e-004 9.20180694e-005 8.11923372e-005 6.20937120e-005 5.70029460e-005 5.49227808e-005 4.21755868e-005 2.99667485e-005 
2.50000000e-001 3.42857143e+001 1.00000000e+001 2.23181939e-004 1.43415273e-004 9.05336372e-005 7.99009734e-005 6.11361108e-005 5.61319986e-005 5.40869045e-005 4.15486141e-005 2.95317071e-005 
2.50000000e-001 3.33928571e+001 1.00000000e+001 2.11140079e-004 1.37588320e-004 8.72606590e-005 7.70987288e-005 5.91242122e-005 5.43194502e-005 5.23542679e-005 4.02794707e-005 2.86716053e-005 
2.50000000e-001 3.21428571e+001 1.00000000e+001 1.96999793e-004 1.30332940e-004 8.31180433e-005 7.35380504e-005 5.65478436e-005 5.19933120e-005 5.01287115e-005 3.86412805e-005 2.75570983e-005 
2.50000000e-001 3.05357143e+001 1.00000000e+001 1.76941063e-004 1.20384205e-004 7.75374484e-005 6.87648163e-005 5.31320633e-005 4.89202530e-005 4.71930639e-005 3.65015835e-005 2.61178802e-005 
2.50000000e-001 2.85714286e+001 1.00000000e+001 1.48208743e-004 1.06082683e-004 6.95662813e-005 6.19642284e-005 4.82986346e-005 4.45824305e-005 4.30537087e-005 3.35057657e-005 2.41182595e-005 
2.50000000e-001 2.62500000e+001 1.00000000e+001 1.08394492e-004 8.64538170e-005 5.87190319e-005 5.27334105e-005 4.17772823e-005 3.87413765e-005 3.74846881e-005 2.94963083e-005 2.14547818e-005 
2.50000000e-001 2.35714286e+001 1.00000000e+001 8.47451479e-005 7.29404774e-005 5.07233157e-005 4.58013649e-005 3.66775263e-005 3.41161446e-005 3.30512729e-005 2.61977155e-005 1.91837824e-005 
2.50000000e-001 2.05357143e+001 1.00000000e+001 6.70000220e-005 6.18379294e-005 4.38905517e-005 3.98134035e-005 3.21684756e-005 2.99976492e-005 2.90917775e-005 2.31987530e-005 1.70821588e-005 
2.50000000e-001 1.71428571e+001 1.00000000e+001 5.38235147e-005 5.30857351e-005 3.83523144e-005 3.49185787e-005 2.84107593e-005 2.65449330e-005 2.57640438e-005 2.06415884e-005 1.52678154e-005 
2.50000000e-001 1.33928571e+001 1.00000000e+001 4.48439998e-005 4.70420132e-005 3.44444611e-005 3.14322066e-005 2.56709587e-005 2.40091672e-005 2.33127418e-005 1.87280685e-005 1.38994392e-005 
2.50000000e-001 9.28571429e+000 1.00000000e+001 3.95091376e-005 4.36547624e-005 3.23190193e-005 2.95339163e-005 2.41506905e-005 2.25900409e-005 2.19357742e-005 1.76313933e-005 1.31098783e-005 
2.50000000e-001 4.82142857e+000 1.00000000e+001 3.62819472e-005 4.15780779e-005 3.10689474e-005 2.84396689e-005 2.33051949e-005 2.18056867e-005 2.11761972e-005 1.70295792e-005 1.26768976e-005 
2.50000000e-001 0.00000000e+000 1.00000000e+001 3.51784646e-005 4.08705508e-005 3.06475813e-005 2.80736982e-005 2.30288386e-005 2.15509817e-005 2.09301629e-005 1.68369738e-005 1.25394381e-005 
5.00000000e-001 3.50000000e+001 1.00000000e+001 2.87795729e-004 1.59048266e-004 9.64675001e-005 8.44298434e-005 6.36408278e-005 5.82087052e-005 5.60024556e-005 4.26733277e-005 3.01350636e-005 
5.00000000e-001 3.48214286e+001 1.00000000e+001 2.78711639e-004 1.56349919e-004 9.51948232e-005 8.33858166e-005 6.29540006e-005 5.76056251e-005 5.54321618e-005 4.22818484e-005 2.98873157e-005 
5.00000000e-001 3.42857143e+001 1.00000000e+001 2.72857145e-004 1.53378871e-004 9.34783439e-005 8.19057619e-005 6.18751296e-005 5.66290749e-005 5.44967936e-005 4.15883132e-005 2.94116578e-005 
5.00000000e-001 3.33928571e+001 1.00000000e+001 2.48328985e-004 1.44449721e-004 8.88895119e-005 7.80577914e-005 5.92246043e-005 5.42694701e-005 5.22524194e-005 3.99920066e-005 2.83618452e-005 
5.00000000e-001 3.21428571e+001 1.00000000e+001 2.23565354e-004 1.34158308e-004 8.33818504e-005 7.33956846e-005 5.59537700e-005 5.13427638e-005 4.94628193e-005 3.79845494e-005 2.70280728e-005 
5.00000000e-001 3.05357143e+001 1.00000000e+001 1.88675209e-004 1.19503959e-004 7.56042467e-005 6.68340375e-005 5.13916130e-005 4.72741123e-005 4.55905588e-005 3.52264592e-005 2.52196215e-005 
5.00000000e-001 2.85714286e+001 1.00000000e+001 1.42923353e-004 9.87461172e-005 6.44427338e-005 5.74036119e-005 4.48322846e-005 4.14278390e-005 4.00284197e-005 3.12772671e-005 2.26425845e-005 
5.00000000e-001 2.62500000e+001 1.00000000e+001 8.30877328e-005 7.00075824e-005 4.89373868e-005 4.43133189e-005 3.57625373e-005 3.33580694e-005 3.23570404e-005 2.58610247e-005 1.91312886e-005 
5.00000000e-001 2.35714286e+001 1.00000000e+001 5.48426686e-005 5.35106610e-005 3.92849292e-005 3.59851236e-005 2.97116605e-005 2.78941003e-005 2.71297855e-005 2.20216724e-005 1.65303395e-005 
5.00000000e-001 2.05357143e+001 1.00000000e+001 3.68610767e-005 4.14180171e-005 3.18115299e-005 2.94431621e-005 2.48083150e-005 2.34240308e-005 2.28360571e-005 1.87896310e-005 1.42842050e-005 
5.00000000e-001 1.71428571e+001 1.00000000e+001 2.51565389e-005 3.26024957e-005 2.61358497e-005 2.44194655e-005 2.09498942e-005 1.98799964e-005 1.94209676e-005 1.61697186e-005 1.24302817e-005 
5.00000000e-001 1.33928571e+001 1.00000000e+001 1.77808422e-005 2.66276579e-005 2.21893451e-005 2.08967529e-005 1.81882071e-005 1.73266932e-005 1.69537940e-005 1.42478237e-005 1.10567100e-005 
5.00000000e-001 9.28571429e+000 1.00000000e+001 1.34084906e-005 2.30127933e-005 1.98499033e-005 1.88147987e-005 1.65519392e-005 1.58096914e-005 1.54860310e-005 1.30959105e-005 1.02340583e-005 
5.00000000e-001 4.82142857e+000 1.00000000e+001 1.09380267e-005 2.08418511e-005 1.84614070e-005 1.75922696e-005 1.56135771e-005 1.49444097e-005 1.46504515e-005 1.24452245e-005 9.77138007e-006 
5.00000000e-001 0.00000000e+000 1.00000000e+001 1.01184789e-005 2.01010027e-005 1.79878470e-005 1.71769154e-005 1.52993358e-005 1.46560694e-005 1.43725808e-005 1.22312554e-005 9.62064527e-006 
7.50000000e-001 3.50000000e+001 1.00000000e+001 3.93437133e-004 1.79783963e-004 1.03769929e-004 8.98592487e-005 6.64125781e-005 6.04282210e-005 5.80154849e-005 4.37004548e-005 3.05570521e-005 
7.50000000e-001 3.48214286e+001 1.00000000e+001 3.71322550e-004 1.75107336e-004 1.01796654e-004 8.82824376e-005 6.54281014e-005 5.95766497e-005 5.72152267e-005 4.31709347e-005 3.02340768e-005 
7.50000000e-001 3.42857143e+001 1.00000000e+001 3.62670678e-004 1.71502882e-004 9.98288986e-005 8.66055466e-005 6.42312283e-005 5.84991355e-005 5.61853905e-005 4.24163175e-005 2.97219229e-005 
7.50000000e-001 3.33928571e+001 1.00000000e+001 3.12441841e-004 1.58097836e-004 9.35704745e-005 8.14705110e-005 6.08398785e-005 5.55151920e-005 5.33608668e-005 4.04626556e-005 2.84715600e-005 
7.50000000e-001 3.21428571e+001 1.00000000e+001 2.68924300e-004 1.43918134e-004 8.65084273e-005 7.55876484e-005 5.68373514e-005 5.19640867e-005 4.99879630e-005 3.80840109e-005 2.69222307e-005 
7.50000000e-001 3.05357143e+001 1.00000000e+001 2.11252327e-004 1.23750800e-004 7.63813495e-005 6.71512653e-005 5.11160296e-005 4.68978863e-005 4.51806367e-005 3.47199885e-005 2.47569203e-005 
7.50000000e-001 2.85714286e+001 1.00000000e+001 1.45044534e-004 9.65506046e-005 6.21959776e-005 5.52521863e-005 4.29605119e-005 3.96606937e-005 3.83079562e-005 2.98959629e-005 2.16497102e-005 
7.50000000e-001 2.62500000e+001 1.00000000e+001 6.86073770e-005 6.00294697e-005 4.26159210e-005 3.87619657e-005 3.16101719e-005 2.95865639e-005 2.87418694e-005 2.31953973e-005 1.73537353e-005 
7.50000000e-001 2.35714286e+001 1.00000000e+001 3.87134175e-005 4.16454126e-005 3.17601769e-005 2.93875684e-005 2.48021019e-005 2.34435441e-005 2.28674472e-005 1.88974523e-005 1.44624635e-005 
7.50000000e-001 2.05357143e+001 1.00000000e+001 2.22687656e-005 2.93746868e-005 2.39878746e-005 2.25549560e-005 1.96489793e-005 1.87403517e-005 1.83480442e-005 1.54921246e-005 1.20998726e-005 
7.50000000e-001 1.71428571e+001 1.00000000e+001 1.29077709e-005 2.10659543e-005 1.84165349e-005 1.75868073e-005 1.57872446e-005 1.51835688e-005 1.49170825e-005 1.28468309e-005 1.02226442e-005 
7.50000000e-001 1.33928571e+001 1.00000000e+001 7.65709886e-006 1.56702006e-005 1.46466950e-005 1.41894790e-005 1.30846048e-005 1.26766433e-005 1.24916333e-005 1.09448547e-005 8.85550713e-006 
7.50000000e-001 9.28571429e+000 1.00000000e+001 4.81506859e-006 1.24078938e-005 1.23563207e-005 1.21252658e-005 1.14370608e-005 1.11454896e-005 1.10089463e-005 9.77672240e-006 8.01738096e-006 
7.50000000e-001 4.82142857e+000 1.00000000e+001 3.36460330e-006 1.05202775e-005 1.10136641e-005 1.09192650e-005 1.04852684e-005 1.02636661e-005 1.01560279e-005 9.10819856e-006 7.53934971e-006 
7.50000000e-001 0.00000000e+000 1.00000000e+001 2.91065351e-006 9.88637227e-006 1.05576907e-005 1.05098492e-005 1.01642915e-005 9.96716196e-006 9.86961657e-006 8.88547139e-006 7.38128549e-006 
1.00000000e+000 3.50000000e+001 1.00000000e+001 5.82127457e-004 2.09772112e-004 1.14168499e-004 9.76352299e-005 7.05023238e-005 6.37522467e-005 6.10524606e-005 4.53484292e-005 3.13183006e-005 
1.00000000e+000 3.48214286e+001 1.00000000e+001 5.29768702e-004 2.01906720e-004 1.11199515e-004 9.53239634e-005 6.91320089e-005 6.25842133e-005 5.99614854e-005 4.46517366e-005 3.09079281e-005 
1.00000000e+000 3.42857143e+001 1.00000000e+001 5.17213248e-004 1.97436219e-004 1.08922154e-004 9.34123052e-005 6.78042281e-005 6.13971170e-005 5.88300510e-005 4.38347727e-005 3.03601708e-005 
1.00000000e+000 3.33928571e+001 1.00000000e+001 4.13648212e-004 1.77310890e-004 1.00434315e-004 8.66079539e-005 6.35074280e-005 5.76631085e-005 5.53135267e-005 4.14722502e-005 2.88892685e-005 
1.00000000e+000 3.21428571e+001 1.00000000e+001 3.36422936e-004 1.57803725e-004 9.14588710e-005 7.92626166e-005 5.86754908e-005 5.34153464e-005 5.12940726e-005 3.86972747e-005 2.71174281e-005 
1.00000000e+000 3.05357143e+001 1.00000000e+001 2.42336656e-004 1.30689555e-004 7.86268065e-005 6.87149248e-005 5.17044826e-005 4.72866883e-005 4.54957864e-005 3.47087233e-005 2.45931050e-005 
1.00000000e+000 2.85714286e+001 1.00000000e+001 1.49599370e-004 9.64785663e-005 6.13513415e-005 5.43290384e-005 4.19830754e-005 3.86942320e-005 3.73496009e-005 2.90463055e-005 2.09827146e-005 
1.00000000e+000 2.62500000e+001 1.00000000e+001 5.84116627e-005 5.30544719e-005 3.81214898e-005 3.47820909e-005 2.85629174e-005 2.67950801e-005 2.60558744e-005 2.11637947e-005 1.59568797e-005 
1.00000000e+000 2.35714286e+001 1.00000000e+001 2.84311533e-005 3.35509744e-005 2.64235048e-005 2.46496352e-005 2.11688693e-005 2.01169110e-005 1.96675956e-005 1.64857977e-005 1.28150945e-005 
1.00000000e+000 2.05357143e+001 1.00000000e+001 1.40827163e-005 2.16087544e-005 1.86125452e-005 1.77368477e-005 1.58932878e-005 1.52879174e-005 1.50220322e-005 1.29658771e-005 1.03655297e-005 
1.00000000e+000 1.71428571e+001 1.00000000e+001 6.96024501e-006 1.41051628e-005 1.33201639e-005 1.29673241e-005 1.21154267e-005 1.17917122e-005 1.16430871e-005 1.03346063e-005 8.48419343e-006 
1.00000000e+000 1.33928571e+001 1.00000000e+001 3.46762291e-006 9.50634176e-006 9.86929006e-006 9.81233666e-006 9.54198365e-006 9.38963261e-006 9.31326950e-006 8.48302004e-006 7.13806271e-006 
1.00000000e+000 9.28571429e+000 1.00000000e+001 1.80311741e-006 6.82353845e-006 7.78704058e-006 7.89824381e-006 7.96393558e-006 7.91190938e-006 7.87807647e-006 7.33453283e-006 6.30240112e-006 
1.00000000e+000 4.82142857e+000 1.00000000e+001 1.05406422e-006 5.34593719e-006 6.59608795e-006 6.79998882e-006 7.05777630e-006 7.06362726e-006 7.05430913e-006 6.67553806e-006 5.82295320e-006 
1.00000000e+000 0.00000000e+000 1.00000000e+001 8.37341488e-007 4.86259592e-006 6.19677106e-006 6.43063035e-006 6.75282711e-006 6.77842918e-006 6.77749449e-006 6.45494203e-006 5.66319453e-006 
1.25000000e+000 3.50000000e+001 1.00000000e+001 9.26685214e-004 2.51524576e-004 1.27849042e-004 1.07785161e-004 7.58117577e-005 6.80753568e-005 6.50074106e-005 4.75291847e-005 3.23634757e-005 
1.25000000e+000 3.48214286e+001 1.00000000e+001 8.04200638e-004 2.38508950e-004 1.23455339e-004 1.04453181e-004 7.39358674e-005 6.64996564e-005 6.35445880e-005 4.66274211e-005 3.18502286e-005 
1.25000000e+000 3.42857143e+001 1.00000000e+001 7.88399093e-004 2.32885367e-004 1.20785623e-004 1.02249983e-004 7.24537514e-005 6.51856450e-005 6.22963959e-005 4.57422365e-005 3.12654579e-005 
1.25000000e+000 3.33928571e+001 1.00000000e+001 5.73985200e-004 2.02593014e-004 1.09270727e-004 9.32386985e-005 6.70238950e-005 6.05281174e-005 5.79336278e-005 4.28995516e-005 2.95458215e-005 
1.25000000e+000 3.21428571e+001 1.00000000e+001 4.36304660e-004 1.75667778e-004 9.78686074e-005 8.40825808e-005 6.12156894e-005 5.54726612e-005 5.31693333e-005 3.96849487e-005 2.75361748e-005 
1.25000000e+000 3.05357143e+001 1.00000000e+001 2.83475078e-004 1.39576773e-004 8.18147130e-005 7.10713392e-005 5.28470060e-005 4.81703418e-005 4.62820065e-005 3.50304012e-005 2.46397766e-005 
1.25000000e+000 2.85714286e+001 1.00000000e+001 1.55416720e-004 9.74212913e-005 6.12429900e-005 5.40718245e-005 4.15276221e-005 3.82061431e-005 3.68511489e-005 2.85378243e-005 2.05389028e-005 
1.25000000e+000 2.62500000e+001 1.00000000e+001 5.05390732e-005 4.76990017e-005 3.46763298e-005 3.17259131e-005 2.62028997e-005 2.46244600e-005 2.39632786e-005 1.95580477e-005 1.48302089e-005 
1.25000000e+000 2.35714286e+001 1.00000000e+001 2.13415618e-005 2.76042471e-005 2.24097984e-005 2.10598306e-005 1.83643609e-005 1.75322349e-005 1.71741922e-005 1.45697816e-005 1.14750305e-005 
1.25000000e+000 2.05357143e+001 1.00000000e+001 9.13734965e-006 1.62750317e-005 1.47390205e-005 1.42184126e-005 1.30669861e-005 1.26646184e-005 1.24842211e-005 1.09867893e-005 8.96614127e-006 
1.25000000e+000 1.71428571e+001 1.00000000e+001 3.86149886e-006 9.67958943e-006 9.82789388e-006 9.73887406e-006 9.43804014e-006 9.28603896e-006 9.21102946e-006 8.40398405e-006 7.09919194e-006 
1.25000000e+000 1.33928571e+001 1.00000000e+001 1.61953633e-006 5.90164772e-006 6.76451098e-006 6.89065624e-006 7.04201740e-006 7.03135627e-006 7.01699700e-006 6.62867660e-006 5.78809538e-006 
1.25000000e+000 9.28571429e+000 1.00000000e+001 6.95786854e-007 3.81646753e-006 4.96236804e-006 5.19536900e-006 5.58557429e-006 5.65311531e-006 5.67278263e-006 5.52809711e-006 4.97068538e-006 
1.25000000e+000 4.82142857e+000 1.00000000e+001 3.35608440e-007 2.73395091e-006 3.96532870e-006 4.24843682e-006 4.76154670e-006 4.87123185e-006 4.90940006e-006 4.89954740e-006 4.50173489e-006 
1.25000000e+000 0.00000000e+000 1.00000000e+001 2.40908105e-007 2.39172568e-006 3.63721291e-006 3.93474281e-006 4.48640147e-006 4.60988565e-006 4.65416130e-006 4.68928528e-006 4.34502851e-006 
1.50000000e+000 3.50000000e+001 1.00000000e+001 1.57482485e-003 3.09426384e-004 1.45429148e-004 1.20643127e-004 8.23943641e-005 7.34141793e-005 6.98854334e-005 5.02137031e-005 3.36640497e-005 
1.50000000e+000 3.48214286e+001 1.00000000e+001 1.28959599e-003 2.88097514e-004 1.38994171e-004 1.15889615e-004 7.98533483e-005 7.13109015e-005 6.79446788e-005 4.90587922e-005 3.30288101e-005 
1.50000000e+000 3.42857143e+001 1.00000000e+001 1.27803209e-003 2.81028419e-004 1.35833585e-004 1.13325373e-004 7.81860687e-005 6.98464718e-005 6.65588704e-005 4.80961842e-005 3.24039102e-005 
1.50000000e+000 3.33928571e+001 1.00000000e+001 8.32163183e-004 2.35343065e-004 1.20189428e-004 1.01378281e-004 7.13243696e-005 6.40393954e-005 6.11494161e-005 4.46817606e-005 3.03993929e-005 
1.50000000e+000 3.21428571e+001 1.00000000e+001 5.86033209e-004 1.98065352e-004 1.05678659e-004 8.99518904e-005 6.43464514e-005 5.80293835e-005 5.55099511e-005 4.09684860e-005 2.81296456e-005 
1.50000000e+000 3.05357143e+001 1.00000000e+001 3.37893341e-004 1.50267941e-004 8.57283849e-005 7.40169462e-005 5.43828722e-005 4.94033368e-005 4.74003613e-005 3.55880639e-005 2.48394381e-005 
1.50000000e+000 2.85714286e+001 1.00000000e+001 1.62155461e-004 9.89292789e-005 6.15543876e-005 5.42011121e-005 4.13906173e-005 3.80150822e-005 3.66404773e-005 2.82537614e-005 2.02503935e-005 
1.50000000e+000 2.62500000e+001 1.00000000e+001 4.41691280e-005 4.33397152e-005 3.18865946e-005 2.92532546e-005 2.42919828e-005 2.28647488e-005 2.22656549e-005 1.82467310e-005 1.38989661e-005 
1.50000000e+000 2.35714286e+001 1.00000000e+001 1.62453346e-005 2.30233647e-005 1.92578704e-005 1.82263706e-005 1.61232398e-005 1.54577777e-005 1.51690801e-005 1.30081829e-005 1.03637331e-005 
1.50000000e+000 2.05357143e+001 1.00000000e+001 6.02629123e-006 1.24526888e-005 1.18436893e-005 1.15598293e-005 1.08795234e-005 1.06186241e-005 1.04983047e-005 9.40485929e-006 7.81997014e-006 
1.50000000e+000 1.71428571e+001 1.00000000e+001 2.18119197e-006 6.75749388e-006 7.36146733e-006 7.41935255e-006 7.44257803e-006 7.39738656e-006 7.36902664e-006 6.89777163e-006 5.98354994e-006 
1.50000000e+000 1.33928571e+001 1.00000000e+001 7.71519788e-007 3.72780226e-006 4.70128988e-006 4.90120342e-006 5.25095666e-006 5.31597917e-006 5.33599079e-006 5.21788121e-006 4.71936022e-006 
1.50000000e+000 9.28571429e+000 1.00000000e+001 2.74271957e-007 2.16509427e-006 3.19381511e-006 3.44773834e-006 3.94366919e-006 4.06372843e-006 4.10860872e-006 4.18501929e-006 3.93284156e-006 
1.50000000e+000 4.82142857e+000 1.00000000e+001 1.08369647e-007 1.40661518e-006 2.39250897e-006 2.66264843e-006 3.21956954e-006 3.36602671e-006 3.42317588e-006 3.60107587e-006 3.48368552e-006 
1.50000000e+000 0.00000000e+000 1.00000000e+001 6.93165274e-008 1.17643109e-006 2.13490594e-006 2.40760310e-006 2.98067495e-006 3.13512443e-006 3.19607566e-006 3.40661768e-006 3.33369186e-006 
1.75000000e+000 3.50000000e+001 1.00000000e+001 2.83091719e-003 3.90164209e-004 1.67890071e-004 1.36779926e-004 9.04071363e-005 7.98670200e-005 7.57655457e-005 5.34120119e-005 3.52097604e-005 
1.75000000e+000 3.48214286e+001 1.00000000e+001 2.16731041e-003 3.55424420e-004 1.58530946e-004 1.30046321e-004 8.69900181e-005 7.70798757e-005 7.32094058e-005 5.19436939e-005 3.44292675e-005 
1.75000000e+000 3.42857143e+001 1.00000000e+001 2.18801681e-003 3.46699223e-004 1.54773789e-004 1.27043915e-004 8.51014102e-005 7.54369845e-005 7.16609025e-005 5.08919392e-005 3.37598108e-005 
1.75000000e+000 3.33928571e+001 1.00000000e+001 1.25561527e-003 2.77707711e-004 1.33491856e-004 1.11185210e-004 7.64235842e-005 6.81925942e-005 6.49505950e-005 4.67919856e-005 3.14260651e-005 
1.75000000e+000 3.21428571e+001 1.00000000e+001 8.14240571e-004 2.25993565e-004 1.14988356e-004 9.69008248e-005 6.80332530e-005 6.10442974e-005 5.82730290e-005 4.25059912e-005 2.88676166e-005 
1.75000000e+000 3.05357143e+001 1.00000000e+001 4.10501524e-004 1.62870779e-004 9.02927472e-005 7.74675723e-005 5.62298807e-005 5.09078015e-005 4.87751624e-005 3.63235975e-005 2.51545275e-005 
1.75000000e+000 2.85714286e+001 1.00000000e+001 1.69721781e-004 1.00801902e-004 6.21264866e-005 5.45714718e-005 4.14573799e-005 3.80162874e-005 3.66170849e-005 2.81213226e-005 2.00718265e-005 
1.75000000e+000 2.62500000e+001 1.00000000e+001 3.88717180e-005 3.96590355e-005 2.95389000e-005 2.71751841e-005 2.26894721e-005 2.13893140e-005 2.08422453e-005 1.71452132e-005 1.31119422e-005 
1.75000000e+000 2.35714286e+001 1.00000000e+001 1.24879656e-005 1.93848908e-005 1.67049512e-005 1.59212191e-005 1.42824346e-005 1.37484666e-005 1.35145862e-005 1.17072141e-005 9.42601653e-006 
1.75000000e+000 2.05357143e+001 1.00000000e+001 4.01998204e-006 9.63407918e-006 9.61961849e-006 9.49750763e-006 9.14709132e-006 8.98774344e-006 8.91090529e-006 8.11785788e-006 6.86826079e-006 
1.75000000e+000 1.71428571e+001 1.00000000e+001 1.24737952e-006 4.77574892e-006 5.57763306e-006 5.71515737e-006 5.92726219e-006 5.94871296e-006 5.95008119e-006 5.70652202e-006 5.07559109e-006 
1.75000000e+000 1.33928571e+001 1.00000000e+001 3.72534892e-007 2.38551651e-006 3.30421022e-006 3.52304632e-006 3.95022388e-006 4.05254907e-006 4.09049412e-006 4.13445036e-006 3.86746720e-006 
1.75000000e+000 9.28571429e+000 1.00000000e+001 1.09781607e-007 1.24280665e-006 2.07358141e-006 2.30608021e-006 2.80147405e-006 2.93759626e-006 2.99179301e-006 3.18146554e-006 3.12116171e-006 
1.75000000e+000 4.82142857e+000 1.00000000e+001 3.54168834e-008 7.27802648e-007 1.44859594e-006 1.67384468e-006 2.18168697e-006 2.33047229e-006 2.39132435e-006 2.65035991e-006 2.69845422e-006 
1.75000000e+000 0.00000000e+000 1.00000000e+001 1.99461298e-008 5.78673431e-007 1.25312820e-006 1.47319138e-006 1.98031865e-006 2.13217548e-006 2.19480547e-006 2.47481402e-006 2.55776094e-006 
2.00000000e+000 3.50000000e+001 1.00000000e+001 5.33373795e-003 5.03708410e-004 1.96610009e-004 1.57002303e-004 1.00092683e-004 8.75967185e-005 8.27841807e-005 5.71624219e-005 3.70033766e-005 
2.00000000e+000 3.48214286e+001 1.00000000e+001 3.78869868e-003 4.47337235e-004 1.83063778e-004 1.47511467e-004 9.55213788e-005 8.39227813e-005 7.94352848e-005 5.53056140e-005 3.60495613e-005 
2.00000000e+000 3.42857143e+001 1.00000000e+001 3.92549118e-003 4.36993787e-004 1.78609579e-004 1.43992602e-004 9.33717915e-005 8.20701821e-005 7.76959618e-005 5.41510332e-005 3.53300781e-005 
2.00000000e+000 3.33928571e+001 1.00000000e+001 1.96292530e-003 3.32692397e-004 1.49630527e-004 1.22921298e-004 8.23877623e-005 7.30257919e-005 6.93659779e-005 4.92263867e-005 3.26139132e-005 
2.00000000e+000 3.21428571e+001 1.00000000e+001 1.16800483e-003 2.60864092e-004 1.25998319e-004 1.05036104e-004 7.22867855e-005 6.45148689e-005 6.14518296e-005 4.42782643e-005 2.97321073e-005 
2.00000000e+000 3.05357143e+001 1.00000000e+001 5.08490836e-004 1.77632934e-004 9.55034950e-005 8.13997758e-005 5.83485329e-005 5.26435679e-005 5.03663640e-005 3.72023457e-005 2.55604599e-005 
2.00000000e+000 2.85714286e+001 1.00000000e+001 1.78118989e-004 1.02942191e-004 6.28748229e-005 5.51035372e-005 4.16611788e-005 3.81475078e-005 3.67207072e-005 2.80942881e-005 1.99725333e-005 
2.00000000e+000 2.62500000e+001 1.00000000e+001 3.43868132e-005 3.64760929e-005 2.75093127e-005 2.53804135e-005 2.13089341e-005 2.01191366e-005 1.96171700e-005 1.61978040e-005 1.24335742e-005 
2.00000000e+000 2.35714286e+001 1.00000000e+001 9.67016166e-006 1.64348358e-005 1.45909592e-005 1.40038367e-005 1.27377817e-005 1.23103666e-005 1.21210214e-005 1.06032246e-005 8.62256466e-006 
2.00000000e+000 2.05357143e+001 1.00000000e+001 2.70432895e-006 7.51433889e-006 7.87629150e-006 7.86550445e-006 7.74942121e-006 7.66437689e-006 7.61964547e-006 7.05475463e-006 6.06824820e-006 
2.00000000e+000 1.71428571e+001 1.00000000e+001 7.19835616e-007 3.40588173e-006 4.26348272e-006 4.44058349e-006 4.75835502e-006 4.82084910e-006 4.84102922e-006 4.75285935e-006 4.32962374e-006 
2.00000000e+000 1.33928571e+001 1.00000000e+001 1.81644121e-007 1.54170906e-006 2.34337781e-006 2.55437293e-006 2.99417186e-006 3.11153251e-006 3.15763698e-006 3.29519708e-006 3.18401309e-006 
2.00000000e+000 9.28571429e+000 1.00000000e+001 4.44381725e-008 7.20344960e-007 1.35656967e-006 1.55326481e-006 2.00119534e-006 2.13447213e-006 2.18938023e-006 2.42801640e-006 2.48417944e-006 
2.00000000e+000 4.82142857e+000 1.00000000e+001 1.16933936e-008 3.78560569e-007 8.80021833e-007 1.05531578e-006 1.48151142e-006 1.61657566e-006 1.67354036e-006 1.95327048e-006 2.09219623e-006 
2.00000000e+000 0.00000000e+000 1.00000000e+001 5.74006509e-009 2.84650854e-007 7.35561506e-007 9.01444865e-007 1.31570798e-006 1.45008895e-006 1.50722598e-006 1.79789436e-006 1.96243879e-006 
2.25000000e+000 3.50000000e+001 1.00000000e+001 1.04456369e-002 6.64926915e-004 2.33462275e-004 1.82392772e-004 1.11778142e-004 9.68264511e-005 9.11302531e-005 6.15262168e-005 3.90575646e-005 
2.25000000e+000 3.48214286e+001 1.00000000e+001 6.84387603e-003 5.73656176e-004 2.13922313e-004 1.69063852e-004 1.05686597e-004 9.20026800e-005 8.67601417e-005 5.91876488e-005 3.78967109e-005 
2.25000000e+000 3.42857143e+001 1.00000000e+001 7.32375484e-003 5.62290173e-004 2.08695959e-004 1.64958835e-004 1.03235102e-004 8.99073723e-005 8.48000488e-005 5.79150743e-005 3.71208880e-005 
2.25000000e+000 3.33928571e+001 1.00000000e+001 3.16488053e-003 4.04420650e-004 1.69208357e-004 1.36941924e-004 8.93220027e-005 7.86078629e-005 7.44523805e-005 5.19968943e-005 3.39592872e-005 
2.25000000e+000 3.21428571e+001 1.00000000e+001 1.72535906e-003 3.04573534e-004 1.38992102e-004 1.14521410e-004 7.71473560e-005 6.84634837e-005 6.50628120e-005 4.62807228e-005 3.07133493e-005 
2.25000000e+000 3.05357143e+001 1.00000000e+001 6.42365833e-004 1.94909283e-004 1.01396550e-004 8.58239893e-005 6.07236006e-005 5.45922437e-005 5.21546661e-005 3.82040836e-005 2.60411858e-005 
2.25000000e+000 2.85714286e+001 1.00000000e+001 1.87399479e-004 1.05300868e-004 6.37522004e-005 5.57519776e-005 4.19618893e-005 3.83706607e-005 3.69141971e-005 2.81427404e-005 1.99315191e-005 
2.25000000e+000 2.62500000e+001 1.00000000e+001 3.05418630e-005 3.36779083e-005 2.57208829e-005 2.37994572e-005 2.00950698e-005 1.90031160e-005 1.85411125e-005 1.53669979e-005 1.18387979e-005 
2.25000000e+000 2.35714286e+001 1.00000000e+001 7.53097219e-006 1.40079627e-005 1.28120749e-005 1.23826796e-005 1.14200655e-005 1.10804909e-005 1.09279888e-005 9.65201003e-006 7.92494982e-006 
2.25000000e+000 2.05357143e+001 1.00000000e+001 1.83115446e-006 5.89762917e-006 6.48904382e-006 6.55432839e-006 6.60509818e-006 6.57494961e-006 6.55419968e-006 6.16518752e-006 5.38839226e-006 
2.25000000e+000 1.71428571e+001 1.00000000e+001 4.18292940e-007 2.44577676e-006 3.28147329e-006 3.47385711e-006 3.84486802e-006 3.93168931e-006 3.96346900e-006 3.98121130e-006 3.71144273e-006 
2.25000000e+000 1.33928571e+001 1.00000000e+001 8.92241822e-008 1.00400192e-006 1.67412084e-006 1.86520200e-006 2.28406523e-006 2.40370063e-006 2.45219874e-006 2.63993279e-006 2.63235538e-006 
2.25000000e+000 9.28571429e+000 1.00000000e+001 1.81412377e-008 4.20860104e-007 8.93378575e-007 1.05265076e-006 1.43674735e-006 1.55820604e-006 1.60946703e-006 1.85975990e-006 1.98263276e-006 
2.25000000e+000 4.82142857e+000 1.00000000e+001 3.89401099e-009 1.97864788e-007 5.36317652e-007 6.67209341e-007 1.00810726e-006 1.12344120e-006 1.17327772e-006 1.44142703e-006 1.62365860e-006 
2.25000000e+000 0.00000000e+000 1.00000000e+001 1.65200438e-009 1.40024270e-007 4.31766759e-007 5.51600798e-007 8.74153918e-007 9.86211057e-007 1.03505652e-006 1.30613540e-006 1.50568442e-006 
2.50000000e+000 3.50000000e+001 1.00000000e+001 2.11117472e-002 8.96108078e-004 2.80972685e-004 2.14381372e-004 1.25884759e-004 1.07843516e-004 1.01047309e-004 6.65856858e-005 4.13931083e-005 
2.50000000e+000 3.48214286e+001 1.00000000e+001 1.27048358e-002 7.48502227e-004 2.52853755e-004 1.95710896e-004 1.17791338e-004 1.01529179e-004 9.53619475e-005 6.36496732e-005 3.99848233e-005 
2.50000000e+000 3.42857143e+001 1.00000000e+001 1.41098630e-002 7.37823870e-004 2.46838284e-004 1.90974010e-004 1.14998789e-004 9.91582974e-005 9.31508522e-005 6.22429215e-005 3.91456661e-005 
2.50000000e+000 3.33928571e+001 1.00000000e+001 5.23986487e-003 4.98533410e-004 1.92999857e-004 1.53701927e-004 9.73658706e-005 8.50335419e-005 8.02896323e-005 5.51271817e-005 3.54644868e-005 
2.50000000e+000 3.21428571e+001 1.00000000e+001 2.61669098e-003 3.59636516e-004 1.54336001e-004 1.25572173e-004 8.26775772e-005 7.29305422e-005 6.91389684e-005 4.85187349e-005 3.18072236e-005 
2.50000000e+000 3.05357143e+001 1.00000000e+001 8.27538741e-004 2.15159972e-004 1.08034937e-004 9.07720977e-005 6.33545056e-005 5.67486235e-005 5.41333707e-005 3.93176721e-005 2.65863394e-005 
2.50000000e+000 2.85714286e+001 1.00000000e+001 1.97647346e-004 1.07852765e-004 6.47311123e-005 5.64898348e-005 4.23346014e-005 3.86617667e-005 3.71740179e-005 2.82469259e-005 1.99342214e-005 
2.50000000e+000 2.62500000e+001 1.00000000e+001 2.72147870e-005 3.11885854e-005 2.41228602e-005 2.23864971e-005 1.90110378e-005 1.80069886e-005 1.75808993e-005 1.46269162e-005 1.13096692e-005 
2.50000000e+000 2.35714286e+001 1.00000000e+001 5.89192330e-006 1.19899825e-005 1.12971669e-005 1.09950307e-005 1.02814784e-005 1.00151067e-005 9.89344357e-006 8.82213068e-006 7.31229387e-006 
2.50000000e+000 2.05357143e+001 1.00000000e+001 1.24637358e-006 4.65165005e-006 5.37247187e-006 5.48860775e-006 5.65716711e-006 5.66763351e-006 5.66486721e-006 5.41270258e-006 4.80510905e-006 
2.50000000e+000 1.71428571e+001 1.00000000e+001 2.44408460e-007 1.76588210e-006 2.53951181e-006 2.73246325e-006 3.12331539e-006 3.22335830e-006 3.26188510e-006 3.35102275e-006 3.19516467e-006 
2.50000000e+000 1.33928571e+001 1.00000000e+001 4.40823380e-008 6.57769275e-007 1.20311710e-006 1.36993059e-006 1.75184254e-006 1.86665555e-006 1.91421579e-006 2.12464822e-006 2.18455532e-006 
2.50000000e+000 9.28571429e+000 1.00000000e+001 7.45488306e-009 2.47504827e-007 5.91714902e-007 7.17233961e-007 1.03619825e-006 1.14237486e-006 1.18806305e-006 1.42932420e-006 1.58646096e-006 
2.50000000e+000 4.82142857e+000 1.00000000e+001 1.30611649e-009 1.03882709e-007 3.27839430e-007 4.22959406e-007 6.87333302e-007 7.82135658e-007 8.23966694e-007 1.06508115e-006 1.26120368e-006 
2.50000000e+000 0.00000000e+000 1.00000000e+001 4.75490277e-010 6.88820398e-008 2.53446399e-007 3.37533057e-007 5.80791527e-007 6.70731370e-007 7.10809314e-007 9.48887341e-007 1.15524332e-006 
0.00000000e+000 3.50000000e+001 2.00000000e+001 2.08530284e-004 1.39652349e-004 8.79282463e-005 7.73999125e-005 5.87819663e-005 5.38317101e-005 5.18130357e-005 3.95422474e-005 2.79492762e-005 
0.00000000e+000 3.48214286e+001 2.00000000e+001 2.07434982e-004 1.38927157e-004 8.74740311e-005 7.70010823e-005 5.84814474e-005 5.35573218e-005 5.15492857e-005 3.93425026e-005 2.78086822e-005 
0.00000000e+000 3.42857143e+001 2.00000000e+001 2.04267025e-004 1.36831852e-004 8.61630952e-005 7.58502002e-005 5.76144553e-005 5.27657482e-005 5.07884093e-005 3.87663439e-005 2.74032863e-005 
0.00000000e+000 3.33928571e+001 2.00000000e+001 1.99262106e-004 1.33535056e-004 8.41014260e-005 7.40402466e-005 5.62506922e-005 5.15204983e-005 4.95914027e-005 3.78597950e-005 2.67655579e-005 
0.00000000e+000 3.21428571e+001 2.00000000e+001 1.92932289e-004 1.29379394e-004 8.15024658e-005 7.17582080e-005 5.45300695e-005 4.99489374e-005 4.80805247e-005 3.67145673e-005 2.59595205e-005 
0.00000000e+000 3.05357143e+001 2.00000000e+001 1.86101518e-004 1.24900840e-004 7.87022879e-005 6.92990891e-005 5.26745720e-005 4.82536048e-005 4.64503914e-005 3.54776979e-005 2.50885904e-005 
0.00000000e+000 2.85714286e+001 2.00000000e+001 1.78603136e-004 1.20007826e-004 7.56402543e-005 6.66078393e-005 5.06383753e-005 4.63912420e-005 4.46588467e-005 3.41148929e-005 2.41277391e-005 
0.00000000e+000 2.62500000e+001 2.00000000e+001 1.70331396e-004 1.14620892e-004 7.22561640e-005 6.36275753e-005 4.83711915e-005 4.43139189e-005 4.26590305e-005 3.25876570e-005 2.30487232e-005 
0.00000000e+000 2.35714286e+001 2.00000000e+001 1.62024105e-004 1.09201998e-004 6.88286649e-005 6.06002823e-005 4.60512577e-005 4.21833054e-005 4.06059207e-005 3.10114251e-005 2.19314149e-005 
0.00000000e+000 2.05357143e+001 2.00000000e+001 1.54350033e-004 1.04192003e-004 6.56367942e-005 5.77716667e-005 4.38644431e-005 4.01691949e-005 3.86627466e-005 2.95097838e-005 2.08628196e-005 
0.00000000e+000 1.71428571e+001 2.00000000e+001 1.47633871e-004 9.97891859e-005 6.28071494e-005 5.52541881e-005 4.18972670e-005 3.83508724e-005 3.69058002e-005 2.81405161e-005 1.98831558e-005 
0.00000000e+000 1.33928571e+001 2.00000000e+001 1.42420263e-004 9.63496818e-005 6.05849114e-005 5.32702421e-005 4.03290891e-005 3.68951834e-005 3.54966668e-005 2.70308512e-005 1.90842613e-005 
0.00000000e+000 9.28571429e+000 2.00000000e+001 1.38460333e-004 9.37355618e-005 5.89176810e-005 5.17869130e-005 3.91581733e-005 3.58067065e-005 3.44421541e-005 2.61954055e-005 1.84798147e-005 
0.00000000e+000 4.82142857e+000 2.00000000e+001 1.35966948e-004 9.20892173e-005 5.78758587e-005 5.08649054e-005 3.84377988e-005 3.51381631e-005 3.37947777e-005 2.56828473e-005 1.81085624e-005 
0.00000000e+000 0.00000000e+000 2.00000000e+001 1.35335525e-004 9.16816397e-005 5.76209591e-005 5.06401722e-005 3.82627367e-005 3.49754309e-005 3.36370410e-005 2.55570649e-005 1.80172361e-005 
2.50000000e-001 3.50000000e+001 2.00000000e+001 2.30405846e-004 1.41905745e-004 8.78004413e-005 7.70428547e-005 5.82162419e-005 5.32550879e-005 5.12371683e-005 3.90349909e-005 2.75769612e-005 
2.50000000e-001 3.48214286e+001 2.00000000e+001 2.26010906e-004 1.40137657e-004 8.68787974e-005 7.62692290e-005 5.76843054e-005 5.27821982e-005 5.07876715e-005 3.87165348e-005 2.73676810e-005 
2.50000000e-001 3.42857143e+001 2.00000000e+001 2.20242183e-004 1.37109251e-004 8.51278255e-005 7.47609267e-005 5.65907639e-005 5.17948489e-005 4.98430357e-005 3.80208330e-005 2.68918901e-005 
2.50000000e-001 3.33928571e+001 2.00000000e+001 2.05756408e-004 1.30578716e-004 8.15770644e-005 7.17492588e-005 5.44754933e-005 4.99026562e-005 4.80397486e-005 3.67233837e-005 2.60259276e-005 
2.50000000e-001 3.21428571e+001 2.00000000e+001 1.89250293e-004 1.22711139e-004 7.72273762e-005 6.80459748e-005 5.18553033e-005 4.75539966e-005 4.57995608e-005 3.51039924e-005 2.49408878e-005 
2.50000000e-001 3.05357143e+001 2.00000000e+001 1.68078663e-004 1.12773115e-004 7.18194835e-005 6.34636565e-005 4.86475602e-005 4.46882916e-005 4.30701472e-005 3.31491063e-005 2.36459514e-005 
2.50000000e-001 2.85714286e+001 2.00000000e+001 1.40481636e-004 9.97609384e-005 6.48090326e-005 5.75441107e-005 4.45379474e-005 4.10270506e-005 3.95873020e-005 3.06752471e-005 2.20255973e-005 
2.50000000e-001 2.62500000e+001 2.00000000e+001 1.05524427e-004 8.33650423e-005 5.60807482e-005 5.01991828e-005 3.94750419e-005 3.65262768e-005 3.53098169e-005 2.76554669e-005 2.00636206e-005 
2.50000000e-001 2.35714286e+001 2.00000000e+001 8.44281826e-005 7.23034702e-005 4.98842099e-005 4.49087977e-005 3.57069087e-005 3.31411975e-005 3.20780848e-005 2.53082117e-005 1.84901581e-005 
2.50000000e-001 2.05357143e+001 2.00000000e+001 6.86890461e-005 6.34496758e-005 4.47792345e-005 4.05146771e-005 3.25186524e-005 3.02601740e-005 2.93206560e-005 2.32747001e-005 1.71065486e-005 
2.50000000e-001 1.71428571e+001 2.00000000e+001 5.67732320e-005 5.63556257e-005 4.05952322e-005 3.68894388e-005 2.98469696e-005 2.78336384e-005 2.69931324e-005 2.15353006e-005 1.59082462e-005 
2.50000000e-001 1.33928571e+001 2.00000000e+001 4.80712963e-005 5.09685993e-005 3.73803336e-005 3.40937958e-005 2.77664366e-005 2.59373429e-005 2.51713969e-005 2.01608907e-005 1.49538315e-005 
2.50000000e-001 9.28571429e+000 2.00000000e+001 4.20076850e-005 4.70744001e-005 3.50429557e-005 3.20597429e-005 2.62473810e-005 2.45501811e-005 2.38375545e-005 1.91480437e-005 1.42459510e-005 
2.50000000e-001 4.82142857e+000 2.00000000e+001 3.83429533e-005 4.46640127e-005 3.35924883e-005 3.07992757e-005 2.53098921e-005 2.36948520e-005 2.30153396e-005 1.85241441e-005 1.38097306e-005 
2.50000000e-001 0.00000000e+000 2.00000000e+001 3.71384565e-005 4.38997581e-005 3.31461911e-005 3.04153253e-005 2.50309560e-005 2.34421477e-005 2.27731305e-005 1.83435432e-005 1.36859320e-005 
5.00000000e-001 3.50000000e+001 2.00000000e+001 3.12754418e-004 1.59718696e-004 9.39187858e-005 8.15219641e-005 6.03906108e-005 5.49598817e-005 5.27680607e-005 3.97589117e-005 2.78393569e-005 
5.00000000e-001 3.48214286e+001 2.00000000e+001 3.00360790e-004 1.56305096e-004 9.23559536e-005 8.02504862e-005 5.95697698e-005 5.42433785e-005 5.20921943e-005 3.93013712e-005 2.75524203e-005 
5.00000000e-001 3.42857143e+001 2.00000000e+001 2.89990476e-004 1.52147994e-004 9.01311214e-005 7.83665313e-005 5.82481181e-005 5.30609853e-005 5.09652457e-005 3.84895090e-005 2.70091321e-005 
5.00000000e-001 3.33928571e+001 2.00000000e+001 2.56901955e-004 1.41287298e-004 8.48055727e-005 7.39586196e-005 5.52999550e-005 5.04606519e-005 4.85016444e-005 3.67776935e-005 2.59065584e-005 
5.00000000e-001 3.21428571e+001 2.00000000e+001 2.24277380e-004 1.29149750e-004 7.86128611e-005 6.87859864e-005 5.17785638e-005 4.73394331e-005 4.55385744e-005 3.46952403e-005 2.45516180e-005 
5.00000000e-001 3.05357143e+001 2.00000000e+001 1.84226707e-004 1.13563061e-004 7.06601609e-005 6.21540266e-005 4.72875734e-005 4.33670962e-005 4.17711243e-005 3.20659592e-005 2.28587748e-005 
5.00000000e-001 2.85714286e+001 2.00000000e+001 1.36991856e-004 9.34468055e-005 6.02316450e-005 5.34386386e-005 4.13734925e-005 3.81363950e-005 3.68109087e-005 2.86128341e-005 2.06499024e-005 
5.00000000e-001 2.62500000e+001 2.00000000e+001 8.21171859e-005 6.80510521e-005 4.69484106e-005 4.23334021e-005 3.38476067e-005 3.14865097e-005 3.05080056e-005 2.42438873e-005 1.78765434e-005 
5.00000000e-001 2.35714286e+001 2.00000000e+001 5.49586729e-005 5.31625021e-005 3.86490116e-005 3.52790185e-005 2.88921488e-005 2.70584320e-005 2.62906740e-005 2.12304569e-005 1.58968618e-005 
5.00000000e-001 2.05357143e+001 2.00000000e+001 3.75084392e-005 4.22690291e-005 3.22971958e-005 2.98183080e-005 2.49621279e-005 2.35205774e-005 2.29105779e-005 1.87685839e-005 1.42473843e-005 
5.00000000e-001 1.71428571e+001 2.00000000e+001 2.59509734e-005 3.41492521e-005 2.73777685e-005 2.55483630e-005 2.18254192e-005 2.06789891e-005 2.01883890e-005 1.67532519e-005 1.28748730e-005 
5.00000000e-001 1.33928571e+001 2.00000000e+001 1.84188194e-005 2.82841012e-005 2.37223687e-005 2.23544694e-005 1.94456989e-005 1.85136327e-005 1.81101030e-005 1.51970169e-005 1.18038301e-005 
5.00000000e-001 9.28571429e+000 2.00000000e+001 1.36920561e-005 2.42435002e-005 2.11471777e-005 2.00944893e-005 1.77462773e-005 1.69626258e-005 1.66194929e-005 1.40714176e-005 1.10225944e-005 
5.00000000e-001 4.82142857e+000 2.00000000e+001 1.10526858e-005 2.18206626e-005 1.95785184e-005 1.87149493e-005 1.67063606e-005 1.60129601e-005 1.57065664e-005 1.33807924e-005 1.05422412e-005 
5.00000000e-001 0.00000000e+000 2.00000000e+001 1.01946752e-005 2.10226040e-005 1.90682986e-005 1.82688475e-005 1.63754661e-005 1.57124859e-005 1.54184320e-005 1.31663238e-005 1.03960129e-005 
7.50000000e-001 3.50000000e+001 2.00000000e+001 4.70029688e-004 1.89307333e-004 1.04414329e-004 8.93713636e-005 6.44850905e-005 5.82726209e-005 5.57881954e-005 4.13740404e-005 2.85769902e-005 
7.50000000e-001 3.48214286e+001 2.00000000e+001 4.37430051e-004 1.83126507e-004 1.01915767e-004 8.73977294e-005 6.32836657e-005 5.72413725e-005 5.48222089e-005 4.07463355e-005 2.81991241e-005 
7.50000000e-001 3.42857143e+001 2.00000000e+001 4.18189318e-004 1.77321949e-004 9.90837084e-005 8.50481669e-005 6.16977064e-005 5.58372591e-005 5.34896351e-005 3.98091150e-005 2.75857207e-005 
7.50000000e-001 3.33928571e+001 2.00000000e+001 3.44557329e-004 1.59895996e-004 9.13966890e-005 7.88399869e-005 5.77405299e-005 5.23939419e-005 5.02456378e-005 3.76272338e-005 2.62245234e-005 
7.50000000e-001 3.21428571e+001 2.00000000e+001 2.82062076e-004 1.41953228e-004 8.29725575e-005 7.19370402e-005 5.32137993e-005 4.84236216e-005 4.64928749e-005 3.50556140e-005 2.45924646e-005 
7.50000000e-001 3.05357143e+001 2.00000000e+001 2.11827564e-004 1.19438232e-004 7.21804405e-005 6.30676236e-005 4.73787253e-005 4.33048464e-005 4.16547916e-005 3.17470172e-005 2.25061984e-005 
7.50000000e-001 2.85714286e+001 2.00000000e+001 1.40068960e-004 9.19539237e-005 5.84053202e-005 5.16473408e-005 3.97540757e-005 3.65933802e-005 3.53031977e-005 2.73791020e-005 1.97493986e-005 
7.50000000e-001 2.62500000e+001 2.00000000e+001 6.84645472e-005 5.88378256e-005 4.11347569e-005 3.72296522e-005 3.00270292e-005 2.80139598e-005 2.71782035e-005 2.17813372e-005 1.62270687e-005 
7.50000000e-001 2.35714286e+001 2.00000000e+001 3.88338009e-005 4.14927808e-005 3.13076480e-005 2.88564561e-005 2.41324419e-005 2.27477169e-005 2.21636197e-005 1.82083147e-005 1.38937323e-005 
7.50000000e-001 2.05357143e+001 2.00000000e+001 2.24110534e-005 2.98336695e-005 2.42633291e-005 2.27605909e-005 1.97028207e-005 1.87530809e-005 1.83448599e-005 1.54223110e-005 1.20298791e-005 
7.50000000e-001 1.71428571e+001 2.00000000e+001 1.29969941e-005 2.17768904e-005 1.91027401e-005 1.82330271e-005 1.63198843e-005 1.56773062e-005 1.53943844e-005 1.32252417e-005 1.05296861e-005 
7.50000000e-001 1.33928571e+001 2.00000000e+001 7.65856335e-006 1.63188048e-005 1.54281135e-005 1.49732623e-005 1.38305483e-005 1.33997632e-005 1.32038951e-005 1.15689135e-005 9.38241700e-006 
7.50000000e-001 9.28571429e+000 2.00000000e+001 4.72230440e-006 1.27718416e-005 1.29354155e-005 1.27423530e-005 1.20979333e-005 1.18068851e-005 1.16687935e-005 1.03941200e-005 8.55918889e-006 
7.50000000e-001 4.82142857e+000 2.00000000e+001 3.25187363e-006 1.07361618e-005 1.14571559e-005 1.14113567e-005 1.10540024e-005 1.08447802e-005 1.07406596e-005 9.67984181e-006 8.05608418e-006 
7.50000000e-001 0.00000000e+000 2.00000000e+001 2.79936845e-006 1.00682840e-005 1.09702215e-005 1.09736526e-005 1.07133357e-005 1.05318720e-005 1.04392717e-005 9.45050213e-006 7.89706051e-006 
1.00000000e+000 3.50000000e+001 2.00000000e+001 7.68236163e-004 2.32468293e-004 1.19062732e-004 1.00286916e-004 7.02083559e-005 6.29285214e-005 6.00453078e-005 4.37122727e-005 2.96981836e-005 
1.00000000e+000 3.48214286e+001 2.00000000e+001 6.84662651e-004 2.21596779e-004 1.15177140e-004 9.73056656e-005 6.84953971e-005 6.14821641e-005 5.86996997e-005 4.28719729e-005 2.92117369e-005 
1.00000000e+000 3.42857143e+001 2.00000000e+001 6.49918333e-004 2.13359687e-004 1.11530147e-004 9.43477528e-005 6.65837899e-005 5.98097505e-005 5.71201940e-005 4.17909419e-005 2.85214401e-005 
1.00000000e+000 3.33928571e+001 2.00000000e+001 4.87382276e-004 1.85725110e-004 1.00585701e-004 8.57284815e-005 6.13542501e-005 5.53219034e-005 5.29162727e-005 3.90551241e-005 2.68678643e-005 
1.00000000e+000 3.21428571e+001 2.00000000e+001 3.69228804e-004 1.59562294e-004 8.93119203e-005 7.66728395e-005 5.56423918e-005 5.03662486e-005 4.82531064e-005 3.59406582e-005 2.49391121e-005 
1.00000000e+000 3.05357143e+001 2.00000000e+001 2.49473905e-004 1.28073160e-004 7.51544661e-005 6.52096451e-005 4.83175486e-005 4.39929493e-005 4.22496425e-005 3.19145999e-005 2.24484535e-005 
1.00000000e+000 2.85714286e+001 2.00000000e+001 1.45235527e-004 9.23601824e-005 5.78696798e-005 5.09949414e-005 3.89761866e-005 3.58069590e-005 3.45168956e-005 2.66538140e-005 1.91637369e-005 
1.00000000e+000 2.62500000e+001 2.00000000e+001 5.86016783e-005 5.23488592e-005 3.70138808e-005 3.35902804e-005 2.72489115e-005 2.54692847e-005 2.47295066e-005 1.99256748e-005 1.49455844e-005 
1.00000000e+000 2.35714286e+001 2.00000000e+001 2.84159741e-005 3.34796852e-005 2.60984876e-005 2.42490482e-005 2.06238293e-005 1.95403850e-005 1.90803510e-005 1.58895464e-005 1.23083780e-005 
1.00000000e+000 2.05357143e+001 2.00000000e+001 1.39633634e-005 2.18218763e-005 1.87581752e-005 1.78397058e-005 1.58908304e-005 1.52549615e-005 1.49771185e-005 1.28718510e-005 1.02782940e-005 
1.00000000e+000 1.71428571e+001 2.00000000e+001 6.82530131e-006 1.43844603e-005 1.36824695e-005 1.33244577e-005 1.24314295e-005 1.20895422e-005 1.19329462e-005 1.05746785e-005 8.69334415e-006 
1.00000000e+000 1.33928571e+001 2.00000000e+001 3.34591063e-006 9.70420272e-006 1.02430936e-005 1.02144727e-005 9.97279478e-006 9.82012115e-006 9.74257056e-006 8.88722989e-006 7.50649583e-006 
1.00000000e+000 9.28571429e+000 2.00000000e+001 1.69810425e-006 6.86305784e-006 8.01106083e-006 8.16768582e-006 8.31172172e-006 8.27582768e-006 8.24764642e-006 7.71583580e-006 6.66943331e-006 
1.00000000e+000 4.82142857e+000 2.00000000e+001 9.74659263e-007 5.31843150e-006 6.73116514e-006 6.98158590e-006 7.33139105e-006 7.36016452e-006 7.35959261e-006 7.01277944e-006 6.16246594e-006 
1.00000000e+000 0.00000000e+000 2.00000000e+001 7.68924019e-007 4.82246288e-006 6.31166534e-006 6.59193036e-006 7.00923404e-006 7.05958872e-006 7.06826289e-006 6.78350705e-006 5.99888226e-006 
1.25000000e+000 3.50000000e+001 2.00000000e+001 1.35290956e-003 2.94157211e-004 1.38481436e-004 1.14565241e-004 7.75573917e-005 6.88906211e-005 6.54927607e-005 4.67087565e-005 3.11550981e-005 
1.25000000e+000 3.48214286e+001 2.00000000e+001 1.14041780e-003 2.75339947e-004 1.32534504e-004 1.10132511e-004 7.51523776e-005 6.68927513e-005 6.36465928e-005 4.56003491e-005 3.05376394e-005 
1.25000000e+000 3.42857143e+001 2.00000000e+001 1.08201808e-003 2.63603770e-004 1.27794771e-004 1.06375325e-004 7.28322070e-005 6.48886373e-005 6.17637308e-005 4.43494842e-005 2.97603007e-005 
1.25000000e+000 3.33928571e+001 2.00000000e+001 7.23200561e-004 2.20033110e-004 1.12311333e-004 9.44875780e-005 6.59720359e-005 5.90839836e-005 5.63579849e-005 4.09479719e-005 2.77695004e-005 
1.25000000e+000 3.21428571e+001 2.00000000e+001 5.01391249e-004 1.82151169e-004 9.73357764e-005 8.27001260e-005 5.88278733e-005 5.29546990e-005 5.06170731e-005 3.72140096e-005 2.55143693e-005 
1.25000000e+000 3.05357143e+001 2.00000000e+001 2.99730928e-004 1.38843825e-004 7.90893721e-005 6.81486000e-005 4.98021856e-005 4.51667798e-005 4.33063243e-005 3.24074118e-005 2.25966453e-005 
1.25000000e+000 2.85714286e+001 2.00000000e+001 1.51525746e-004 9.36440982e-005 5.79888765e-005 5.09400250e-005 3.86756404e-005 3.54605074e-005 3.41545923e-005 2.62475453e-005 1.87897000e-005 
1.25000000e+000 2.62500000e+001 2.00000000e+001 5.08319559e-005 4.72967828e-005 3.38384811e-005 3.07881365e-005 2.51026112e-005 2.34980512e-005 2.28299755e-005 1.84689859e-005 1.39205367e-005 
1.25000000e+000 2.35714286e+001 2.00000000e+001 2.11840220e-005 2.75422262e-005 2.21625581e-005 2.07469247e-005 1.79152661e-005 1.70503932e-005 1.66805781e-005 1.40529307e-005 1.10243229e-005 
1.25000000e+000 2.05357143e+001 2.00000000e+001 8.90094713e-006 1.63218053e-005 1.47940981e-005 1.42503565e-005 1.30285867e-005 1.26038243e-005 1.24144809e-005 1.08807406e-005 8.87050583e-006 
1.25000000e+000 1.71428571e+001 2.00000000e+001 3.68136529e-006 9.73150803e-006 9.99531217e-006 9.91738041e-006 9.61347289e-006 9.45500307e-006 9.37687741e-006 8.54907364e-006 7.23779005e-006 
1.25000000e+000 1.33928571e+001 2.00000000e+001 1.50662713e-006 5.90401136e-006 6.91715338e-006 7.07603352e-006 7.27778854e-006 7.27636465e-006 7.26516422e-006 6.88365059e-006 6.04210999e-006 
1.25000000e+000 9.28571429e+000 2.00000000e+001 6.29105823e-007 3.75078336e-006 5.01704932e-006 5.28704001e-006 5.75198952e-006 5.83892298e-006 5.86619488e-006 5.75469102e-006 5.21432706e-006 
1.25000000e+000 4.82142857e+000 2.00000000e+001 2.96962373e-007 2.65174524e-006 3.96980231e-006 4.28549118e-006 4.87373793e-006 5.00559291e-006 5.05283048e-006 5.08790625e-006 4.71867569e-006 
1.25000000e+000 0.00000000e+000 2.00000000e+001 2.11272514e-007 2.31007855e-006 3.63159667e-006 3.96000143e-006 4.58596984e-006 4.73223580e-006 4.78594479e-006 4.86925719e-006 4.55702514e-006 
1.50000000e+000 3.50000000e+001 2.00000000e+001 2.54421255e-003 3.82603383e-004 1.63888185e-004 1.32905577e-004 8.67099865e-005 7.62642216e-005 7.22123294e-005 5.03644114e-005 3.29291334e-005 
1.50000000e+000 3.48214286e+001 2.00000000e+001 2.00402236e-003 3.50336412e-004 1.54878860e-004 1.26381706e-004 8.33671858e-005 7.35320424e-005 6.97045631e-005 4.89165838e-005 3.21527691e-005 
1.50000000e+000 3.42857143e+001 2.00000000e+001 1.91813773e-003 3.33729660e-004 1.48694680e-004 1.21584694e-004 8.05346034e-005 7.11168178e-005 6.74476467e-005 4.74630303e-005 3.12753035e-005 
1.50000000e+000 3.33928571e+001 2.00000000e+001 1.12119630e-003 2.65261104e-004 1.26871410e-004 1.05251303e-004 7.15720635e-005 6.36406083e-005 6.05262127e-005 4.32538532e-005 2.88911197e-005 
1.50000000e+000 3.21428571e+001 2.00000000e+001 7.05492462e-004 2.10675837e-004 1.07066107e-004 8.99758337e-005 6.26790183e-005 5.60972231e-005 5.34940038e-005 3.88023540e-005 2.62709534e-005 
1.50000000e+000 3.05357143e+001 2.00000000e+001 3.67251515e-004 1.51716134e-004 8.38008323e-005 7.17039357e-005 5.16823098e-005 4.66887459e-005 4.46929092e-005 3.31314001e-005 2.28940056e-005 
1.50000000e+000 2.85714286e+001 2.00000000e+001 1.58686699e-004 9.54115051e-005 5.84716693e-005 5.12225646e-005 3.86587987e-005 3.53804261e-005 3.40510943e-005 2.60465738e-005 1.85602094e-005 
1.50000000e+000 2.62500000e+001 2.00000000e+001 4.44542861e-005 4.31242829e-005 3.12430113e-005 2.85043642e-005 2.33603758e-005 2.18982858e-005 2.12882615e-005 1.72827151e-005 1.30777436e-005 
1.50000000e+000 2.35714286e+001 2.00000000e+001 1.59791159e-005 2.29342833e-005 1.90527616e-005 1.79682708e-005 1.57450367e-005 1.50482911e-005 1.47479433e-005 1.25569661e-005 9.96194985e-006 
1.50000000e+000 2.05357143e+001 2.00000000e+001 5.75606053e-006 1.23869605e-005 1.18319286e-005 1.15391192e-005 1.08154830e-005 1.05387495e-005 1.04119492e-005 9.29268311e-006 7.72069572e-006 
1.50000000e+000 1.71428571e+001 2.00000000e+001 2.01921520e-006 6.69292162e-006 7.41023989e-006 7.48576957e-006 7.52514567e-006 7.48007891e-006 7.45139535e-006 6.97668626e-006 6.07072046e-006 
1.50000000e+000 1.33928571e+001 2.00000000e+001 6.91723252e-007 3.65382056e-006 4.73593499e-006 4.96462490e-006 5.36619794e-006 5.44347021e-006 5.46821093e-006 5.37142003e-006 4.89060297e-006 
1.50000000e+000 9.28571429e+000 2.00000000e+001 2.38055706e-007 2.07910300e-006 3.17333456e-006 3.45276067e-006 4.00729671e-006 4.14475828e-006 4.19682489e-006 4.31117399e-006 4.08979493e-006 
1.50000000e+000 4.82142857e+000 2.00000000e+001 9.17788388e-008 1.33026242e-006 2.34992749e-006 2.63896109e-006 3.24731117e-006 3.41119122e-006 3.47581550e-006 3.69662474e-006 3.61672752e-006 
1.50000000e+000 0.00000000e+000 2.00000000e+001 5.80681856e-008 1.10669752e-006 2.08966325e-006 2.37902702e-006 3.00058959e-006 3.17224330e-006 3.24067261e-006 3.49526556e-006 3.46177409e-006 
1.75000000e+000 3.50000000e+001 2.00000000e+001 5.06459554e-003 5.10637417e-004 1.97104671e-004 1.56374967e-004 9.79829716e-005 8.52600719e-005 8.03797355e-005 5.47260711e-005 3.50221310e-005 
1.75000000e+000 3.48214286e+001 2.00000000e+001 3.68691082e-003 4.55597633e-004 1.83548421e-004 1.46840002e-004 9.33693910e-005 8.15499244e-005 7.69971648e-005 5.28479655e-005 3.40525530e-005 
1.75000000e+000 3.42857143e+001 2.00000000e+001 3.59601097e-003 4.32456104e-004 1.75488532e-004 1.40709431e-004 8.98988468e-005 7.86278221e-005 7.42810088e-005 5.11522319e-005 3.30591487e-005 
1.75000000e+000 3.33928571e+001 2.00000000e+001 1.80875283e-003 3.25032012e-004 1.44805409e-004 1.18324492e-004 7.82203049e-005 6.90243738e-005 6.54427605e-005 4.59588136e-005 3.02132200e-005 
1.75000000e+000 3.21428571e+001 2.00000000e+001 1.02736779e-003 2.46659408e-004 1.18696164e-004 9.85898593e-005 6.71838216e-005 5.97692313e-005 5.68555919e-005 4.06699959e-005 2.71807941e-005 
1.75000000e+000 3.05357143e+001 2.00000000e+001 4.59141028e-004 1.66910644e-004 8.92433822e-005 7.58125539e-005 5.38857736e-005 4.84888780e-005 4.63408178e-005 3.40318605e-005 2.33042110e-005 
1.75000000e+000 2.85714286e+001 2.00000000e+001 1.66669177e-004 9.74946152e-005 5.91770139e-005 5.17117582e-005 3.88195711e-005 3.54690259e-005 3.41123765e-005 2.59814906e-005 1.84312121e-005 
1.75000000e+000 2.62500000e+001 2.00000000e+001 3.90963895e-005 3.95553379e-005 2.90355034e-005 2.65671396e-005 2.18911697e-005 2.05512005e-005 1.99907452e-005 1.62857979e-005 1.23672629e-005 
1.75000000e+000 2.35714286e+001 2.00000000e+001 1.21523906e-005 1.92545582e-005 1.65188142e-005 1.56949911e-005 1.39553410e-005 1.33931074e-005 1.31484190e-005 1.13092494e-005 9.06612441e-006 
1.75000000e+000 2.05357143e+001 2.00000000e+001 3.75974356e-006 9.49538449e-006 9.55808905e-006 9.43678453e-006 9.06347853e-006 8.89361167e-006 8.81232758e-006 8.00235780e-006 6.76781011e-006 
1.75000000e+000 1.71428571e+001 2.00000000e+001 1.12038961e-006 4.65704891e-006 5.55494412e-006 5.71140669e-006 5.94803348e-006 5.97314869e-006 5.97574503e-006 5.73887347e-006 5.12492753e-006 
1.75000000e+000 1.33928571e+001 2.00000000e+001 3.21835456e-007 2.29035914e-006 3.27866424e-006 3.51975454e-006 3.99173198e-006 4.10612358e-006 4.14896034e-006 4.21919075e-006 3.97881103e-006 
1.75000000e+000 9.28571429e+000 2.00000000e+001 9.14640052e-008 1.16606380e-006 2.02475000e-006 2.27270914e-006 2.80896621e-006 2.95873437e-006 3.01879500e-006 3.24331718e-006 3.21763088e-006 
1.75000000e+000 4.82142857e+000 2.00000000e+001 2.87135236e-008 6.71170069e-007 1.39599215e-006 1.63005723e-006 2.16843321e-006 2.32926214e-006 2.39552521e-006 2.68954153e-006 2.77482740e-006 
1.75000000e+000 0.00000000e+000 2.00000000e+001 1.59649885e-008 5.30243524e-007 1.20248597e-006 1.42930424e-006 1.96334564e-006 2.12657021e-006 2.19439653e-006 2.50903469e-006 2.62979702e-006 
2.00000000e+000 3.50000000e+001 2.00000000e+001 1.05834218e-002 6.98167025e-004 2.40698151e-004 1.86460750e-004 1.11825314e-004 9.61837992e-005 9.02533912e-005 5.98768249e-005 3.74512115e-005 
2.00000000e+000 3.48214286e+001 2.00000000e+001 7.05519453e-003 6.04525831e-004 2.20392105e-004 1.72591545e-004 1.05490329e-004 9.11715132e-005 8.57143428e-005 5.74531108e-005 3.62464611e-005 
2.00000000e+000 3.42857143e+001 2.00000000e+001 7.07723124e-003 5.73003494e-004 2.09942690e-004 1.64777377e-004 1.01233253e-004 8.76295348e-005 8.24385577e-005 5.54689525e-005 3.51186441e-005 
2.00000000e+000 3.33928571e+001 2.00000000e+001 3.02391528e-003 4.04476634e-004 1.66872272e-004 1.34152273e-004 8.60439293e-005 7.53167314e-005 7.11739407e-005 4.90738176e-005 3.17289581e-005 
2.00000000e+000 3.21428571e+001 2.00000000e+001 1.54575112e-003 2.92227886e-004 1.32539327e-004 1.08718311e-004 7.23777895e-005 6.39863136e-005 6.07109498e-005 4.28044591e-005 2.82283703e-005 
2.00000000e+000 3.05357143e+001 2.00000000e+001 5.86068474e-004 1.84803474e-004 9.54412157e-005 8.04707098e-005 5.63822836e-005 5.05342935e-005 4.82165900e-005 3.50774835e-005 2.38040665e-005 
2.00000000e+000 2.85714286e+001 2.00000000e+001 1.75504258e-004 9.98161127e-005 6.00326238e-005 5.23385491e-005 3.90979207e-005 3.56697607e-005 3.42834786e-005 2.60091617e-005 1.83734435e-005 
2.00000000e+000 2.62500000e+001 2.00000000e+001 3.45280911e-005 3.64350687e-005 2.71072571e-005 2.48778513e-005 2.06164690e-005 1.93844288e-005 1.88676964e-005 1.54259831e-005 1.17550095e-005 
2.00000000e+000 2.35714286e+001 2.00000000e+001 9.29894151e-006 1.62612568e-005 1.44097659e-005 1.37943647e-005 1.24469580e-005 1.19950163e-005 1.17960851e-005 1.02480387e-005 8.29811406e-006 
2.00000000e+000 2.05357143e+001 2.00000000e+001 2.47411883e-006 7.33194794e-006 7.77846024e-006 7.77467560e-006 7.65053168e-006 7.55916546e-006 7.51163258e-006 6.93729567e-006 5.96783028e-006 
2.00000000e+000 1.71428571e+001 2.00000000e+001 6.26967089e-007 3.26824141e-006 4.19940973e-006 4.39393885e-006 4.73822457e-006 4.80603004e-006 4.82821352e-006 4.75232171e-006 4.35094889e-006 
2.00000000e+000 1.33928571e+001 2.00000000e+001 1.51192142e-007 1.44968947e-006 2.29009923e-006 2.51674788e-006 2.99159466e-006 3.11940588e-006 3.16989507e-006 3.33358844e-006 3.25208526e-006 
2.00000000e+000 9.28571429e+000 2.00000000e+001 3.55386853e-008 6.60327427e-007 1.30175617e-006 1.50642925e-006 1.97998489e-006 2.12299583e-006 2.18225470e-006 2.44955463e-006 2.53885259e-006 
2.00000000e+000 4.82142857e+000 2.00000000e+001 9.07670295e-009 3.40442766e-007 8.32120097e-007 1.00985306e-006 1.45111188e-006 1.59356525e-006 1.65404057e-006 1.95950358e-006 2.13095674e-006 
2.00000000e+000 0.00000000e+000 2.00000000e+001 4.39069667e-009 2.54077359e-007 6.92004166e-007 8.58758880e-007 1.28469984e-006 1.42562753e-006 1.48596137e-006 1.80111802e-006 1.99779967e-006 
2.25000000e+000 3.50000000e+001 2.00000000e+001 2.30355551e-002 9.76283198e-004 2.98238146e-004 2.25186386e-004 1.28832389e-004 1.09440991e-004 1.02176929e-004 6.59324977e-005 4.02459258e-005 
2.25000000e+000 3.48214286e+001 2.00000000e+001 1.39642997e-002 8.17105890e-004 2.67909716e-004 2.05078362e-004 1.20166249e-004 1.02695463e-004 9.61094858e-005 6.28170133e-005 3.87548384e-005 
2.25000000e+000 3.42857143e+001 2.00000000e+001 1.45132534e-002 7.75497466e-004 2.54479326e-004 1.95174054e-004 1.14949803e-004 9.84024045e-005 9.21576223e-005 6.04911529e-005 3.74714487e-005 
2.25000000e+000 3.33928571e+001 2.00000000e+001 5.21785746e-003 5.10808446e-004 1.94074659e-004 1.53322873e-004 9.52213641e-005 8.26379452e-005 7.78207213e-005 5.26276601e-005 3.34403702e-005 
2.25000000e+000 3.21428571e+001 2.00000000e+001 2.39745345e-003 3.50265861e-004 1.49018541e-004 1.20608075e-004 7.83291637e-005 6.87909107e-005 6.50939580e-005 4.52083384e-005 2.94065477e-005 
2.25000000e+000 3.05357143e+001 2.00000000e+001 7.64113891e-004 2.05905940e-004 1.02459781e-004 8.57084035e-005 5.91651778e-005 5.28133159e-005 5.03069832e-005 3.62511558e-005 2.43789010e-005 
2.25000000e+000 2.85714286e+001 2.00000000e+001 1.85265888e-004 1.02338931e-004 6.09994698e-005 5.30647313e-005 3.94587148e-005 3.59489166e-005 3.45313637e-005 2.61022593e-005 1.83672226e-005 
2.25000000e+000 2.62500000e+001 2.00000000e+001 3.05928614e-005 3.36670642e-005 2.53919938e-005 2.33761688e-005 1.94871319e-005 1.83521843e-005 1.78747681e-005 1.46687749e-005 1.12173710e-005 
2.25000000e+000 2.35714286e+001 2.00000000e+001 7.14967201e-006 1.37952817e-005 1.26279743e-005 1.21804680e-005 1.11547152e-005 1.07945387e-005 1.06338246e-005 9.33104278e-006 7.63027990e-006 
2.25000000e+000 2.05357143e+001 2.00000000e+001 1.63755401e-006 5.69282253e-006 6.36584342e-006 6.44157710e-006 6.49443141e-006 6.46115165e-006 6.43888371e-006 6.04652009e-006 5.28856337e-006 
2.25000000e+000 1.71428571e+001 2.00000000e+001 3.53158245e-007 2.30852278e-006 3.19545020e-006 3.40239655e-006 3.79823525e-006 3.89082672e-006 3.92488977e-006 3.95753054e-006 3.71197230e-006 
2.25000000e+000 1.33928571e+001 2.00000000e+001 7.15519549e-008 9.24487210e-007 1.61111919e-006 1.81214964e-006 2.25626389e-006 2.38422511e-006 2.43632864e-006 2.64750724e-006 2.66930498e-006 
2.25000000e+000 9.28571429e+000 2.00000000e+001 1.39270314e-008 3.76912108e-007 8.42463414e-007 1.00465036e-006 1.40270207e-006 1.53048957e-006 1.58471552e-006 1.85682997e-006 2.00881138e-006 
2.25000000e+000 4.82142857e+000 2.00000000e+001 2.89443899e-009 1.73539058e-007 4.97613378e-007 6.27399588e-007 9.73103249e-007 1.09228604e-006 1.14411806e-006 1.42953964e-006 1.63804280e-006 
2.25000000e+000 0.00000000e+000 2.00000000e+001 1.20790299e-009 1.21758873e-007 3.98256016e-007 5.15987307e-007 8.40661791e-007 9.55752674e-007 1.00626503e-006 1.29296476e-006 1.51770669e-006 
2.50000000e+000 3.50000000e+001 2.00000000e+001 5.18478414e-002 1.39396410e-003 3.74685814e-004 2.75291031e-004 1.49776238e-004 1.25553349e-004 1.16591265e-004 7.30420926e-005 4.34469207e-005 
2.50000000e+000 3.48214286e+001 2.00000000e+001 2.84492627e-002 1.12332164e-003 3.29466876e-004 2.46199779e-004 1.37953511e-004 1.16501141e-004 1.08504295e-004 6.90497071e-005 4.16071996e-005 
2.50000000e+000 3.42857143e+001 2.00000000e+001 3.07902545e-002 1.07080445e-003 3.12407040e-004 2.33748299e-004 1.31579995e-004 1.11306886e-004 1.03743158e-004 6.63214953e-005 4.01443119e-005 
2.50000000e+000 3.33928571e+001 2.00000000e+001 9.25636388e-003 6.54190618e-004 2.27713119e-004 1.76589778e-004 1.05981376e-004 9.11442981e-005 8.55154689e-005 5.66633456e-005 3.53560804e-005 
2.50000000e+000 3.21428571e+001 2.00000000e+001 3.82270339e-003 4.24668280e-004 1.68675669e-004 1.34576529e-004 8.51327606e-005 7.42461190e-005 7.00571726e-005 4.78947318e-005 3.07139817e-005 
2.50000000e+000 3.05357143e+001 2.00000000e+001 1.01768571e-003 2.30875461e-004 1.10394642e-004 9.15781967e-005 6.22421960e-005 5.53271316e-005 5.26110231e-005 3.75446131e-005 2.50196517e-005 
2.50000000e+000 2.85714286e+001 2.00000000e+001 1.96058376e-004 1.05045890e-004 6.20555829e-005 5.38682810e-005 3.98807072e-005 3.62857878e-005 3.48356037e-005 2.62431172e-005 1.83991389e-005 
2.50000000e+000 2.62500000e+001 2.00000000e+001 2.71773136e-005 3.11862619e-005 2.38464683e-005 2.20228655e-005 1.84710140e-005 1.74243407e-005 1.69826911e-005 1.39908101e-005 1.07377234e-005 
2.50000000e+000 2.35714286e+001 2.00000000e+001 5.51847034e-006 1.17450300e-005 1.11063130e-005 1.07944474e-005 1.00339153e-005 9.75073307e-006 9.62224124e-006 8.52852799e-006 7.04256621e-006 
2.50000000e+000 2.05357143e+001 2.00000000e+001 1.08890865e-006 4.43946820e-006 5.23275691e-006 5.36075933e-006 5.53777711e-006 5.54742428e-006 5.54409894e-006 5.29335174e-006 4.70611005e-006 
2.50000000e+000 1.71428571e+001 2.00000000e+001 1.99973548e-007 1.63894677e-006 2.44408184e-006 2.64824231e-006 3.06026290e-006 3.16580059e-006 3.20657675e-006 3.31127695e-006 3.18028280e-006 
2.50000000e+000 1.33928571e+001 2.00000000e+001 3.40600205e-008 5.93050317e-007 1.14006631e-006 1.31230332e-006 1.71079619e-006 1.83177457e-006 1.88209948e-006 2.11219241e-006 2.19929717e-006 
2.50000000e+000 9.28571429e+000 2.00000000e+001 5.49434328e-009 2.16549646e-007 5.48335294e-007 6.73614004e-007 9.98247504e-007 1.10805281e-006 1.15556380e-006 1.41230931e-006 1.59358299e-006 
2.50000000e+000 4.82142857e+000 2.00000000e+001 9.29816124e-010 8.88628036e-008 2.98488585e-007 3.90844792e-007 6.53866568e-007 7.50054021e-007 7.92777805e-007 1.04427605e-006 1.26032008e-006 
2.50000000e+000 0.00000000e+000 2.00000000e+001 3.32402095e-010 5.83551553e-008 2.29213865e-007 3.10047324e-007 5.50117751e-007 6.40763929e-007 6.81443232e-007 9.28197097e-007 1.15300171e-006 
END