TITLE="2RS_E_WD175.dat"
VARIABLES= "Density" "Radius" "Height" "0.1053" "0.356" "0.6617" "0.7889" "1.1732" "1.3325" "1.408" "2" "3" 
ZONE T="3D Data" I=11 J=15 K=3 F=POINT
0.00000000e+000 3.50000000e+001 0.00000000e+000 2.52836790e-004 1.70377316e-004 1.08836268e-004 9.63422583e-005 7.41750511e-005 6.82185529e-005 6.57765448e-005 5.06780880e-005 3.60253228e-005 
0.00000000e+000 3.48214286e+001 0.00000000e+000 2.51999965e-004 1.69825962e-004 1.08508831e-004 9.60591102e-005 7.39659755e-005 6.80279142e-005 6.55932755e-005 5.05383307e-005 3.59261519e-005 
0.00000000e+000 3.42857143e+001 0.00000000e+000 2.49927765e-004 1.68446037e-004 1.07691389e-004 9.53512827e-005 7.34397138e-005 6.75466490e-005 6.51300119e-005 5.01823758e-005 3.56725294e-005 
0.00000000e+000 3.33928571e+001 0.00000000e+000 2.47843797e-004 1.67044556e-004 1.06856622e-004 9.46227455e-005 7.28828912e-005 6.70321112e-005 6.46324928e-005 4.97905120e-005 3.53900893e-005 
0.00000000e+000 3.21428571e+001 0.00000000e+000 2.46428524e-004 1.65983475e-004 1.06162792e-004 9.39962394e-005 7.23648849e-005 6.65425439e-005 6.41548552e-005 4.93977519e-005 3.51027931e-005 
0.00000000e+000 3.05357143e+001 0.00000000e+000 2.46034917e-004 1.65743423e-004 1.05931016e-004 9.37526987e-005 7.20947371e-005 6.62684695e-005 6.38801949e-005 4.91438477e-005 3.49120285e-005 
0.00000000e+000 2.85714286e+001 0.00000000e+000 2.45277627e-004 1.65307894e-004 1.05531745e-004 9.33458368e-005 7.16740105e-005 6.58498792e-005 6.34639438e-005 4.87731740e-005 3.46376964e-005 
0.00000000e+000 2.62500000e+001 0.00000000e+000 2.43429630e-004 1.64189504e-004 1.04693715e-004 9.25489430e-005 7.09523806e-005 6.51551214e-005 6.27817323e-005 4.81994797e-005 3.42197637e-005 
0.00000000e+000 2.35714286e+001 0.00000000e+000 2.38781048e-004 1.61169086e-004 1.02673783e-004 9.07209850e-005 6.94696988e-005 6.37707748e-005 6.14388468e-005 4.71341599e-005 3.34566510e-005 
0.00000000e+000 2.05357143e+001 0.00000000e+000 2.27710320e-004 1.53853228e-004 9.79993237e-005 8.65829472e-005 6.62912711e-005 6.08521635e-005 5.86268681e-005 4.49786082e-005 3.19287571e-005 
0.00000000e+000 1.71428571e+001 0.00000000e+000 2.05808999e-004 1.39466156e-004 8.90394576e-005 7.87364191e-005 6.04226154e-005 5.55080533e-005 5.34958365e-005 4.11167703e-005 2.92129798e-005 
0.00000000e+000 1.33928571e+001 0.00000000e+000 1.73970656e-004 1.18350022e-004 7.59580585e-005 6.73137512e-005 5.19506464e-005 4.78156805e-005 4.61192619e-005 3.56016381e-005 2.53448540e-005 
0.00000000e+000 9.28571429e+000 0.00000000e+000 1.36008193e-004 9.31144536e-005 6.02855380e-005 5.36308821e-005 4.18263383e-005 3.86333542e-005 3.73182454e-005 2.90381372e-005 2.07408869e-005 
0.00000000e+000 4.82142857e+000 0.00000000e+000 1.00311267e-004 6.92268825e-005 4.54573459e-005 4.07152687e-005 3.23585714e-005 3.00762171e-005 2.91284392e-005 2.29766384e-005 1.65009594e-005 
0.00000000e+000 0.00000000e+000 0.00000000e+000 7.59070967e-005 5.39734256e-005 3.64791955e-005 3.30464834e-005 2.69698872e-005 2.52612159e-005 2.45408053e-005 1.96534205e-005 1.41978649e-005 
2.50000000e-001 3.50000000e+001 0.00000000e+000 2.65920261e-004 1.68417487e-004 1.06566281e-004 9.42201302e-005 7.24614045e-005 6.66424929e-005 6.42595072e-005 4.95441757e-005 3.52701654e-005 
2.50000000e-001 3.48214286e+001 0.00000000e+000 2.65293835e-004 1.67865154e-004 1.06212905e-004 9.39096654e-005 7.22262795e-005 6.64271031e-005 6.40521382e-005 4.93856662e-005 3.51586576e-005 
2.50000000e-001 3.42857143e+001 0.00000000e+000 2.57058867e-004 1.64336402e-004 1.04395463e-004 9.23921580e-005 7.11897012e-005 6.55054261e-005 6.31757063e-005 4.87616951e-005 3.47478323e-005 
2.50000000e-001 3.33928571e+001 0.00000000e+000 2.48400138e-004 1.60466523e-004 1.02356338e-004 9.06749640e-005 6.99909744e-005 6.44321089e-005 6.21521128e-005 4.80219734e-005 3.42584864e-005 
2.50000000e-001 3.21428571e+001 0.00000000e+000 2.35500306e-004 1.55046130e-004 9.95514394e-005 8.83209102e-005 6.83597554e-005 6.29756747e-005 6.07650333e-005 4.70306066e-005 3.36157985e-005 
2.50000000e-001 3.05357143e+001 0.00000000e+000 2.18835268e-004 1.48381972e-004 9.61748372e-005 8.54982383e-005 6.64211583e-005 6.12510321e-005 5.91254030e-005 4.58762034e-005 3.28891821e-005 
2.50000000e-001 2.85714286e+001 0.00000000e+000 1.91684319e-004 1.37157729e-004 9.04495440e-005 8.07153152e-005 6.31598753e-005 5.83606401e-005 5.63823830e-005 4.39675256e-005 3.16980572e-005 
2.50000000e-001 2.62500000e+001 0.00000000e+000 1.52705192e-004 1.20679616e-004 8.20614236e-005 7.37273662e-005 5.84403826e-005 5.41931285e-005 5.24336679e-005 4.12446676e-005 3.00046518e-005 
2.50000000e-001 2.35714286e+001 0.00000000e+000 1.26905546e-004 1.08436075e-004 7.54744604e-005 6.81539312e-005 5.45422043e-005 5.07117883e-005 4.91188171e-005 3.88832976e-005 2.84716712e-005 
2.50000000e-001 2.05357143e+001 0.00000000e+000 1.03856851e-004 9.55645050e-005 6.80043284e-005 6.17138924e-005 4.98655939e-005 4.64887304e-005 4.50786380e-005 3.59147860e-005 2.64586305e-005 
2.50000000e-001 1.71428571e+001 0.00000000e+000 8.17613045e-005 8.06610881e-005 5.86914154e-005 5.35509257e-005 4.37495624e-005 4.09174404e-005 3.97290151e-005 3.18913665e-005 2.36417704e-005 
2.50000000e-001 1.33928571e+001 0.00000000e+000 6.12581890e-005 6.43797246e-005 4.79173105e-005 4.39862471e-005 3.64123205e-005 3.41907153e-005 3.32526874e-005 2.69400181e-005 2.01029206e-005 
2.50000000e-001 9.28571429e+000 0.00000000e+000 4.34409467e-005 4.82337804e-005 3.67234519e-005 3.39464464e-005 2.85675905e-005 2.69640444e-005 2.62812449e-005 2.15457969e-005 1.61900565e-005 
2.50000000e-001 4.82142857e+000 0.00000000e+000 3.00202759e-005 3.47401927e-005 2.70726542e-005 2.52471063e-005 2.17354008e-005 2.06663498e-005 2.02046140e-005 1.68336446e-005 1.27484618e-005 
2.50000000e-001 0.00000000e+000 0.00000000e+000 2.21767629e-005 2.67831298e-005 2.15547157e-005 2.03450532e-005 1.80102503e-005 1.72630453e-005 1.69320981e-005 1.43349961e-005 1.09295637e-005 
5.00000000e-001 3.50000000e+001 0.00000000e+000 3.39566519e-004 1.84135602e-004 1.11692523e-004 9.78821905e-005 7.40905068e-005 6.78647641e-005 6.53322458e-005 4.99415104e-005 3.53114725e-005 
5.00000000e-001 3.48214286e+001 0.00000000e+000 3.40392258e-004 1.83812406e-004 1.11393520e-004 9.76043931e-005 7.38609548e-005 6.76504413e-005 6.51244325e-005 4.97775306e-005 3.51943065e-005 
5.00000000e-001 3.42857143e+001 0.00000000e+000 3.20610533e-004 1.77497807e-004 1.08415048e-004 9.51690252e-005 7.22706638e-005 6.62563020e-005 6.38067772e-005 4.88741948e-005 3.46227530e-005 
5.00000000e-001 3.33928571e+001 0.00000000e+000 3.01859916e-004 1.70921497e-004 1.05159838e-004 9.24685480e-005 7.04488320e-005 6.46435084e-005 6.22763269e-005 4.78025344e-005 3.39370315e-005 
5.00000000e-001 3.21428571e+001 0.00000000e+000 2.72809366e-004 1.60905582e-004 1.00278832e-004 8.84369394e-005 6.77578301e-005 6.22704850e-005 6.00284334e-005 4.62482778e-005 3.29608524e-005 
5.00000000e-001 3.05357143e+001 0.00000000e+000 2.37104311e-004 1.48144285e-004 9.40304605e-005 8.32715512e-005 6.43120261e-005 5.92357929e-005 5.71559695e-005 4.42784413e-005 3.17459634e-005 
5.00000000e-001 2.85714286e+001 0.00000000e+000 1.85422724e-004 1.27718051e-004 8.37628489e-005 7.47452003e-005 5.85967000e-005 5.42017903e-005 5.23916496e-005 4.10180974e-005 2.97377121e-005 
5.00000000e-001 2.62500000e+001 0.00000000e+000 1.19140868e-004 9.87535434e-005 6.89589038e-005 6.24364737e-005 5.03603458e-005 4.69584482e-005 4.55415118e-005 3.63538667e-005 2.68727005e-005 
5.00000000e-001 2.35714286e+001 0.00000000e+000 8.27452926e-005 8.00685992e-005 5.88327286e-005 5.38905949e-005 4.44548918e-005 4.17121270e-005 4.05581768e-005 3.28626391e-005 2.46495851e-005 
5.00000000e-001 2.05357143e+001 0.00000000e+000 5.66817559e-005 6.40294243e-005 4.94406357e-005 4.58035746e-005 3.86236362e-005 3.64634476e-005 3.55444316e-005 2.92197265e-005 2.22171528e-005 
5.00000000e-001 1.71428571e+001 0.00000000e+000 3.75651705e-005 4.94015150e-005 4.00440669e-005 3.75226899e-005 3.23611769e-005 3.07461788e-005 3.00500659e-005 2.50733323e-005 1.93155049e-005 
5.00000000e-001 1.33928571e+001 0.00000000e+000 2.39341258e-005 3.63908998e-005 3.09197223e-005 2.93077167e-005 2.58773280e-005 2.47534051e-005 2.42610445e-005 2.05640979e-005 1.60421925e-005 
5.00000000e-001 9.28571429e+000 0.00000000e+000 1.47327252e-005 2.55124536e-005 2.26424597e-005 2.17106209e-005 1.96550640e-005 1.89429974e-005 1.86241823e-005 1.60597622e-005 1.26777825e-005 
5.00000000e-001 4.82142857e+000 0.00000000e+000 9.15982485e-006 1.75465911e-005 1.61830162e-005 1.57048631e-005 1.46320498e-005 1.42285298e-005 1.40410066e-005 1.23498830e-005 9.85860627e-006 
5.00000000e-001 0.00000000e+000 0.00000000e+000 6.47910229e-006 1.32905504e-005 1.27361896e-005 1.25254273e-005 1.20270873e-005 1.17972466e-005 1.16824203e-005 1.04557953e-005 8.41361540e-006 
7.50000000e-001 3.50000000e+001 0.00000000e+000 4.67998069e-004 2.11009300e-004 1.21455206e-004 1.05208575e-004 7.79123496e-005 7.09471379e-005 6.81366962e-005 5.14038967e-005 3.59329970e-005 
7.50000000e-001 3.48214286e+001 0.00000000e+000 4.72975680e-004 2.11182105e-004 1.21286267e-004 1.05017551e-004 7.77148623e-005 7.07551642e-005 6.79478237e-005 5.12450945e-005 3.58155385e-005 
7.50000000e-001 3.42857143e+001 0.00000000e+000 4.29002733e-004 2.00744189e-004 1.16795581e-004 1.01422952e-004 7.54664732e-005 6.88089344e-005 6.61181594e-005 5.00300282e-005 3.50707870e-005 
7.50000000e-001 3.33928571e+001 0.00000000e+000 3.91369635e-004 1.90512091e-004 1.12088549e-004 9.75819652e-005 7.29605523e-005 6.66125503e-005 6.40426784e-005 4.86129227e-005 3.41862542e-005 
7.50000000e-001 3.21428571e+001 0.00000000e+000 3.34238042e-004 1.74598202e-004 1.04824421e-004 9.16737314e-005 6.91402689e-005 6.32753454e-005 6.08939672e-005 4.64858524e-005 3.28782650e-005 
7.50000000e-001 3.05357143e+001 0.00000000e+000 2.69910175e-004 1.54787646e-004 9.55405319e-005 8.40799920e-005 6.41861224e-005 5.89411494e-005 5.68028492e-005 4.37242043e-005 3.11951932e-005 
7.50000000e-001 2.85714286e+001 0.00000000e+000 1.88666396e-004 1.25082347e-004 8.09172973e-005 7.19984642e-005 5.61754425e-005 5.19086016e-005 5.01562267e-005 3.92110478e-005 2.84300637e-005 
7.50000000e-001 2.62500000e+001 0.00000000e+000 9.97842214e-005 8.55060692e-005 6.05303352e-005 5.50263653e-005 4.48066321e-005 4.19117283e-005 4.07030671e-005 3.27818353e-005 2.44848386e-005 
7.50000000e-001 2.35714286e+001 0.00000000e+000 5.86504319e-005 6.25548822e-005 4.77746313e-005 4.42123479e-005 3.72872280e-005 3.52252528e-005 3.43500177e-005 2.83301202e-005 2.16553030e-005 
7.50000000e-001 2.05357143e+001 0.00000000e+000 3.38379386e-005 4.51968213e-005 3.72500217e-005 3.50912151e-005 3.06446485e-005 2.92345635e-005 2.86235726e-005 2.41604504e-005 1.88759600e-005 
7.50000000e-001 1.71428571e+001 0.00000000e+000 1.88258974e-005 3.16175494e-005 2.81147347e-005 2.69619495e-005 2.43881175e-005 2.34972789e-005 2.31003118e-005 1.99559037e-005 1.59197061e-005 
7.50000000e-001 1.33928571e+001 0.00000000e+000 1.00648550e-005 2.12485004e-005 2.03575603e-005 1.98727021e-005 1.86260581e-005 1.81278519e-005 1.78960168e-005 1.58262272e-005 1.28758626e-005 
7.50000000e-001 9.28571429e+000 0.00000000e+000 5.25020610e-006 1.37553945e-005 1.41206995e-005 1.40222919e-005 1.36183126e-005 1.33920182e-005 1.32774876e-005 1.20237204e-005 9.95816665e-006 
7.50000000e-001 4.82142857e+000 0.00000000e+000 2.84624113e-006 8.91838711e-006 9.70875084e-006 9.79951507e-006 9.87167131e-006 9.81528024e-006 9.77578736e-006 9.07267841e-006 7.63096866e-006 
7.50000000e-001 0.00000000e+000 0.00000000e+000 1.89292074e-006 6.59515338e-006 7.52552661e-006 7.71127892e-006 8.03158536e-006 8.06202221e-006 8.06036964e-006 7.62634813e-006 6.47683042e-006 
1.00000000e+000 3.50000000e+001 0.00000000e+000 6.81504228e-004 2.48638115e-004 1.35017378e-004 1.15452657e-004 8.34136374e-005 7.54458718e-005 7.22575198e-005 5.36752725e-005 3.70017551e-005 
1.00000000e+000 3.48214286e+001 0.00000000e+000 6.97592987e-004 2.49728664e-004 1.35073886e-004 1.15412575e-004 8.32759503e-005 7.52977681e-005 7.21069185e-005 5.35315230e-005 3.68887560e-005 
1.00000000e+000 3.42857143e+001 0.00000000e+000 6.03001737e-004 2.33016735e-004 1.28533610e-004 1.10291515e-004 8.02107796e-005 7.26780267e-005 6.96571119e-005 5.19543861e-005 3.59507430e-005 
1.00000000e+000 3.33928571e+001 0.00000000e+000 5.30025655e-004 2.17577894e-004 1.21971203e-004 1.05032844e-004 7.69016493e-005 6.98076733e-005 6.69565113e-005 5.01565416e-005 3.48551154e-005 
1.00000000e+000 3.21428571e+001 0.00000000e+000 4.23319013e-004 1.93636237e-004 1.11777277e-004 9.68760568e-005 7.17972742e-005 6.53904438e-005 6.28050063e-005 4.74140824e-005 3.32020267e-005 
1.00000000e+000 3.05357143e+001 0.00000000e+000 3.14297986e-004 1.65045675e-004 9.90321697e-005 8.65729662e-005 6.52311821e-005 5.96840224e-005 5.74333333e-005 4.38428017e-005 3.10513310e-005 
1.00000000e+000 2.85714286e+001 0.00000000e+000 1.94888823e-004 1.25205101e-004 7.99278666e-005 7.08838187e-005 5.49502915e-005 5.06879894e-005 4.89423564e-005 3.81191102e-005 2.75623391e-005 
1.00000000e+000 2.62500000e+001 0.00000000e+000 8.58939493e-005 7.62346857e-005 5.45545404e-005 4.97316756e-005 4.07473246e-005 3.81917069e-005 3.71230306e-005 3.00705603e-005 2.26153704e-005 
1.00000000e+000 2.35714286e+001 0.00000000e+000 4.31707399e-005 5.05315770e-005 3.98801910e-005 3.72164281e-005 3.19503806e-005 3.03478428e-005 2.96622691e-005 2.48133906e-005 1.92592670e-005 
1.00000000e+000 2.05357143e+001 0.00000000e+000 2.11585366e-005 3.30307747e-005 2.88183230e-005 2.75420939e-005 2.47878429e-005 2.38611923e-005 2.34515061e-005 2.02531355e-005 1.62032260e-005 
1.00000000e+000 1.71428571e+001 0.00000000e+000 9.92765585e-006 2.09059139e-005 2.02006027e-005 1.97791980e-005 1.86752997e-005 1.82220436e-005 1.80095591e-005 1.60573036e-005 1.32262218e-005 
1.00000000e+000 1.33928571e+001 0.00000000e+000 4.44768798e-006 1.27408984e-005 1.36405686e-005 1.36851541e-005 1.35622940e-005 1.34154762e-005 1.33340817e-005 1.22730818e-005 1.03910360e-005 
1.00000000e+000 9.28571429e+000 0.00000000e+000 1.94515657e-006 7.54493624e-006 8.90010102e-006 9.14043240e-006 9.49882684e-006 9.52472272e-006 9.52021987e-006 9.04051664e-006 7.84547647e-006 
1.00000000e+000 4.82142857e+000 0.00000000e+000 8.99343747e-007 4.56059733e-006 5.84532331e-006 6.13334088e-006 6.67436955e-006 6.78391416e-006 6.81868353e-006 6.67405925e-006 5.91217084e-006 
1.00000000e+000 0.00000000e+000 0.00000000e+000 5.53032849e-007 3.27270703e-006 4.44666532e-006 4.74745016e-006 5.36342475e-006 5.50943940e-006 5.56131088e-006 5.56257960e-006 4.98588707e-006 
1.25000000e+000 3.50000000e+001 0.00000000e+000 1.04032323e-003 2.99213077e-004 1.52430421e-004 1.28528201e-004 9.04177661e-005 8.11866882e-005 7.75237521e-005 5.66249884e-005 3.84386543e-005 
1.25000000e+000 3.48214286e+001 0.00000000e+000 1.08516621e-003 3.01941627e-004 1.52849551e-004 1.28726903e-004 9.03737852e-005 8.11078326e-005 7.74338693e-005 5.65067646e-005 3.83347720e-005 
1.25000000e+000 3.42857143e+001 0.00000000e+000 8.84811258e-004 2.75659708e-004 1.43500778e-004 1.21568778e-004 8.62764520e-005 7.76505526e-005 7.42180813e-005 5.44999882e-005 3.71764317e-005 
1.25000000e+000 3.33928571e+001 0.00000000e+000 7.46164266e-004 2.52751754e-004 1.34515485e-004 1.14503029e-004 8.19945379e-005 7.39763907e-005 7.07767545e-005 5.22681774e-005 3.58494096e-005 
1.25000000e+000 3.21428571e+001 0.00000000e+000 5.51972968e-004 2.17733966e-004 1.20626107e-004 1.03574345e-004 7.53814885e-005 6.83082715e-005 6.54707765e-005 4.88420725e-005 3.38261579e-005 
1.25000000e+000 3.05357143e+001 0.00000000e+000 3.72605189e-004 1.77931935e-004 1.03795497e-004 9.01367705e-005 6.70265082e-005 6.10974390e-005 5.87023179e-005 4.44134467e-005 3.11939359e-005 
1.25000000e+000 2.85714286e+001 0.00000000e+000 2.02642368e-004 1.26608250e-004 7.98965323e-005 7.06414021e-005 5.44165990e-005 5.01028250e-005 4.83400690e-005 3.74835440e-005 2.69948499e-005 
1.25000000e+000 2.62500000e+001 0.00000000e+000 7.49546519e-005 6.90661534e-005 4.99692993e-005 4.56666784e-005 3.76101694e-005 3.53063988e-005 3.43414002e-005 2.79347306e-005 2.11127346e-005 
1.25000000e+000 2.35714286e+001 0.00000000e+000 3.24352020e-005 4.16577327e-005 3.39142318e-005 3.18899644e-005 2.78109596e-005 2.65402988e-005 2.59923078e-005 2.20073684e-005 1.73027099e-005 
1.25000000e+000 2.05357143e+001 0.00000000e+000 1.35898417e-005 2.47073816e-005 2.27326753e-005 2.20135900e-005 2.03587825e-005 1.97566169e-005 1.94836092e-005 1.71738628e-005 1.40337433e-005 
1.25000000e+000 1.71428571e+001 0.00000000e+000 5.40248770e-006 1.41567566e-005 1.47829478e-005 1.47555993e-005 1.44945974e-005 1.43085817e-005 1.42111165e-005 1.30452411e-005 1.10682242e-005 
1.25000000e+000 1.33928571e+001 0.00000000e+000 2.03236559e-006 7.80420779e-006 9.27816637e-006 9.55174450e-006 9.97767607e-006 1.00223345e-005 1.00257263e-005 9.58476034e-006 8.42880915e-006 
1.25000000e+000 9.28571429e+000 0.00000000e+000 7.42364934e-007 4.20151802e-006 5.66453627e-006 6.00929024e-006 6.66728422e-006 6.81286750e-006 6.86346348e-006 6.82537182e-006 6.19900315e-006 
1.25000000e+000 4.82142857e+000 0.00000000e+000 2.88483816e-007 2.34579492e-006 3.53146126e-006 3.85017938e-006 4.52217485e-006 4.69763661e-006 4.76466311e-006 4.91608425e-006 4.58472914e-006 
1.25000000e+000 0.00000000e+000 0.00000000e+000 1.61573575e-007 1.62401357e-006 2.62743607e-006 2.92276944e-006 3.58165048e-006 3.76505147e-006 3.83706777e-006 4.05728870e-006 3.83815394e-006 
1.50000000e+000 3.50000000e+001 0.00000000e+000 1.65489463e-003 3.66686399e-004 1.74238017e-004 1.44712336e-004 9.89387852e-005 8.81505116e-005 8.39063136e-005 6.01994412e-005 4.02000373e-005 
1.50000000e+000 3.48214286e+001 0.00000000e+000 1.77212222e-003 3.72293808e-004 1.75225594e-004 1.45276734e-004 9.90333793e-005 8.81735159e-005 8.39056260e-005 6.01189734e-005 4.01102548e-005 
1.50000000e+000 3.42857143e+001 0.00000000e+000 1.34989049e-003 3.31439678e-004 1.62022039e-004 1.35391770e-004 9.36231625e-005 8.36667598e-005 7.97360524e-005 5.75969372e-005 3.86975793e-005 
1.50000000e+000 3.33928571e+001 0.00000000e+000 1.08924590e-003 2.97844645e-004 1.49858029e-004 1.26006150e-004 8.81482276e-005 7.90203343e-005 7.54039986e-005 5.48615223e-005 3.71118294e-005 
1.50000000e+000 3.21428571e+001 0.00000000e+000 7.40257968e-004 2.47516197e-004 1.31268135e-004 1.11624159e-004 7.97356044e-005 7.18794784e-005 6.87462811e-005 5.06611528e-005 3.46834308e-005 
1.50000000e+000 3.05357143e+001 0.00000000e+000 4.49527544e-004 1.93276729e-004 1.09541654e-004 9.44980723e-005 6.93543331e-005 6.29839123e-005 6.04211197e-005 4.53040788e-005 3.15445152e-005 
1.50000000e+000 2.85714286e+001 0.00000000e+000 2.11545723e-004 1.28705709e-004 8.03993843e-005 7.08953851e-005 5.42988663e-005 4.99073146e-005 4.81159525e-005 3.71456256e-005 2.66351157e-005 
1.50000000e+000 2.62500000e+001 0.00000000e+000 6.59516540e-005 6.31709856e-005 4.62392604e-005 4.23674661e-005 3.50689780e-005 3.29679834e-005 3.20860789e-005 2.61938924e-005 1.98741530e-005 
1.50000000e+000 2.35714286e+001 0.00000000e+000 2.46882532e-005 3.47948167e-005 2.92103130e-005 2.76685631e-005 2.44894949e-005 2.34719352e-005 2.30291159e-005 1.97117526e-005 1.56746599e-005 
1.50000000e+000 2.05357143e+001 0.00000000e+000 8.88168496e-006 1.87797332e-005 1.81908321e-005 1.78370581e-005 1.69230582e-005 1.65461412e-005 1.63689879e-005 1.47023670e-005 1.22485762e-005 
1.50000000e+000 1.71428571e+001 0.00000000e+000 3.00202030e-006 9.75612968e-006 1.09759591e-005 1.11574569e-005 1.13771298e-005 1.13547446e-005 1.13293133e-005 1.06876386e-005 9.32270705e-006 
1.50000000e+000 1.33928571e+001 0.00000000e+000 9.50554991e-007 4.86204918e-006 6.39169154e-006 6.74431145e-006 7.40797612e-006 7.55090633e-006 7.59990293e-006 7.53359340e-006 6.86989727e-006 
1.50000000e+000 9.28571429e+000 0.00000000e+000 2.89749048e-007 2.37059026e-006 3.63729511e-006 3.98184669e-006 4.70744325e-006 4.89928203e-006 4.97358543e-006 5.17316752e-006 4.91182088e-006 
1.50000000e+000 4.82142857e+000 0.00000000e+000 9.37785637e-008 1.21330041e-006 2.14069492e-006 2.42393539e-006 3.07031645e-006 3.25900102e-006 3.33528225e-006 3.62589462e-006 3.55857037e-006 
1.50000000e+000 0.00000000e+000 0.00000000e+000 4.72052879e-008 8.05883886e-007 1.55249438e-006 1.79940467e-006 2.39179696e-006 2.57296875e-006 2.64741393e-006 2.95934531e-006 2.95462510e-006 
1.75000000e+000 3.50000000e+001 0.00000000e+000 2.72929419e-003 4.56873580e-004 2.01344402e-004 1.64530976e-004 1.09111853e-004 9.64162939e-005 9.14657042e-005 6.43945632e-005 4.22660920e-005 
1.75000000e+000 3.48214286e+001 0.00000000e+000 3.02469551e-003 4.67483797e-004 2.03211970e-004 1.65647210e-004 1.09406371e-004 9.65847305e-005 9.15918742e-005 6.43669698e-005 4.21960928e-005 
1.75000000e+000 3.42857143e+001 0.00000000e+000 2.13363999e-003 4.04469098e-004 1.84721823e-004 1.52112763e-004 1.02323288e-004 9.07596801e-005 8.62313458e-005 6.12239874e-005 4.04877924e-005 
1.75000000e+000 3.33928571e+001 0.00000000e+000 1.64508551e-003 3.55632768e-004 1.68390264e-004 1.39747041e-004 9.53791782e-005 8.49309679e-005 8.08219333e-005 5.78989315e-005 3.86093571e-005 
1.75000000e+000 3.21428571e+001 0.00000000e+000 1.02050760e-003 2.84148789e-004 1.43808547e-004 1.21048297e-004 8.48059620e-005 7.60430359e-005 7.25687946e-005 5.28123375e-005 3.57318673e-005 
1.75000000e+000 3.05357143e+001 0.00000000e+000 5.52226518e-004 2.11256128e-004 1.16175944e-004 9.95472100e-005 7.21044431e-005 6.52385582e-005 6.24876322e-005 4.64357433e-005 3.20517919e-005 
1.75000000e+000 2.85714286e+001 0.00000000e+000 2.21519168e-004 1.31245135e-004 8.12268339e-005 7.14525702e-005 5.44428444e-005 4.99601741e-005 4.81343313e-005 3.70065979e-005 2.64213490e-005 
1.75000000e+000 2.62500000e+001 0.00000000e+000 5.83592609e-005 5.81373081e-005 4.30780858e-005 3.95789074e-005 3.29319430e-005 3.10034844e-005 3.01919953e-005 2.47319565e-005 1.88291740e-005 
1.75000000e+000 2.35714286e+001 0.00000000e+000 1.89642146e-005 2.93245938e-005 2.53862509e-005 2.42213921e-005 2.17510401e-005 2.09342225e-005 2.05749960e-005 1.77926221e-005 1.42966489e-005 
1.75000000e+000 2.05357143e+001 0.00000000e+000 5.87645845e-006 1.44388488e-005 1.47131798e-005 1.46037948e-005 1.42008404e-005 1.39842391e-005 1.38760074e-005 1.26863276e-005 1.07611593e-005 
1.75000000e+000 1.71428571e+001 0.00000000e+000 1.69310907e-006 6.81234578e-006 8.24310388e-006 8.52864393e-006 9.01417181e-006 9.09098407e-006 9.11042601e-006 8.82025880e-006 7.89817676e-006 
1.75000000e+000 1.33928571e+001 0.00000000e+000 4.52129451e-007 3.07017853e-006 4.45059340e-006 4.80928995e-006 5.54455089e-006 5.73171046e-006 5.80300631e-006 5.95613233e-006 5.62422706e-006 
1.75000000e+000 9.28571429e+000 0.00000000e+000 1.15034319e-007 1.35270617e-006 2.35427058e-006 2.65733747e-006 3.34194007e-006 3.54086020e-006 3.62147695e-006 3.93548761e-006 3.90242276e-006 
1.75000000e+000 4.82142857e+000 0.00000000e+000 3.08415105e-008 6.30846424e-007 1.30184239e-006 1.53030653e-006 2.08879907e-006 2.26505327e-006 2.33876175e-006 2.67774136e-006 2.76457203e-006 
1.75000000e+000 0.00000000e+000 0.00000000e+000 1.37915116e-008 3.99903850e-007 9.17335251e-007 1.10780487e-006 1.59722285e-006 1.75832111e-006 1.82660361e-006 2.15851681e-006 2.27448154e-006 
2.00000000e+000 3.50000000e+001 0.00000000e+000 4.64635349e-003 5.78012602e-004 2.35001024e-004 1.88728628e-004 1.21162587e-004 1.06133811e-004 1.00326408e-004 6.92403916e-005 4.46335986e-005 
2.00000000e+000 3.48214286e+001 0.00000000e+000 5.37266147e-003 5.97228744e-004 2.38219161e-004 1.90669968e-004 1.21741808e-004 1.06506754e-004 1.00630073e-004 6.92849109e-005 4.45901364e-005 
2.00000000e+000 3.42857143e+001 0.00000000e+000 3.48266158e-003 5.00516362e-004 2.12486417e-004 1.72255703e-004 1.12527314e-004 9.90251691e-005 9.37816517e-005 6.53921829e-005 4.25369775e-005 
2.00000000e+000 3.33928571e+001 0.00000000e+000 2.56435671e-003 4.29988388e-004 1.90701118e-004 1.56066743e-004 1.03772855e-004 9.17568245e-005 8.70669284e-005 6.13739991e-005 4.03252776e-005 
2.00000000e+000 3.21428571e+001 0.00000000e+000 1.44504912e-003 3.29278730e-004 1.58480429e-004 1.31968127e-004 9.05990714e-005 8.07897057e-005 7.69241084e-005 5.52673684e-005 3.69461388e-005 
2.00000000e+000 3.05357143e+001 0.00000000e+000 6.91292705e-004 2.32240057e-004 1.23701015e-004 1.05258076e-004 7.52253668e-005 6.78083461e-005 6.48487596e-005 4.77617044e-005 3.26822874e-005 
2.00000000e+000 2.85714286e+001 0.00000000e+000 2.32599252e-004 1.34110069e-004 8.22702288e-005 7.22095547e-005 5.47597984e-005 5.01782436e-005 4.83145579e-005 3.70040667e-005 2.63118619e-005 
2.00000000e+000 2.62500000e+001 0.00000000e+000 5.18575199e-005 5.37364535e-005 4.03225218e-005 3.71530285e-005 3.10823301e-005 2.93058013e-005 2.85561631e-005 2.34728265e-005 1.79289317e-005 
2.00000000e+000 2.35714286e+001 0.00000000e+000 1.46679079e-005 2.48760979e-005 2.22086758e-005 2.13439220e-005 1.94448656e-005 1.87915186e-005 1.85005547e-005 1.61586420e-005 1.31124878e-005 
2.00000000e+000 2.05357143e+001 0.00000000e+000 3.92417550e-006 1.11966867e-005 1.19980883e-005 1.20528020e-005 1.20062948e-005 1.19056334e-005 1.18478087e-005 1.10185131e-005 9.50774949e-006 
2.00000000e+000 1.71428571e+001 0.00000000e+000 9.65603357e-007 4.80494255e-006 6.24732942e-006 6.57645136e-006 7.19781488e-006 7.33296585e-006 7.37979221e-006 7.32527721e-006 6.72595680e-006 
2.00000000e+000 1.33928571e+001 0.00000000e+000 2.17794401e-007 1.95971007e-006 3.12696718e-006 3.45839039e-006 4.17921795e-006 4.37969574e-006 4.45956298e-006 4.73398715e-006 4.62337210e-006 
2.00000000e+000 9.28571429e+000 0.00000000e+000 4.62735243e-008 7.79348701e-007 1.53473468e-006 1.78490155e-006 2.38456993e-006 2.57102831e-006 2.64880722e-006 3.00444819e-006 3.10848228e-006 
2.00000000e+000 4.82142857e+000 0.00000000e+000 1.02454742e-008 3.29622366e-007 7.94164319e-007 9.68748660e-007 1.42385294e-006 1.57703923e-006 1.64276416e-006 1.98002108e-006 2.14963942e-006 
2.00000000e+000 0.00000000e+000 0.00000000e+000 4.02934075e-009 1.98444467e-007 5.42033707e-007 6.82021141e-007 1.06661286e-006 1.20160564e-006 1.26027945e-006 1.57440074e-006 1.75090463e-006 
2.25000000e+000 3.50000000e+001 0.00000000e+000 8.13480654e-003 7.41708984e-004 2.76856169e-004 2.18281821e-004 1.35397047e-004 1.17512702e-004 1.10665920e-004 7.47927280e-005 4.73114379e-005 
2.25000000e+000 3.48214286e+001 0.00000000e+000 9.88913134e-003 7.75591754e-004 2.82132012e-004 2.21447984e-004 1.36378284e-004 1.18170527e-004 1.11215478e-004 7.49341591e-005 4.73027300e-005 
2.25000000e+000 3.42857143e+001 0.00000000e+000 5.85287798e-003 6.27587068e-004 2.46483391e-004 1.96513903e-004 1.24449783e-004 1.08608256e-004 1.02508789e-004 7.01357186e-005 4.48465868e-005 
2.25000000e+000 3.33928571e+001 0.00000000e+000 4.11503407e-003 5.26205752e-004 2.17573509e-004 1.75427832e-004 1.13466156e-004 9.95874092e-005 9.42126938e-005 6.53015919e-005 4.22541223e-005 
2.25000000e+000 3.21428571e+001 0.00000000e+000 2.09936646e-003 3.85099908e-004 1.75616736e-004 1.44575356e-004 9.71598758e-005 8.61429650e-005 8.18286004e-005 5.80176364e-005 3.83120718e-005 
2.25000000e+000 3.05357143e+001 0.00000000e+000 8.82387463e-004 2.56750482e-004 1.32175084e-004 1.11651285e-004 7.86990908e-005 7.06702618e-005 6.74800016e-005 4.92551063e-005 3.34142714e-005 
2.25000000e+000 2.85714286e+001 0.00000000e+000 2.44884062e-004 1.37244673e-004 8.34706765e-005 7.31087603e-005 5.51972268e-005 5.05113457e-005 4.86075551e-005 3.70979642e-005 2.62782308e-005 
2.25000000e+000 2.62500000e+001 0.00000000e+000 4.62307829e-005 4.98282922e-005 3.78732676e-005 3.49991415e-005 2.94464261e-005 2.78064556e-005 2.71123576e-005 2.23655931e-005 1.71390956e-005 
2.25000000e+000 2.35714286e+001 0.00000000e+000 1.14066359e-005 2.12076994e-005 1.95262156e-005 1.89028479e-005 1.74706245e-005 1.69526657e-005 1.67184506e-005 1.47461812e-005 1.20813909e-005 
2.25000000e+000 2.05357143e+001 0.00000000e+000 2.63954984e-006 8.74017518e-006 9.84673569e-006 1.00102862e-005 1.02121756e-005 1.01959839e-005 1.01753720e-005 9.62202000e-006 8.44083114e-006 
2.25000000e+000 1.71428571e+001 0.00000000e+000 5.55519751e-007 3.41597559e-006 4.76962210e-006 5.10730432e-006 5.78489526e-006 5.95208454e-006 6.01485981e-006 6.11698358e-006 5.75401132e-006 
2.25000000e+000 1.33928571e+001 0.00000000e+000 1.05952287e-007 1.26184784e-006 2.21365690e-006 2.50479378e-006 3.16954965e-006 3.36615633e-006 3.44667215e-006 3.78063516e-006 3.81503153e-006 
2.25000000e+000 9.28571429e+000 0.00000000e+000 1.88064858e-008 4.52711072e-007 1.00686032e-006 1.20588797e-006 1.70939948e-006 1.87489345e-006 1.94546514e-006 2.30126527e-006 2.48218828e-006 
2.25000000e+000 4.82142857e+000 0.00000000e+000 3.43302060e-009 1.73023601e-007 4.85906582e-007 6.14857649e-007 9.72443044e-007 1.09990884e-006 1.15579792e-006 1.46591282e-006 1.67295078e-006 
2.25000000e+000 0.00000000e+000 0.00000000e+000 1.17721836e-009 9.84742532e-008 3.20276204e-007 4.19887113e-007 7.12275848e-007 8.21156270e-007 8.69539836e-007 1.14835244e-006 1.34785324e-006 
2.50000000e+000 3.50000000e+001 0.00000000e+000 1.46001905e-002 9.64353602e-004 3.29049296e-004 2.54440239e-004 1.52203567e-004 1.30820835e-004 1.22712192e-004 8.11290548e-005 5.03178727e-005 
2.50000000e+000 3.48214286e+001 0.00000000e+000 1.87814101e-002 1.02302206e-003 3.37439389e-004 2.59412987e-004 1.53748764e-004 1.31872771e-004 1.23599982e-004 8.13995090e-005 5.03540412e-005 
2.50000000e+000 3.42857143e+001 0.00000000e+000 1.00987808e-002 7.96803397e-004 2.88216453e-004 2.25771380e-004 1.38366559e-004 1.19698574e-004 1.12573721e-004 7.55070883e-005 4.74266722e-005 
2.50000000e+000 3.33928571e+001 0.00000000e+000 6.77928597e-003 6.51507831e-004 2.50010148e-004 1.98420810e-004 1.24640949e-004 1.08546166e-004 1.02363220e-004 6.97122732e-005 4.43984807e-005 
2.50000000e+000 3.21428571e+001 0.00000000e+000 3.12441492e-003 4.54493061e-004 1.95646473e-004 1.59123021e-004 1.04561250e-004 9.21492282e-005 8.73198389e-005 6.10677120e-005 3.98231289e-005 
2.50000000e+000 3.05357143e+001 0.00000000e+000 1.14879493e-003 2.85462640e-004 1.41694244e-004 1.18777244e-004 8.25278315e-005 7.38194923e-005 7.03742500e-005 5.09016285e-005 3.42338550e-005 
2.50000000e+000 2.85714286e+001 0.00000000e+000 2.58515734e-004 1.40622817e-004 8.47950558e-005 7.41169612e-005 5.57231884e-005 5.09284357e-005 4.89827365e-005 3.72621188e-005 2.63008608e-005 
2.50000000e+000 2.62500000e+001 0.00000000e+000 4.13235986e-005 4.63196914e-005 3.56660732e-005 3.30585637e-005 2.79758712e-005 2.64601651e-005 2.58166169e-005 2.13754470e-005 1.64352127e-005 
2.50000000e+000 2.35714286e+001 0.00000000e+000 8.90977214e-006 1.81517588e-005 1.72351801e-005 1.68068740e-005 1.57589926e-005 1.53543390e-005 1.51678410e-005 1.35099101e-005 1.11733239e-005 
2.50000000e+000 2.05357143e+001 0.00000000e+000 1.78591948e-006 6.85876261e-006 8.12252315e-006 8.35602527e-006 8.72873520e-006 8.77403452e-006 8.78095391e-006 8.44064378e-006 7.52453313e-006 
2.50000000e+000 1.71428571e+001 0.00000000e+000 3.21851034e-007 2.44402165e-006 3.66331712e-006 3.98961473e-006 4.67470317e-006 4.85685390e-006 4.92802284e-006 5.13215590e-006 4.94253483e-006 
2.50000000e+000 1.33928571e+001 0.00000000e+000 5.19518103e-008 8.18319324e-007 1.57712711e-006 1.82522605e-006 2.41675806e-006 2.60045440e-006 2.67722291e-006 3.03227826e-006 3.15898281e-006 
2.50000000e+000 9.28571429e+000 0.00000000e+000 7.70649699e-009 2.64815510e-007 6.64282916e-007 8.18962664e-007 1.23063768e-006 1.37268972e-006 1.43439484e-006 1.76813987e-006 1.98674743e-006 
2.50000000e+000 4.82142857e+000 0.00000000e+000 1.15885359e-009 9.12111320e-008 2.98143807e-007 3.91221289e-007 6.65377473e-007 7.68422079e-007 8.14491563e-007 1.08660658e-006 1.30309072e-006 
2.50000000e+000 0.00000000e+000 0.00000000e+000 3.43938633e-010 4.88659891e-008 1.89244478e-007 2.58504076e-007 4.75652427e-007 5.61163938e-007 5.99946041e-007 8.37597105e-007 1.03758280e-006 
0.00000000e+000 3.50000000e+001 1.00000000e+001 2.12139657e-004 1.44020056e-004 9.16017260e-005 8.09346284e-005 6.20653682e-005 5.70247713e-005 5.49630278e-005 4.22785214e-005 3.00284379e-005 
0.00000000e+000 3.48214286e+001 1.00000000e+001 2.10993974e-004 1.43252364e-004 9.11366519e-005 8.05320278e-005 6.17718800e-005 5.67592695e-005 5.47087413e-005 4.20891463e-005 2.98959342e-005 
0.00000000e+000 3.42857143e+001 1.00000000e+001 2.07628751e-004 1.41015815e-004 8.97825982e-005 7.93597039e-005 6.09164009e-005 5.59849882e-005 5.39670040e-005 4.15359921e-005 2.95085175e-005 
0.00000000e+000 3.33928571e+001 1.00000000e+001 2.02903778e-004 1.37861322e-004 8.78795557e-005 7.77138821e-005 5.97171541e-005 5.48996249e-005 5.29272195e-005 4.07598918e-005 2.89643327e-005 
0.00000000e+000 3.21428571e+001 1.00000000e+001 1.97469471e-004 1.34188166e-004 8.56593702e-005 7.57919182e-005 5.83115857e-005 5.36256248e-005 5.17058979e-005 3.98446434e-005 2.83212196e-005 
0.00000000e+000 3.05357143e+001 1.00000000e+001 1.92394623e-004 1.30786219e-004 8.36112537e-005 7.40184620e-005 5.70098200e-005 5.24434284e-005 5.05715696e-005 3.89899240e-005 2.77194461e-005 
0.00000000e+000 2.85714286e+001 1.00000000e+001 1.87522683e-004 1.27495280e-004 8.16024307e-005 7.22675354e-005 5.57031433e-005 5.12506289e-005 4.94246271e-005 3.81161549e-005 2.71014273e-005 
0.00000000e+000 2.62500000e+001 1.00000000e+001 1.83058448e-004 1.24475767e-004 7.97311466e-005 7.06270175e-005 5.44616618e-005 5.01125343e-005 4.83283999e-005 3.72738396e-005 2.65040637e-005 
0.00000000e+000 2.35714286e+001 1.00000000e+001 1.77777743e-004 1.20948862e-004 7.75282786e-005 6.86901887e-005 5.29874318e-005 4.87595855e-005 4.70247933e-005 3.62717013e-005 2.57934762e-005 
0.00000000e+000 2.05357143e+001 1.00000000e+001 1.69906242e-004 1.15698659e-004 7.42367011e-005 6.57934655e-005 5.07850612e-005 4.67415554e-005 4.50819646e-005 3.47868119e-005 2.47422894e-005 
0.00000000e+000 1.71428571e+001 1.00000000e+001 1.58072938e-004 1.07935480e-004 6.93662375e-005 6.15102771e-005 4.75456925e-005 4.37814613e-005 4.22358776e-005 3.26299733e-005 2.32235096e-005 
0.00000000e+000 1.33928571e+001 1.00000000e+001 1.42451852e-004 9.78052107e-005 6.30317369e-005 5.59497044e-005 4.33677429e-005 3.99738941e-005 3.85793173e-005 2.98785462e-005 2.12938221e-005 
0.00000000e+000 9.28571429e+000 1.00000000e+001 1.21829055e-004 8.42391316e-005 5.45044840e-005 4.84629758e-005 3.77564617e-005 3.48669008e-005 3.36777856e-005 2.62017407e-005 1.87146532e-005 
0.00000000e+000 4.82142857e+000 1.00000000e+001 1.02036521e-004 7.12631673e-005 4.63478040e-005 4.13168118e-005 3.24509868e-005 3.00558581e-005 2.90674714e-005 2.27716461e-005 1.63164937e-005 
0.00000000e+000 0.00000000e+000 1.00000000e+001 8.96664850e-005 6.35323249e-005 4.17112817e-005 3.73317442e-005 2.96160580e-005 2.75150183e-005 2.66438411e-005 2.10078639e-005 1.50949974e-005 
2.50000000e-001 3.50000000e+001 1.00000000e+001 2.12774894e-004 1.38491786e-004 8.77549613e-005 7.75474116e-005 5.95696671e-005 5.47786717e-005 5.28195393e-005 4.07484402e-005 2.90487400e-005 
2.50000000e-001 3.48214286e+001 1.00000000e+001 2.13237397e-004 1.38150748e-004 8.74599295e-005 7.72760274e-005 5.93497684e-005 5.45742399e-005 5.26215803e-005 4.05920127e-005 2.89338968e-005 
2.50000000e-001 3.42857143e+001 1.00000000e+001 2.03939346e-004 1.33879969e-004 8.51663404e-005 7.53446033e-005 5.80179761e-005 5.33893998e-005 5.14948721e-005 3.97897825e-005 2.84006769e-005 
2.50000000e-001 3.33928571e+001 1.00000000e+001 1.95445069e-004 1.29198234e-004 8.25046534e-005 7.30734184e-005 5.64085999e-005 5.19457283e-005 5.01172092e-005 3.87880021e-005 2.77211361e-005 
2.50000000e-001 3.21428571e+001 1.00000000e+001 1.81674940e-004 1.22299219e-004 7.87183148e-005 6.98690347e-005 5.41746790e-005 4.99514639e-005 4.82180439e-005 3.74250455e-005 2.68116318e-005 
2.50000000e-001 3.05357143e+001 1.00000000e+001 1.64725702e-004 1.14089628e-004 7.43011742e-005 6.61486590e-005 5.16062078e-005 4.76656666e-005 4.60442803e-005 3.58808228e-005 2.57981424e-005 
2.50000000e-001 2.85714286e+001 1.00000000e+001 1.40006122e-004 1.02514041e-004 6.81729984e-005 6.10047179e-005 4.80822960e-005 4.45389586e-005 4.30750708e-005 3.37956489e-005 2.44557707e-005 
2.50000000e-001 2.62500000e+001 1.00000000e+001 1.07868454e-004 8.79202801e-005 6.05772169e-005 5.46574113e-005 4.37787227e-005 4.07342628e-005 3.94679466e-005 3.12919587e-005 2.28705252e-005 
2.50000000e-001 2.35714286e+001 1.00000000e+001 8.90740193e-005 7.84181563e-005 5.53740916e-005 5.02451878e-005 4.06832164e-005 3.79668611e-005 3.68315034e-005 2.94046237e-005 2.16324361e-005 
2.50000000e-001 2.05357143e+001 1.00000000e+001 7.39170090e-005 6.97592514e-005 5.03365224e-005 4.58997680e-005 3.75197446e-005 3.51069664e-005 3.40940549e-005 2.73872063e-005 2.02625779e-005 
2.50000000e-001 1.71428571e+001 1.00000000e+001 6.06910438e-005 6.10980562e-005 4.49605861e-005 4.11849808e-005 3.39733715e-005 3.18717799e-005 3.09858148e-005 2.50453662e-005 1.86305559e-005 
2.50000000e-001 1.33928571e+001 1.00000000e+001 4.89513198e-005 5.24062727e-005 3.92929674e-005 3.61568531e-005 3.01101848e-005 2.83278994e-005 2.75732424e-005 2.24391375e-005 1.67831284e-005 
2.50000000e-001 9.28571429e+000 1.00000000e+001 3.82037278e-005 4.31616492e-005 3.29183454e-005 3.04304136e-005 2.56112812e-005 2.41768896e-005 2.35665152e-005 1.93343415e-005 1.45411604e-005 
2.50000000e-001 4.82142857e+000 1.00000000e+001 2.99885730e-005 3.53932647e-005 2.73858456e-005 2.54331731e-005 2.16632298e-005 2.05319646e-005 2.00475625e-005 1.66020904e-005 1.25547653e-005 
2.50000000e-001 0.00000000e+000 1.00000000e+001 2.56856691e-005 3.11748896e-005 2.44409472e-005 2.28072008e-005 1.96519137e-005 1.86909911e-005 1.82761745e-005 1.52473396e-005 1.15726915e-005 
5.00000000e-001 3.50000000e+001 1.00000000e+001 2.63066961e-004 1.48039545e-004 9.02973769e-005 7.91743240e-005 5.99946695e-005 5.49836308e-005 5.29467945e-005 4.05689021e-005 2.87745059e-005 
5.00000000e-001 3.48214286e+001 1.00000000e+001 2.68152455e-004 1.48589949e-004 9.03249569e-005 7.91465184e-005 5.99058117e-005 5.48866957e-005 5.28475059e-005 4.04684674e-005 2.86884816e-005 
5.00000000e-001 3.42857143e+001 1.00000000e+001 2.46708429e-004 1.41546752e-004 8.69014832e-005 7.63270190e-005 5.80445754e-005 5.32515996e-005 5.13008816e-005 3.94023275e-005 2.80043562e-005 
5.00000000e-001 3.33928571e+001 1.00000000e+001 2.32937229e-004 1.35368795e-004 8.35512576e-005 7.34949471e-005 5.60726849e-005 5.14917987e-005 4.96252509e-005 3.82013901e-005 2.72047073e-005 
5.00000000e-001 3.21428571e+001 1.00000000e+001 2.07137425e-004 1.25094811e-004 7.82486899e-005 6.90663600e-005 5.30648590e-005 4.88275390e-005 4.70965320e-005 3.64251054e-005 2.60494183e-005 
5.00000000e-001 3.05357143e+001 1.00000000e+001 1.76448915e-004 1.12460329e-004 7.17373059e-005 6.36336614e-005 4.93866615e-005 4.55743797e-005 4.40112381e-005 3.42730094e-005 2.46694820e-005 
5.00000000e-001 2.85714286e+001 1.00000000e+001 1.33775181e-004 9.40219073e-005 6.21896512e-005 5.56620212e-005 4.39918066e-005 4.08080853e-005 3.94938179e-005 3.11439443e-005 2.26923557e-005 
5.00000000e-001 2.62500000e+001 1.00000000e+001 8.16292366e-005 7.00982693e-005 4.97579671e-005 4.52910396e-005 3.70058275e-005 3.46506914e-005 3.36647396e-005 2.71439276e-005 2.02016612e-005 
5.00000000e-001 2.35714286e+001 1.00000000e+001 5.63487649e-005 5.64624448e-005 4.22338659e-005 3.89150460e-005 3.25606669e-005 3.06901334e-005 2.98978701e-005 2.44823694e-005 1.84887901e-005 
5.00000000e-001 2.05357143e+001 1.00000000e+001 3.94074653e-005 4.58097676e-005 3.59596577e-005 3.35019166e-005 2.86353823e-005 2.71499778e-005 2.65133051e-005 2.20120418e-005 1.68370022e-005 
5.00000000e-001 1.71428571e+001 1.00000000e+001 2.74344484e-005 3.68845824e-005 3.02863647e-005 2.85070653e-005 2.48569773e-005 2.36994824e-005 2.31970751e-005 1.95127283e-005 1.51026695e-005 
5.00000000e-001 1.33928571e+001 1.00000000e+001 1.88701810e-005 2.93006991e-005 2.51136642e-005 2.38719067e-005 2.12246459e-005 2.03487663e-005 1.99631444e-005 1.70124237e-005 1.33153428e-005 
5.00000000e-001 9.28571429e+000 1.00000000e+001 1.27846746e-005 2.26222011e-005 2.01429281e-005 1.93223736e-005 1.75097171e-005 1.68822004e-005 1.66013156e-005 1.43364391e-005 1.13364805e-005 
5.00000000e-001 4.82142857e+000 1.00000000e+001 8.99618336e-006 1.76985362e-005 1.62445180e-005 1.57075751e-005 1.44950215e-005 1.40547407e-005 1.38536195e-005 1.21212174e-005 9.66972800e-006 
5.00000000e-001 0.00000000e+000 1.00000000e+001 7.35879679e-006 1.52979413e-005 1.43216348e-005 1.39339497e-005 1.30403230e-005 1.26969702e-005 1.25365703e-005 1.10664888e-005 8.87234008e-006 
7.50000000e-001 3.50000000e+001 1.00000000e+001 3.56663422e-004 1.66634114e-004 9.66801448e-005 8.38560062e-005 6.22748218e-005 5.67695839e-005 5.45487825e-005 4.13065761e-005 2.90045441e-005 
7.50000000e-001 3.48214286e+001 1.00000000e+001 3.73480209e-004 1.68754231e-004 9.72190049e-005 8.42055475e-005 6.23806392e-005 5.68305864e-005 5.45938120e-005 4.12859710e-005 2.89585259e-005 
7.50000000e-001 3.42857143e+001 1.00000000e+001 3.24421319e-004 1.57403346e-004 9.22674533e-005 8.02246880e-005 5.98717789e-005 5.46549960e-005 5.25470077e-005 3.99189929e-005 2.81090668e-005 
7.50000000e-001 3.33928571e+001 1.00000000e+001 3.00510097e-004 1.49237208e-004 8.81262937e-005 7.67695718e-005 5.75213743e-005 5.25703260e-005 5.05671053e-005 3.85213365e-005 2.71938086e-005 
7.50000000e-001 3.21428571e+001 1.00000000e+001 2.52475106e-004 1.34527694e-004 8.10676864e-005 7.09641322e-005 5.36899157e-005 4.92033316e-005 4.73819206e-005 3.63272855e-005 2.57961333e-005 
7.50000000e-001 3.05357143e+001 1.00000000e+001 2.00239999e-004 1.16745525e-004 7.23577852e-005 6.37735794e-005 4.89168001e-005 4.50049956e-005 4.34093941e-005 3.35946884e-005 2.40706673e-005 
7.50000000e-001 2.85714286e+001 1.00000000e+001 1.35675341e-004 9.14412389e-005 5.95743477e-005 5.31540749e-005 4.17980787e-005 3.87328971e-005 3.74717218e-005 2.95120122e-005 2.15134606e-005 
7.50000000e-001 2.62500000e+001 1.00000000e+001 6.71599771e-005 5.96613802e-005 4.29655672e-005 3.92807603e-005 3.24364670e-005 3.04805219e-005 2.96594875e-005 2.41573497e-005 1.81906707e-005 
7.50000000e-001 2.35714286e+001 1.00000000e+001 3.92596875e-005 4.33724772e-005 3.37470835e-005 3.14281586e-005 2.69164081e-005 2.55543503e-005 2.49717071e-005 2.08407845e-005 1.60615777e-005 
7.50000000e-001 2.05357143e+001 1.00000000e+001 2.32452601e-005 3.19171941e-005 2.67468399e-005 2.53444961e-005 2.24528366e-005 2.15187608e-005 2.11100691e-005 1.80135205e-005 1.41741305e-005 
7.50000000e-001 1.71428571e+001 1.00000000e+001 1.36498444e-005 2.33945621e-005 2.10667541e-005 2.02954036e-005 1.85686916e-005 1.79570492e-005 1.76814568e-005 1.54097440e-005 1.23617570e-005 
7.50000000e-001 1.33928571e+001 1.00000000e+001 7.87926433e-006 1.69799596e-005 1.64117040e-005 1.60680747e-005 1.51714842e-005 1.48018231e-005 1.46277870e-005 1.30136663e-005 1.06306426e-005 
7.50000000e-001 9.28571429e+000 1.00000000e+001 4.51115453e-006 1.21052713e-005 1.24782909e-005 1.23997906e-005 1.20613287e-005 1.18681716e-005 1.17700597e-005 1.06807793e-005 8.86717012e-006 
7.50000000e-001 4.82142857e+000 1.00000000e+001 2.75108382e-006 8.90915375e-006 9.67256874e-006 9.73263273e-006 9.72082011e-006 9.64042755e-006 9.59186952e-006 8.86215944e-006 7.45488571e-006 
7.50000000e-001 0.00000000e+000 1.00000000e+001 2.10852007e-006 7.50721604e-006 8.39222666e-006 8.51304683e-006 8.65322010e-006 8.62527818e-006 8.59957852e-006 8.03210203e-006 6.80212256e-006 
1.00000000e+000 3.50000000e+001 1.00000000e+001 5.19821060e-004 1.93798628e-004 1.06111165e-004 9.08907461e-005 6.59310043e-005 5.97227119e-005 5.72382845e-005 4.27229670e-005 2.96150902e-005 
1.00000000e+000 3.48214286e+001 1.00000000e+001 5.66119817e-004 1.98599875e-004 1.07424874e-004 9.17971991e-005 6.63102359e-005 6.00026169e-005 5.74822689e-005 4.28091759e-005 2.96211291e-005 
1.00000000e+000 3.42857143e+001 1.00000000e+001 4.54351372e-004 1.80384739e-004 1.00326108e-004 8.62345360e-005 6.29739729e-005 5.71492893e-005 5.48131655e-005 4.10846956e-005 2.85837294e-005 
1.00000000e+000 3.33928571e+001 1.00000000e+001 4.10985051e-004 1.69347217e-004 9.51750661e-005 8.20093056e-005 6.01861301e-005 5.46964133e-005 5.24911754e-005 3.94758732e-005 2.75495331e-005 
1.00000000e+000 3.21428571e+001 1.00000000e+001 3.21116029e-004 1.48398532e-004 8.59123539e-005 7.45250744e-005 5.54082326e-005 5.05355555e-005 4.85696161e-005 3.68317365e-005 2.59001121e-005 
1.00000000e+000 3.05357143e+001 1.00000000e+001 2.33555350e-004 1.24066408e-004 7.46731578e-005 6.53621447e-005 4.94659873e-005 4.53417435e-005 4.36678659e-005 3.35097023e-005 2.38328557e-005 
1.00000000e+000 2.85714286e+001 1.00000000e+001 1.40096489e-004 9.12325143e-005 5.85711044e-005 5.20683970e-005 4.06550365e-005 3.76022493e-005 3.63501811e-005 2.85142284e-005 2.07263141e-005 
1.00000000e+000 2.62500000e+001 1.00000000e+001 5.70903075e-005 5.25480947e-005 3.82567524e-005 3.50760646e-005 2.91563260e-005 2.74586060e-005 2.67448547e-005 2.19223623e-005 1.66347289e-005 
1.00000000e+000 2.35714286e+001 1.00000000e+001 2.85663818e-005 3.46234904e-005 2.78332275e-005 2.61399432e-005 2.27983955e-005 2.17669575e-005 2.13219386e-005 1.80616092e-005 1.41464227e-005 
1.00000000e+000 2.05357143e+001 1.00000000e+001 1.44299057e-005 2.31270234e-005 2.04996845e-005 1.97048772e-005 1.79922873e-005 1.74017723e-005 1.71373426e-005 1.49696122e-005 1.20703970e-005 
1.00000000e+000 1.71428571e+001 1.00000000e+001 7.17095067e-006 1.53846793e-005 1.50366631e-005 1.47873563e-005 1.41201436e-005 1.38292814e-005 1.36899139e-005 1.23177333e-005 1.02082216e-005 
1.00000000e+000 1.33928571e+001 1.00000000e+001 3.46664741e-006 1.01297848e-005 1.09335283e-005 1.10005449e-005 1.09824853e-005 1.08909423e-005 1.08365971e-005 1.00378054e-005 8.53781433e-006 
1.00000000e+000 9.28571429e+000 1.00000000e+001 1.65804046e-006 6.59822786e-006 7.81885303e-006 8.03652657e-006 8.36784999e-006 8.39707759e-006 8.39611129e-006 7.99356414e-006 6.95792357e-006 
1.00000000e+000 4.82142857e+000 1.00000000e+001 8.56187484e-007 4.51351874e-006 5.78087464e-006 6.04972740e-006 6.53371714e-006 6.62580464e-006 6.65380971e-006 6.48838029e-006 5.75288101e-006 
1.00000000e+000 0.00000000e+000 1.00000000e+001 6.04231661e-007 3.68419542e-006 4.91781117e-006 5.20120928e-006 5.74213029e-006 5.85937581e-006 5.89902943e-006 5.82978012e-006 5.21498656e-006 
1.25000000e+000 3.50000000e+001 1.00000000e+001 8.07203956e-004 2.31393932e-004 1.18601345e-004 1.00175324e-004 7.07913544e-005 6.36756658e-005 6.08518180e-005 4.46950354e-005 3.05321994e-005 
1.25000000e+000 3.48214286e+001 1.00000000e+001 9.27215074e-004 2.40744885e-004 1.21074074e-004 1.01891188e-004 7.15467324e-005 6.42522609e-005 6.13638187e-005 4.49203151e-005 3.06039357e-005 
1.25000000e+000 3.42857143e+001 1.00000000e+001 6.73164057e-004 2.11570103e-004 1.10928145e-004 9.41474147e-005 6.71349993e-005 6.05331930e-005 5.79055828e-005 4.27618057e-005 2.93481468e-005 
1.25000000e+000 3.33928571e+001 1.00000000e+001 5.93052126e-004 1.96340815e-004 1.04442935e-004 8.89316305e-005 6.38162442e-005 5.76413213e-005 5.51788098e-005 4.09142816e-005 2.81856109e-005 
1.25000000e+000 3.21428571e+001 1.00000000e+001 4.24454171e-004 1.66479035e-004 9.23302257e-005 7.93314067e-005 5.79079656e-005 5.25474720e-005 5.03976802e-005 3.77655558e-005 2.62649871e-005 
1.25000000e+000 3.05357143e+001 1.00000000e+001 2.78498528e-004 1.33564251e-004 7.80572277e-005 6.78560134e-005 5.06586789e-005 4.62562097e-005 4.44774850e-005 3.38190777e-005 2.38470288e-005 
1.25000000e+000 2.85714286e+001 1.00000000e+001 1.45800097e-004 9.21175574e-005 5.83938700e-005 5.17372473e-005 4.01151686e-005 3.70274166e-005 3.57641941e-005 2.79187064e-005 2.02051115e-005 
1.25000000e+000 2.62500000e+001 1.00000000e+001 4.93331870e-005 4.71645649e-005 3.47138863e-005 3.19081990e-005 2.66634547e-005 2.51520123e-005 2.45155109e-005 2.01856749e-005 1.53985414e-005 
1.25000000e+000 2.35714286e+001 1.00000000e+001 2.12772370e-005 2.82925071e-005 2.34510862e-005 2.21905271e-005 1.96607578e-005 1.88608627e-005 1.85126873e-005 1.58776126e-005 1.26032245e-005 
1.25000000e+000 2.05357143e+001 1.00000000e+001 9.21967764e-006 1.71977582e-005 1.60592747e-005 1.56373701e-005 1.46679979e-005 1.43014102e-005 1.41321786e-005 1.26015421e-005 1.03823120e-005 
1.25000000e+000 1.71428571e+001 1.00000000e+001 3.89134042e-006 1.03834702e-005 1.09526100e-005 1.09765188e-005 1.08990813e-005 1.07989041e-005 1.07423218e-005 9.95171126e-006 8.49769065e-006 
1.25000000e+000 1.33928571e+001 1.00000000e+001 1.57822367e-006 6.18330226e-006 7.40408049e-006 7.64247101e-006 8.04016539e-006 8.09636355e-006 8.10791753e-006 7.80189441e-006 6.89534302e-006 
1.25000000e+000 9.28571429e+000 1.00000000e+001 6.28205690e-007 3.65478178e-006 4.95060065e-006 5.25643273e-006 5.84454809e-006 5.97736231e-006 6.02421720e-006 6.00856944e-006 5.47668239e-006 
1.25000000e+000 4.82142857e+000 1.00000000e+001 2.70669665e-007 2.30065381e-006 3.46750486e-006 3.77217432e-006 4.40122249e-006 4.56284088e-006 4.62435664e-006 4.75695342e-006 4.44368762e-006 
1.25000000e+000 0.00000000e+000 1.00000000e+001 1.73174452e-007 1.80810725e-006 2.88188410e-006 3.17784085e-006 3.81043203e-006 3.98047431e-006 4.04658740e-006 4.23134776e-006 3.99819892e-006 
1.50000000e+000 3.50000000e+001 1.00000000e+001 1.32353479e-003 2.82900811e-004 1.34605141e-004 1.11933863e-004 7.68566170e-005 6.86019373e-005 6.53547912e-005 4.71701774e-005 3.17144932e-005 
1.50000000e+000 3.48214286e+001 1.00000000e+001 1.62673057e-003 2.99956261e-004 1.38804380e-004 1.14820035e-004 7.81252932e-005 6.95769812e-005 6.62243787e-005 4.75742516e-005 3.18678560e-005 
1.50000000e+000 3.42857143e+001 1.00000000e+001 1.04873954e-003 2.53308785e-004 1.24328396e-004 1.04060922e-004 7.23073582e-005 6.47442426e-005 6.17579437e-005 4.48834056e-005 3.03551360e-005 
1.50000000e+000 3.33928571e+001 1.00000000e+001 8.99596575e-004 2.31989423e-004 1.16068342e-004 9.75570267e-005 6.83313782e-005 6.13171886e-005 5.85409239e-005 4.27583077e-005 2.90497852e-005 
1.50000000e+000 3.21428571e+001 1.00000000e+001 5.82330678e-004 1.89365710e-004 1.00234960e-004 8.52572218e-005 6.10489690e-005 5.51055627e-005 5.27363165e-005 3.90308191e-005 2.68298954e-005 
1.50000000e+000 3.05357143e+001 1.00000000e+001 3.39322512e-004 1.45096777e-004 8.22572407e-005 7.10149776e-005 5.23017623e-005 4.75727868e-005 4.56702799e-005 3.44044794e-005 2.40424936e-005 
1.50000000e+000 2.85714286e+001 1.00000000e+001 1.52456662e-004 9.35931168e-005 5.86747218e-005 5.18331207e-005 3.99360643e-005 3.67914602e-005 3.55074827e-005 2.75841307e-005 1.98670375e-005 
1.50000000e+000 2.62500000e+001 1.00000000e+001 4.30566385e-005 4.28129290e-005 3.18794954e-005 2.93787216e-005 2.46743913e-005 2.33097127e-005 2.27337811e-005 1.87883021e-005 1.43909558e-005 
1.50000000e+000 2.35714286e+001 1.00000000e+001 1.60822561e-005 2.34677244e-005 2.00496954e-005 1.91092414e-005 1.71811663e-005 1.65536674e-005 1.62777620e-005 1.41152542e-005 1.13349343e-005 
1.50000000e+000 2.05357143e+001 1.00000000e+001 5.99952498e-006 1.30154967e-005 1.27834158e-005 1.26008536e-005 1.21201875e-005 1.19052587e-005 1.18011975e-005 1.07223186e-005 9.00772042e-006 
1.50000000e+000 1.71428571e+001 1.00000000e+001 2.15622318e-006 7.14041515e-006 8.10488904e-006 8.26923864e-006 8.51789292e-006 8.53135087e-006 8.52531787e-006 8.11523438e-006 7.12486452e-006 
1.50000000e+000 1.33928571e+001 1.00000000e+001 7.35237623e-007 3.84249026e-006 5.08315383e-006 5.37627586e-006 5.94485710e-006 6.07429600e-006 6.12024466e-006 6.10654494e-006 5.59787736e-006 
1.50000000e+000 9.28571429e+000 1.00000000e+001 2.43417083e-007 2.05248521e-006 3.16416012e-006 3.46686533e-006 4.10780622e-006 4.27922221e-006 4.34605649e-006 4.53529165e-006 4.32364773e-006 
1.50000000e+000 4.82142857e+000 1.00000000e+001 8.67519955e-008 1.17952404e-006 2.08718591e-006 2.35917168e-006 2.97112905e-006 3.14825427e-006 3.21981500e-006 3.49227764e-006 3.43566588e-006 
1.50000000e+000 0.00000000e+000 1.00000000e+001 4.96384903e-008 8.87408263e-007 1.68885039e-006 1.94163886e-006 2.52860663e-006 2.70410479e-006 2.77588998e-006 3.07120529e-006 3.06533587e-006 
1.75000000e+000 3.50000000e+001 1.00000000e+001 2.27113085e-003 3.53571111e-004 1.54905365e-004 1.26615617e-004 8.42367653e-005 7.45635326e-005 7.07935549e-005 5.01407995e-005 3.31423833e-005 
1.75000000e+000 3.48214286e+001 1.00000000e+001 3.02679280e-003 3.83652351e-004 1.61672408e-004 1.31190638e-004 8.62035860e-005 7.60716056e-005 7.21382509e-005 5.07733482e-005 3.33963244e-005 
1.75000000e+000 3.42857143e+001 1.00000000e+001 1.70716606e-003 3.09174897e-004 1.41047984e-004 1.16263953e-004 7.85443700e-005 6.98032395e-005 6.63806237e-005 4.74266834e-005 3.15793237e-005 
1.75000000e+000 3.33928571e+001 1.00000000e+001 1.42785415e-003 2.79061157e-004 1.30430513e-004 1.08084043e-004 7.37497257e-005 6.57184095e-005 6.25644993e-005 4.49742750e-005 3.01121061e-005 
1.75000000e+000 3.21428571e+001 1.00000000e+001 8.27999637e-004 2.18167905e-004 1.09727792e-004 9.23269211e-005 6.47843483e-005 5.81559066e-005 5.55299338e-005 4.05746645e-005 2.75569919e-005 
1.75000000e+000 3.05357143e+001 1.00000000e+001 4.22614806e-004 1.58825415e-004 8.71913124e-005 7.47433963e-005 5.42980534e-005 4.91987226e-005 4.71558456e-005 3.51955192e-005 2.43732827e-005 
1.75000000e+000 2.85714286e+001 1.00000000e+001 1.59993928e-004 9.54429999e-005 5.92328321e-005 5.21887313e-005 3.99828954e-005 3.67704949e-005 3.54609197e-005 2.74231054e-005 1.96570593e-005 
1.75000000e+000 2.62500000e+001 1.00000000e+001 3.78354512e-005 3.91494214e-005 2.95110522e-005 2.72704303e-005 2.30238353e-005 2.17820570e-005 2.12566198e-005 1.76286960e-005 1.35498778e-005 
1.75000000e+000 2.35714286e+001 1.00000000e+001 1.22803817e-005 1.96653697e-005 1.73189665e-005 1.66249469e-005 1.51629000e-005 1.46696740e-005 1.44501612e-005 1.26597708e-005 1.02735457e-005 
1.75000000e+000 2.05357143e+001 1.00000000e+001 3.95398345e-006 9.97323852e-006 1.02968485e-005 1.02715868e-005 1.01212301e-005 1.00120319e-005 9.95388792e-006 9.20439684e-006 7.87310456e-006 
1.75000000e+000 1.71428571e+001 1.00000000e+001 1.21223456e-006 4.97805650e-006 6.07184153e-006 6.30321449e-006 6.72545646e-006 6.80578889e-006 6.83041214e-006 6.67106034e-006 6.01226036e-006 
1.75000000e+000 1.33928571e+001 1.00000000e+001 3.48125615e-007 2.42138591e-006 3.52972103e-006 3.82221479e-006 4.43389817e-006 4.59424962e-006 4.65620939e-006 4.80996465e-006 4.56650759e-006 
1.75000000e+000 9.28571429e+000 1.00000000e+001 9.59043026e-008 1.16619478e-006 2.03943688e-006 2.30388270e-006 2.90394950e-006 3.07981741e-006 3.15141859e-006 3.43675489e-006 3.42315349e-006 
1.75000000e+000 4.82142857e+000 1.00000000e+001 2.81372895e-008 6.08041809e-007 1.26057647e-006 1.47977751e-006 2.00993607e-006 2.17632420e-006 2.24590963e-006 2.56723905e-006 2.65878142e-006 
1.75000000e+000 0.00000000e+000 1.00000000e+001 1.42300847e-008 4.35552450e-007 9.89727936e-007 1.18635114e-006 1.67800865e-006 1.83703498e-006 1.90423493e-006 2.22916674e-006 2.35014249e-006 
2.00000000e+000 3.50000000e+001 1.00000000e+001 4.04691668e-003 4.51029506e-004 1.80607793e-004 1.44870798e-004 9.31236665e-005 8.16864731e-005 7.72722753e-005 5.36301784e-005 3.48113684e-005 
2.00000000e+000 3.48214286e+001 1.00000000e+001 5.91410379e-003 5.03092311e-004 1.91190180e-004 1.51880579e-004 9.60386663e-005 8.39063771e-005 7.92470449e-005 5.45538176e-005 3.51886809e-005 
2.00000000e+000 3.42857143e+001 1.00000000e+001 2.88617923e-003 3.84283743e-004 1.61842927e-004 1.31198475e-004 8.59688545e-005 7.57869951e-005 7.18352007e-005 5.03978824e-005 3.30101249e-005 
2.00000000e+000 3.33928571e+001 1.00000000e+001 2.35885605e-003 3.41525846e-004 1.48105155e-004 1.20843359e-004 8.01538711e-005 7.08922670e-005 6.72852289e-005 4.75571766e-005 3.13575681e-005 
2.00000000e+000 3.21428571e+001 1.00000000e+001 1.21745095e-003 2.54476918e-004 1.21028224e-004 1.00654843e-004 6.91214336e-005 6.16912335e-005 5.87666485e-005 4.23719951e-005 2.84235436e-005 
2.00000000e+000 3.05357143e+001 1.00000000e+001 5.38279083e-004 1.75085079e-004 9.28629920e-005 7.90190686e-005 5.66024169e-005 5.10873530e-005 4.88873984e-005 3.61507190e-005 2.48095109e-005 
2.00000000e+000 2.85714286e+001 1.00000000e+001 1.68439032e-004 9.75672401e-005 5.99747664e-005 5.27149171e-005 4.01785049e-005 3.68919936e-005 3.55540769e-005 2.73807101e-005 1.95382317e-005 
2.00000000e+000 2.62500000e+001 1.00000000e+001 3.34149535e-005 3.59843506e-005 2.74712309e-005 2.54582435e-005 2.16119075e-005 2.04770450e-005 1.99954122e-005 1.66407298e-005 1.28324932e-005 
2.00000000e+000 2.35714286e+001 1.00000000e+001 9.44878594e-006 1.66010612e-005 1.50728676e-005 1.45727755e-005 1.34815106e-005 1.30960984e-005 1.29219818e-005 1.14337411e-005 9.37079907e-006 
2.00000000e+000 2.05357143e+001 1.00000000e+001 2.63045192e-006 7.71209336e-006 8.36833958e-006 8.44685684e-006 8.52254674e-006 8.48843475e-006 8.46328668e-006 7.95920366e-006 6.92493851e-006 
2.00000000e+000 1.71428571e+001 1.00000000e+001 6.88841051e-007 3.50645601e-006 4.59285923e-006 4.84967418e-006 5.35516413e-006 5.47335517e-006 5.51609423e-006 5.52194659e-006 5.10233126e-006 
2.00000000e+000 1.33928571e+001 1.00000000e+001 1.66816739e-007 1.54265650e-006 2.47424762e-006 2.74160669e-006 3.33198068e-006 3.49955859e-006 3.56691798e-006 3.81037227e-006 3.74175593e-006 
2.00000000e+000 9.28571429e+000 1.00000000e+001 3.82641818e-008 6.69164572e-007 1.32434174e-006 1.54144046e-006 2.06388989e-006 2.22751017e-006 2.29601508e-006 2.61399069e-006 2.71764036e-006 
2.00000000e+000 4.82142857e+000 1.00000000e+001 9.21948685e-009 3.15047910e-007 7.63801671e-007 9.30799727e-007 1.36248221e-006 1.50721969e-006 1.56933968e-006 1.88969217e-006 2.05945944e-006 
2.00000000e+000 0.00000000e+000 1.00000000e+001 4.07990793e-009 2.13783965e-007 5.80029993e-007 7.24880668e-007 1.11355835e-006 1.24800562e-006 1.30630249e-006 1.61800491e-006 1.80182572e-006 
2.25000000e+000 3.50000000e+001 1.00000000e+001 7.44128270e-003 5.86288284e-004 2.13195834e-004 1.67567332e-004 1.03782865e-004 9.01513441e-005 8.49433573e-005 5.76849176e-005 3.67279126e-005 
2.25000000e+000 3.48214286e+001 1.00000000e+001 1.20266517e-002 6.75368779e-004 2.29441826e-004 1.78084449e-004 1.07984629e-004 9.33210298e-005 8.77529331e-005 5.89788675e-005 3.72561773e-005 
2.25000000e+000 3.42857143e+001 1.00000000e+001 5.04087761e-003 4.85876667e-004 1.87725352e-004 1.49459173e-004 9.47607029e-005 8.28161042e-005 7.82225508e-005 5.38239604e-005 3.46473646e-005 
2.25000000e+000 3.33928571e+001 1.00000000e+001 4.03394532e-003 4.24981036e-004 1.69871185e-004 1.36289477e-004 8.76759489e-005 7.69249878e-005 7.27741189e-005 5.05217020e-005 3.27814850e-005 
2.25000000e+000 3.21428571e+001 1.00000000e+001 1.84582446e-003 3.00454915e-004 1.34451776e-004 1.10421486e-004 7.41025763e-005 6.57339422e-005 6.24622750e-005 4.44154547e-005 2.94169093e-005 
2.25000000e+000 3.05357143e+001 1.00000000e+001 7.01200966e-004 1.94350622e-004 9.93248719e-005 8.38608985e-005 5.91992363e-005 5.32185624e-005 5.08434758e-005 3.72463414e-005 2.53318536e-005 
2.25000000e+000 2.85714286e+001 1.00000000e+001 1.77871573e-004 9.99176344e-005 6.08499189e-005 5.33621262e-005 4.04774136e-005 3.71123741e-005 3.57442770e-005 2.74218391e-005 1.94854796e-005 
2.25000000e+000 2.62500000e+001 1.00000000e+001 2.96263991e-005 3.32021499e-005 2.56769502e-005 2.38659332e-005 2.03759185e-005 1.93362114e-005 1.88935217e-005 1.57804278e-005 1.22088893e-005 
2.25000000e+000 2.35714286e+001 1.00000000e+001 7.31325770e-006 1.40928614e-005 1.31926812e-005 1.28469272e-005 1.20552587e-005 1.17581096e-005 1.16212945e-005 1.03838044e-005 8.59197863e-006 
2.25000000e+000 2.05357143e+001 1.00000000e+001 1.76269558e-006 6.00529454e-006 6.84810999e-006 6.99400763e-006 7.22402805e-006 7.24367118e-006 7.24248525e-006 6.92405751e-006 6.12376971e-006 
2.25000000e+000 1.71428571e+001 1.00000000e+001 3.94661588e-007 2.48958431e-006 3.50080685e-006 3.75936084e-006 4.29382081e-006 4.43154680e-006 4.48435395e-006 4.59798504e-006 4.35192159e-006 
2.25000000e+000 1.33928571e+001 1.00000000e+001 8.06722226e-008 9.91397055e-007 1.74799779e-006 1.98123098e-006 2.52029454e-006 2.68226583e-006 2.74904015e-006 3.03401091e-006 3.07850199e-006 
2.25000000e+000 9.28571429e+000 1.00000000e+001 1.54158280e-008 3.87151319e-007 8.65655847e-007 1.03757780e-006 1.47402663e-006 1.61838253e-006 1.68013781e-006 1.99514113e-006 2.16317613e-006 
2.25000000e+000 4.82142857e+000 1.00000000e+001 3.04715964e-009 1.64013456e-007 4.64228355e-007 5.87070493e-007 9.25424393e-007 1.04570006e-006 1.09846237e-006 1.39274540e-006 1.59667637e-006 
2.25000000e+000 0.00000000e+000 1.00000000e+001 1.16989521e-009 1.04936707e-007 3.39934331e-007 4.42923010e-007 7.38988391e-007 8.47853583e-007 8.96131876e-007 1.17441257e-006 1.38144572e-006 
2.50000000e+000 3.50000000e+001 1.00000000e+001 1.40494752e-002 7.75296836e-004 2.54630188e-004 1.95834617e-004 1.16556456e-004 1.00192526e-004 9.40056966e-005 6.23713547e-005 3.89069747e-005 
2.50000000e+000 3.48214286e+001 1.00000000e+001 2.52577321e-002 9.26581290e-004 2.79274418e-004 2.11399869e-004 1.22503464e-004 1.04628764e-004 9.79206962e-005 6.41360144e-005 3.96196797e-005 
2.50000000e+000 3.42857143e+001 1.00000000e+001 9.05471900e-003 6.24215673e-004 2.20018277e-004 1.71815104e-004 1.05154839e-004 9.10510610e-005 8.56785299e-005 5.77482099e-005 3.64985817e-005 
2.50000000e+000 3.33928571e+001 1.00000000e+001 7.10395436e-003 5.37312319e-004 1.96747357e-004 1.55012985e-004 9.64931669e-005 8.39362114e-005 7.91317725e-005 5.38973341e-005 3.43866056e-005 
2.50000000e+000 3.21428571e+001 1.00000000e+001 2.87622271e-003 3.59002538e-004 1.50409935e-004 1.21867186e-004 7.97961429e-005 7.03275756e-005 6.66520908e-005 4.67096295e-005 3.05313459e-005 
2.50000000e+000 3.05357143e+001 1.00000000e+001 9.33863915e-004 2.17241320e-004 1.06663471e-004 8.93142238e-005 6.20907287e-005 5.55882955e-005 5.30179722e-005 3.84697859e-005 2.59280023e-005 
2.50000000e+000 2.85714286e+001 1.00000000e+001 1.88408416e-004 1.02471376e-004 6.18297862e-005 5.41017620e-005 4.08520155e-005 3.74047475e-005 3.60050011e-005 2.75236486e-005 1.94815861e-005 
2.50000000e+000 2.62500000e+001 1.00000000e+001 2.63501781e-005 3.07265148e-005 2.40746982e-005 2.24443990e-005 1.92749462e-005 1.83210923e-005 1.79135449e-005 1.50178799e-005 1.16578691e-005 
2.50000000e+000 2.35714286e+001 1.00000000e+001 5.68742917e-006 1.20165056e-005 1.15982835e-005 1.13759743e-005 1.08283941e-005 1.06043583e-005 1.04985916e-005 9.47234381e-006 7.91174645e-006 
2.50000000e+000 2.05357143e+001 1.00000000e+001 1.18806859e-006 4.70202904e-006 5.63473365e-006 5.82262721e-006 6.15609333e-006 6.21413482e-006 6.23037894e-006 6.05373046e-006 5.44014223e-006 
2.50000000e+000 1.71428571e+001 1.00000000e+001 2.27602713e-007 1.77875801e-006 2.68488428e-006 2.93191399e-006 3.46272594e-006 3.60829386e-006 3.66594061e-006 3.84817499e-006 3.72834475e-006 
2.50000000e+000 1.33928571e+001 1.00000000e+001 3.92968117e-008 6.41599020e-007 1.24297888e-006 1.44076095e-006 1.91711245e-006 2.06697202e-006 2.12993844e-006 2.42692183e-006 2.54229311e-006 
2.50000000e+000 9.28571429e+000 1.00000000e+001 6.25855576e-009 2.25549079e-007 5.69113891e-007 7.02183744e-007 1.05744246e-006 1.18072029e-006 1.23442487e-006 1.52777672e-006 1.72611635e-006 
2.50000000e+000 4.82142857e+000 1.00000000e+001 1.01456287e-009 8.57603493e-008 2.82980634e-007 3.71234022e-007 6.29774090e-007 7.26762509e-007 7.70151286e-007 1.02777088e-006 1.23898870e-006 
2.50000000e+000 0.00000000e+000 1.00000000e+001 3.35503496e-010 5.15106858e-008 1.99227617e-007 2.70644006e-007 4.90419918e-007 5.76010465e-007 6.14759196e-007 8.52442534e-007 1.05914965e-006 
0.00000000e+000 3.50000000e+001 2.00000000e+001 2.35174689e-004 1.58180891e-004 9.96215701e-005 8.76712227e-005 6.65073159e-005 6.08774121e-005 5.85821824e-005 4.46556454e-005 3.15491637e-005 
0.00000000e+000 3.48214286e+001 2.00000000e+001 2.33468122e-004 1.57057370e-004 9.89209857e-005 8.70568727e-005 6.60457922e-005 6.04564168e-005 5.81776675e-005 4.43499051e-005 3.13340459e-005 
0.00000000e+000 3.42857143e+001 2.00000000e+001 2.28624263e-004 1.53871815e-004 9.69351267e-005 8.53156168e-005 6.47380988e-005 5.92637012e-005 5.70316942e-005 4.34839595e-005 3.07247700e-005 
0.00000000e+000 3.33928571e+001 2.00000000e+001 2.20776247e-004 1.48696421e-004 9.37064865e-005 8.24842901e-005 6.26114533e-005 5.73240166e-005 5.51680290e-005 4.20756784e-005 2.97337155e-005 
0.00000000e+000 3.21428571e+001 2.00000000e+001 2.10703414e-004 1.42059468e-004 8.95700390e-005 7.88583582e-005 5.98911434e-005 5.48438904e-005 5.27855251e-005 4.02771434e-005 2.84687282e-005 
0.00000000e+000 3.05357143e+001 2.00000000e+001 1.98858553e-004 1.34241663e-004 8.46979624e-005 7.45884117e-005 5.66899690e-005 5.19261531e-005 4.99829647e-005 3.81627790e-005 2.69816613e-005 
0.00000000e+000 2.85714286e+001 2.00000000e+001 1.85914124e-004 1.25702690e-004 7.93786609e-005 6.99278459e-005 5.31996622e-005 4.87462463e-005 4.69291592e-005 3.58613905e-005 2.53640645e-005 
0.00000000e+000 2.62500000e+001 2.00000000e+001 1.72604564e-004 1.16922443e-004 7.39114496e-005 6.51394671e-005 4.96183209e-005 4.54850049e-005 4.37979063e-005 3.35043390e-005 2.37081830e-005 
0.00000000e+000 2.35714286e+001 2.00000000e+001 1.59187216e-004 1.08075167e-004 6.84022633e-005 6.03149148e-005 4.60123228e-005 4.22023019e-005 4.06464817e-005 3.11341174e-005 2.20439960e-005 
0.00000000e+000 2.05357143e+001 2.00000000e+001 1.46209529e-004 9.95436096e-005 6.30854004e-005 5.56571340e-005 4.25289431e-005 3.90310762e-005 3.76021003e-005 2.88453851e-005 2.04384853e-005 
0.00000000e+000 1.71428571e+001 2.00000000e+001 1.34860513e-004 9.22043848e-005 5.85253065e-005 5.16622525e-005 3.95386622e-005 3.63080005e-005 3.49877217e-005 2.68803516e-005 1.90625883e-005 
0.00000000e+000 1.33928571e+001 2.00000000e+001 1.26349847e-004 8.68060574e-005 5.51790909e-005 4.87273183e-005 3.73326310e-005 3.42967399e-005 3.30559395e-005 2.54269560e-005 1.80475076e-005 
0.00000000e+000 9.28571429e+000 2.00000000e+001 1.18763205e-004 8.20299082e-005 5.21602550e-005 4.60566781e-005 3.52861215e-005 3.24213074e-005 3.12510500e-005 2.40569906e-005 1.70884653e-005 
0.00000000e+000 4.82142857e+000 2.00000000e+001 1.13523443e-004 7.87362489e-005 5.00255771e-005 4.41474357e-005 3.37901702e-005 3.10430796e-005 2.99220126e-005 2.30394225e-005 1.63739615e-005 
0.00000000e+000 0.00000000e+000 2.00000000e+001 1.12044821e-004 7.77991093e-005 4.93787955e-005 4.35577147e-005 3.33136014e-005 3.06014965e-005 2.94953738e-005 2.27107737e-005 1.61435658e-005 
2.50000000e-001 3.50000000e+001 2.00000000e+001 2.64972078e-004 1.62891481e-004 1.00485364e-004 8.80703476e-005 6.63429811e-005 6.06257182e-005 5.83025848e-005 4.43090672e-005 3.12582683e-005 
2.50000000e-001 3.48214286e+001 2.00000000e+001 2.64650545e-004 1.62105387e-004 9.99171951e-005 8.75581058e-005 6.59390066e-005 6.02526230e-005 5.79423092e-005 4.40293778e-005 3.10570739e-005 
2.50000000e-001 3.42857143e+001 2.00000000e+001 2.50428958e-004 1.55961987e-004 9.66056125e-005 8.47535769e-005 6.39742545e-005 5.84961654e-005 5.62687648e-005 4.28260847e-005 3.02524964e-005 
2.50000000e-001 3.33928571e+001 2.00000000e+001 2.35207811e-004 1.48254660e-004 9.22052537e-005 8.09747232e-005 6.12517183e-005 5.60424970e-005 5.39230138e-005 4.11054526e-005 2.90785187e-005 
2.50000000e-001 3.21428571e+001 2.00000000e+001 2.12313230e-004 1.37126066e-004 8.59792286e-005 7.56573179e-005 5.74660039e-005 5.26431338e-005 5.06782317e-005 3.87479872e-005 2.74859752e-005 
2.50000000e-001 3.05357143e+001 2.00000000e+001 1.84462144e-004 1.23336177e-004 7.82705092e-005 6.90797502e-005 5.27968101e-005 4.84551710e-005 4.66827461e-005 3.58551506e-005 2.55399789e-005 
2.50000000e-001 2.85714286e+001 2.00000000e+001 1.48698802e-004 1.05717624e-004 6.85602104e-005 6.08329626e-005 4.70072972e-005 4.32813531e-005 4.17546029e-005 3.23238902e-005 2.31937892e-005 
2.50000000e-001 2.62500000e+001 2.00000000e+001 1.07303970e-004 8.53400295e-005 5.74663561e-005 5.14499240e-005 4.04833754e-005 3.74693492e-005 3.62260156e-005 2.83959341e-005 2.06091888e-005 
2.50000000e-001 2.35714286e+001 2.00000000e+001 8.26387466e-005 7.14889867e-005 4.94863658e-005 4.45999213e-005 3.55695097e-005 3.30500629e-005 3.20052422e-005 2.53209424e-005 1.85270812e-005 
2.50000000e-001 2.05357143e+001 2.00000000e+001 6.46449935e-005 6.04468425e-005 4.28986023e-005 3.88945703e-005 3.14007865e-005 2.92805310e-005 2.83968260e-005 2.26560820e-005 1.66968800e-005 
2.50000000e-001 1.71428571e+001 2.00000000e+001 5.14870021e-005 5.18779745e-005 3.76832438e-005 3.43547474e-005 2.80473827e-005 2.62384274e-005 2.54808352e-005 2.04862165e-005 1.51967677e-005 
2.50000000e-001 1.33928571e+001 2.00000000e+001 4.23457296e-005 4.57437024e-005 3.39243026e-005 3.10752926e-005 2.56110740e-005 2.40244706e-005 2.33572025e-005 1.89010043e-005 1.41003455e-005 
2.50000000e-001 9.28571429e+000 2.00000000e+001 3.57158093e-005 4.09866626e-005 3.08959837e-005 2.84000625e-005 2.35669624e-005 2.21515403e-005 2.15546045e-005 1.75304132e-005 1.31385733e-005 
2.50000000e-001 4.82142857e+000 2.00000000e+001 3.16159097e-005 3.79146476e-005 2.88786081e-005 2.65975399e-005 2.21553086e-005 2.08493685e-005 2.02979634e-005 1.65615627e-005 1.24518516e-005 
2.50000000e-001 0.00000000e+000 2.00000000e+001 3.03049519e-005 3.69478920e-005 2.82312661e-005 2.60144237e-005 2.16922358e-005 2.04211515e-005 1.98844015e-005 1.62422826e-005 1.22264484e-005 
5.00000000e-001 3.50000000e+001 2.00000000e+001 3.64059777e-004 1.84631607e-004 1.08125657e-004 9.37147340e-005 6.91564986e-005 6.28560906e-005 6.03161457e-005 4.53060710e-005 3.16600611e-005 
5.00000000e-001 3.48214286e+001 2.00000000e+001 3.68731446e-004 1.84666976e-004 1.07844290e-004 9.34179226e-005 6.88679508e-005 6.25777075e-005 6.00428229e-005 4.50757345e-005 3.14840533e-005 
5.00000000e-001 3.42857143e+001 2.00000000e+001 3.31652423e-004 1.73838136e-004 1.02710692e-004 8.91993357e-005 6.60833598e-005 6.01301338e-005 5.77271615e-005 4.34781732e-005 3.04593324e-005 
5.00000000e-001 3.33928571e+001 2.00000000e+001 3.01916607e-004 1.62726018e-004 9.69147885e-005 8.43221466e-005 6.27043125e-005 5.71177527e-005 5.48601968e-005 4.14294461e-005 2.90975021e-005 
5.00000000e-001 3.21428571e+001 2.00000000e+001 2.56060462e-004 1.45889581e-004 8.82967214e-005 7.71122931e-005 5.77761274e-005 5.27435346e-005 5.07050202e-005 3.84955654e-005 2.71731451e-005 
5.00000000e-001 3.05357143e+001 2.00000000e+001 2.05439503e-004 1.25564972e-004 7.76949210e-005 6.82145544e-005 5.16669038e-005 4.73168972e-005 4.55488807e-005 3.48533997e-005 2.47877771e-005 
5.00000000e-001 2.85714286e+001 2.00000000e+001 1.45696352e-004 9.95426287e-005 6.40055841e-005 5.67267598e-005 4.38037996e-005 4.03441421e-005 3.89291596e-005 3.02079225e-005 2.17763605e-005 
5.00000000e-001 2.62500000e+001 2.00000000e+001 8.29747706e-005 6.95470104e-005 4.80599229e-005 4.33425186e-005 3.46648524e-005 3.22517441e-005 3.12519591e-005 2.48507574e-005 1.83336733e-005 
5.00000000e-001 2.35714286e+001 2.00000000e+001 5.31541263e-005 5.22947856e-005 3.81895130e-005 3.49008505e-005 2.86693045e-005 2.68791794e-005 2.61291363e-005 2.11616549e-005 1.58763118e-005 
5.00000000e-001 2.05357143e+001 2.00000000e+001 3.48216213e-005 4.00245105e-005 3.07896731e-005 2.84886166e-005 2.39899061e-005 2.26521181e-005 2.20848659e-005 1.81890745e-005 1.38529498e-005 
5.00000000e-001 1.71428571e+001 2.00000000e+001 2.32320975e-005 3.12502748e-005 2.52891235e-005 2.36780521e-005 2.04126241e-005 1.94028267e-005 1.89689494e-005 1.58682168e-005 1.22532473e-005 
5.00000000e-001 1.33928571e+001 2.00000000e+001 1.60291570e-005 2.52438226e-005 2.14331452e-005 2.02874375e-005 1.78632010e-005 1.70798972e-005 1.67385416e-005 1.41959067e-005 1.10959289e-005 
5.00000000e-001 9.28571429e+000 2.00000000e+001 1.15135188e-005 2.09871282e-005 1.85611160e-005 1.77252059e-005 1.58735459e-005 1.52492880e-005 1.49736888e-005 1.28412898e-005 1.01381794e-005 
5.00000000e-001 4.82142857e+000 2.00000000e+001 8.99853669e-006 1.83898549e-005 1.67394386e-005 1.60802481e-005 1.45618918e-005 1.40332218e-005 1.37976228e-005 1.19227296e-005 9.47890088e-006 
5.00000000e-001 0.00000000e+000 2.00000000e+001 8.20042225e-006 1.75497072e-005 1.61419872e-005 1.55379818e-005 1.41256599e-005 1.36281555e-005 1.34056995e-005 1.16165043e-005 9.25998504e-006 
7.50000000e-001 3.50000000e+001 2.00000000e+001 5.55572786e-004 2.20289670e-004 1.20794636e-004 1.03205857e-004 7.41371905e-005 6.68965116e-005 6.40044025e-005 4.72997160e-005 3.25900231e-005 
7.50000000e-001 3.48214286e+001 2.00000000e+001 5.76114935e-004 2.21968952e-004 1.21013416e-004 1.03273700e-004 7.40335503e-005 6.67676506e-005 6.38675398e-005 4.71442948e-005 3.24510183e-005 
7.50000000e-001 3.42857143e+001 2.00000000e+001 4.81328993e-004 2.03239188e-004 1.13212937e-004 9.70551736e-005 7.01667066e-005 6.34255855e-005 6.07275914e-005 4.50640359e-005 3.11685778e-005 
7.50000000e-001 3.33928571e+001 2.00000000e+001 4.20659125e-004 1.86951338e-004 1.05552590e-004 9.07567619e-005 6.59911517e-005 5.97476728e-005 5.72444534e-005 4.26438072e-005 2.96021312e-005 
7.50000000e-001 3.21428571e+001 2.00000000e+001 3.29064059e-004 1.61898176e-004 9.38775896e-005 8.11972743e-005 5.97236454e-005 5.42489343e-005 5.20460687e-005 3.90737040e-005 2.73234543e-005 
7.50000000e-001 3.05357143e+001 2.00000000e+001 2.40226814e-004 1.33252135e-004 7.99393555e-005 6.96855994e-005 5.20637229e-005 4.75047209e-005 4.56614893e-005 3.46597085e-005 2.44953805e-005 
7.50000000e-001 2.85714286e+001 2.00000000e+001 1.49412453e-004 9.82171479e-005 6.22294951e-005 5.49649458e-005 4.21795687e-005 3.87886807e-005 3.74062074e-005 2.89487584e-005 2.08518984e-005 
7.50000000e-001 2.62500000e+001 2.00000000e+001 6.86591976e-005 5.99100802e-005 4.20068769e-005 3.80324067e-005 3.06899841e-005 2.86375986e-005 2.77856919e-005 2.22838310e-005 1.66138742e-005 
7.50000000e-001 2.35714286e+001 2.00000000e+001 3.70828940e-005 4.05388568e-005 3.07796714e-005 2.84115564e-005 2.38424678e-005 2.25013244e-005 2.19351215e-005 1.80790497e-005 1.38293050e-005 
7.50000000e-001 2.05357143e+001 2.00000000e+001 2.05002109e-005 2.80345102e-005 2.29963958e-005 2.16252549e-005 1.88385644e-005 1.79704030e-005 1.75962830e-005 1.48783317e-005 1.16512744e-005 
7.50000000e-001 1.71428571e+001 2.00000000e+001 1.14651441e-005 1.97839351e-005 1.75457700e-005 1.68067440e-005 1.51865156e-005 1.46373782e-005 1.43940799e-005 1.24708638e-005 9.98321382e-006 
7.50000000e-001 1.33928571e+001 2.00000000e+001 6.56708352e-006 1.44643486e-005 1.38664862e-005 1.35214545e-005 1.26480746e-005 1.23084145e-005 1.21517214e-005 1.07654275e-005 8.79134760e-006 
7.50000000e-001 9.28571429e+000 2.00000000e+001 3.92036148e-006 1.09858291e-005 1.12987240e-005 1.11889881e-005 1.07781123e-005 1.05736735e-005 1.04737171e-005 9.45398458e-006 7.85049929e-006 
7.50000000e-001 4.82142857e+000 2.00000000e+001 2.61354399e-006 8.98246920e-006 9.74207405e-006 9.75513235e-006 9.59392770e-006 9.46557216e-006 9.39800729e-006 8.59584771e-006 7.22308418e-006 
7.50000000e-001 0.00000000e+000 2.00000000e+001 2.22003156e-006 8.33710303e-006 9.23039714e-006 9.28124550e-006 9.19887785e-006 9.09522003e-006 9.03825848e-006 8.30839435e-006 7.01341219e-006 
1.00000000e+000 3.50000000e+001 2.00000000e+001 9.22259374e-004 2.72642246e-004 1.38456048e-004 1.16354947e-004 8.10282755e-005 7.25043273e-005 6.91330847e-005 5.01250536e-005 3.39556177e-005 
1.00000000e+000 3.48214286e+001 2.00000000e+001 9.92074350e-004 2.77518846e-004 1.39509035e-004 1.17010263e-004 8.12036258e-005 7.25971225e-005 6.91970692e-005 5.00755873e-005 3.38670810e-005 
1.00000000e+000 3.42857143e+001 2.00000000e+001 7.51762902e-004 2.45389040e-004 1.27748472e-004 1.07916105e-004 7.58790588e-005 6.80728846e-005 6.49763379e-005 4.73912681e-005 3.22765632e-005 
1.00000000e+000 3.33928571e+001 2.00000000e+001 6.26090011e-004 2.21109894e-004 1.17515850e-004 9.97120350e-005 7.06971359e-005 6.35687727e-005 6.07339136e-005 4.45328418e-005 3.04788494e-005 
1.00000000e+000 3.21428571e+001 2.00000000e+001 4.43035904e-004 1.83913029e-004 1.01784590e-004 8.71174884e-005 6.27926791e-005 5.67176790e-005 5.42894196e-005 4.02322772e-005 2.78085061e-005 
1.00000000e+000 3.05357143e+001 2.00000000e+001 2.88695703e-004 1.44169710e-004 8.37893845e-005 7.24997347e-005 5.33746507e-005 4.84997666e-005 4.65385483e-005 3.49871296e-005 2.45175395e-005 
1.00000000e+000 2.85714286e+001 2.00000000e+001 1.55387431e-004 9.88370447e-005 6.17694678e-005 5.43657950e-005 4.14192693e-005 3.80117205e-005 3.66262889e-005 2.82162152e-005 2.02543889e-005 
1.00000000e+000 2.62500000e+001 2.00000000e+001 5.83376383e-005 5.30760334e-005 3.76847994e-005 3.42201488e-005 2.77853013e-005 2.59776428e-005 2.52262154e-005 2.03442643e-005 1.52751646e-005 
1.00000000e+000 2.35714286e+001 2.00000000e+001 2.68050650e-005 3.24745433e-005 2.55185413e-005 2.37534824e-005 2.02842222e-005 1.92446241e-005 1.88026783e-005 1.57155329e-005 1.22103424e-005 
1.00000000e+000 2.05357143e+001 2.00000000e+001 1.25897092e-005 2.03389859e-005 1.76680300e-005 1.68503362e-005 1.51136995e-005 1.45436487e-005 1.42936470e-005 1.23612972e-005 9.91599059e-006 
1.00000000e+000 1.71428571e+001 2.00000000e+001 5.93130138e-006 1.29646129e-005 1.24909260e-005 1.22114127e-005 1.15077288e-005 1.12304791e-005 1.11018753e-005 9.92658616e-006 8.21057907e-006 
1.00000000e+000 1.33928571e+001 2.00000000e+001 2.82424394e-006 8.53424524e-006 9.15277629e-006 9.17378363e-006 9.07627083e-006 8.97860224e-006 8.92547712e-006 8.23682662e-006 7.01009234e-006 
1.00000000e+000 9.28571429e+000 2.00000000e+001 1.39015190e-006 5.86236668e-006 6.96136628e-006 7.13752298e-006 7.37408874e-006 7.38188651e-006 7.37401668e-006 6.99394891e-006 6.09975904e-006 
1.00000000e+000 4.82142857e+000 2.00000000e+001 7.73130197e-007 4.41713332e-006 5.69199233e-006 5.93786035e-006 6.33572804e-006 6.39804583e-006 6.41407722e-006 6.20630457e-006 5.50965220e-006 
1.00000000e+000 0.00000000e+000 2.00000000e+001 6.01286972e-007 3.96118797e-006 5.27862101e-006 5.54433075e-006 5.99076963e-006 6.07027831e-006 6.09394237e-006 5.94253831e-006 5.31199367e-006 
1.25000000e+000 3.50000000e+001 2.00000000e+001 1.64217374e-003 3.48100706e-004 1.61994829e-004 1.33624897e-004 8.98825777e-005 7.96812732e-005 7.56884476e-005 5.37278417e-005 3.57112297e-005 
1.25000000e+000 3.48214286e+001 2.00000000e+001 1.86154809e-003 3.59142037e-004 1.64422839e-004 1.35213656e-004 9.04707665e-005 8.00956989e-005 7.60415376e-005 5.38241620e-005 3.56893367e-005 
1.25000000e+000 3.42857143e+001 2.00000000e+001 1.25157137e-003 3.04325013e-004 1.46773810e-004 1.21973592e-004 8.31712727e-005 7.39984498e-005 7.03935008e-005 5.03768171e-005 3.37265709e-005 
1.25000000e+000 3.33928571e+001 2.00000000e+001 9.89810272e-004 2.67763757e-004 1.32975813e-004 1.11194885e-004 7.67001913e-005 6.84526631e-005 6.52001677e-005 4.69913018e-005 3.16619015e-005 
1.25000000e+000 3.21428571e+001 2.00000000e+001 6.23027416e-004 2.12555400e-004 1.11804172e-004 9.46288573e-005 6.67599300e-005 5.99447878e-005 5.72386728e-005 4.18343424e-005 2.85493737e-005 
1.25000000e+000 3.05357143e+001 2.00000000e+001 3.55479675e-004 1.57812688e-004 8.87712239e-005 7.62347793e-005 5.52959903e-005 5.00339795e-005 4.79267939e-005 3.56696119e-005 2.47620674e-005 
1.25000000e+000 2.85714286e+001 2.00000000e+001 1.62666099e-004 1.00378129e-004 6.19850194e-005 5.43822526e-005 4.11514915e-005 3.76893040e-005 3.62846832e-005 2.78147331e-005 1.98768808e-005 
1.25000000e+000 2.62500000e+001 2.00000000e+001 5.02484910e-005 4.77458955e-005 3.43411227e-005 3.12729573e-005 2.55333698e-005 2.39105502e-005 2.32347154e-005 1.88183703e-005 1.42025349e-005 
1.25000000e+000 2.35714286e+001 2.00000000e+001 1.97511016e-005 2.65241776e-005 2.15503972e-005 2.02180283e-005 1.75408224e-005 1.67195611e-005 1.63678028e-005 1.38459845e-005 1.09005168e-005 
1.25000000e+000 2.05357143e+001 2.00000000e+001 7.91408720e-006 1.50878705e-005 1.38459968e-005 1.33798443e-005 1.23259982e-005 1.19549386e-005 1.17885665e-005 1.04021414e-005 8.52479192e-006 
1.25000000e+000 1.71428571e+001 2.00000000e+001 3.15195837e-006 8.69904904e-006 9.06749199e-006 9.03507013e-006 8.85208070e-006 8.73828817e-006 8.67995815e-006 7.98897236e-006 6.80964857e-006 
1.25000000e+000 1.33928571e+001 2.00000000e+001 1.25166355e-006 5.14873966e-006 6.14234247e-006 6.31813252e-006 6.59002081e-006 6.62061240e-006 6.62423616e-006 6.35337833e-006 5.62310337e-006 
1.25000000e+000 9.28571429e+000 2.00000000e+001 5.07538499e-007 3.18017731e-006 4.33593175e-006 4.59685933e-006 5.08100148e-006 5.18670076e-006 5.22360746e-006 5.19796092e-006 4.75503125e-006 
1.25000000e+000 4.82142857e+000 2.00000000e+001 2.32449476e-007 2.18611376e-006 3.33832065e-006 3.62613956e-006 4.19370450e-006 4.33353579e-006 4.38616001e-006 4.48745725e-006 4.20686028e-006 
1.25000000e+000 0.00000000e+000 2.00000000e+001 1.62930896e-007 1.88235104e-006 3.01895918e-006 3.31225059e-006 3.90168343e-006 4.05156902e-006 4.10894399e-006 4.25050090e-006 4.02341504e-006 
1.50000000e+000 3.50000000e+001 2.00000000e+001 3.09839104e-003 4.57037541e-004 1.92994207e-004 1.55940131e-004 1.00954523e-004 8.85867022e-005 8.37986766e-005 5.81257250e-005 3.78429108e-005 
1.50000000e+000 3.48214286e+001 2.00000000e+001 3.76289881e-003 4.79878391e-004 1.97677234e-004 1.59004177e-004 1.02149228e-004 8.94640483e-005 8.45643682e-005 5.84203150e-005 3.79076887e-005 
1.50000000e+000 3.42857143e+001 2.00000000e+001 2.20239033e-003 3.86674236e-004 1.71281794e-004 1.39790790e-004 9.21718080e-005 8.12706885e-005 7.70281520e-005 5.40058260e-005 3.54928305e-005 
1.50000000e+000 3.33928571e+001 2.00000000e+001 1.65340553e-003 3.31339552e-004 1.52554349e-004 1.25537185e-004 8.40444988e-005 7.44059753e-005 7.06381859e-005 4.99810766e-005 3.31165806e-005 
1.50000000e+000 3.21428571e+001 2.00000000e+001 9.13731958e-004 2.49417151e-004 1.24069192e-004 1.03756248e-004 7.15557470e-005 6.38529483e-005 6.08150855e-005 4.38095354e-005 2.94986831e-005 
1.50000000e+000 3.05357143e+001 2.00000000e+001 4.48598764e-004 1.74307166e-004 9.47285224e-005 8.07263730e-005 5.76803896e-005 5.19706972e-005 4.96945529e-005 3.66111894e-005 2.51703577e-005 
1.50000000e+000 2.85714286e+001 2.00000000e+001 1.71019555e-004 1.02443423e-004 6.25814710e-005 5.47505671e-005 4.11782855e-005 3.76434639e-005 3.62118352e-005 2.76267937e-005 1.96498254e-005 
1.50000000e+000 2.62500000e+001 2.00000000e+001 4.36489983e-005 4.33481699e-005 3.16041449e-005 2.88665304e-005 2.37015567e-005 2.22295949e-005 2.16151599e-005 1.75737359e-005 1.33193986e-005 
1.50000000e+000 2.35714286e+001 2.00000000e+001 1.47316945e-005 2.19323532e-005 1.84254886e-005 1.74209323e-005 1.53476317e-005 1.46936153e-005 1.44110278e-005 1.23260535e-005 9.81841931e-006 
1.50000000e+000 2.05357143e+001 2.00000000e+001 5.04889860e-006 1.13577584e-005 1.10038384e-005 1.07700894e-005 1.01789272e-005 9.94608012e-006 9.83827226e-006 8.84478628e-006 7.39166596e-006 
1.50000000e+000 1.71428571e+001 2.00000000e+001 1.70360544e-006 5.93328588e-006 6.67958311e-006 6.77898444e-006 6.89249246e-006 6.87785735e-006 6.86303203e-006 6.49046630e-006 5.68986126e-006 
1.50000000e+000 1.33928571e+001 2.00000000e+001 5.65673421e-007 3.15875859e-006 4.17808358e-006 4.40599477e-006 4.83363495e-006 4.92814263e-006 4.96139225e-006 4.93651809e-006 4.53539510e-006 
1.50000000e+000 9.28571429e+000 2.00000000e+001 1.89211713e-007 1.74913473e-006 2.72692017e-006 2.98622482e-006 3.52397482e-006 3.66609842e-006 3.72153319e-006 3.88008284e-006 3.71845271e-006 
1.50000000e+000 4.82142857e+000 2.00000000e+001 7.08823142e-008 1.08852138e-006 1.96509916e-006 2.22143171e-006 2.78212971e-006 2.94112406e-006 3.00517382e-006 3.24923281e-006 3.21528456e-006 
1.50000000e+000 0.00000000e+000 2.00000000e+001 4.41695811e-008 8.94624012e-007 1.72675458e-006 1.97892071e-006 2.54122465e-006 2.70431395e-006 2.77064176e-006 3.04033513e-006 3.04748247e-006 
1.75000000e+000 3.50000000e+001 2.00000000e+001 6.13465695e-003 6.15425494e-004 2.33767252e-004 1.84665411e-004 1.14660296e-004 9.95014661e-005 9.36997708e-005 6.33878828e-005 4.03592251e-005 
1.75000000e+000 3.48214286e+001 2.00000000e+001 8.10403533e-003 6.60678369e-004 2.42133311e-004 1.90052725e-004 1.16742943e-004 1.01042594e-004 9.50520191e-005 6.39506882e-005 4.05358704e-005 
1.75000000e+000 3.42857143e+001 2.00000000e+001 4.06640312e-003 5.02436018e-004 2.02756633e-004 1.62240875e-004 1.03136319e-004 9.00568402e-005 8.50182946e-005 5.83092622e-005 3.75707530e-005 
1.75000000e+000 3.33928571e+001 2.00000000e+001 2.90147659e-003 4.18492481e-004 1.77237324e-004 1.43311024e-004 9.28832343e-005 8.15224250e-005 7.71221704e-005 5.35072326e-005 3.48289204e-005 
1.75000000e+000 3.21428571e+001 2.00000000e+001 1.39476443e-003 2.96925969e-004 1.38919487e-004 1.14678814e-004 7.71974752e-005 6.84379110e-005 6.50076531e-005 4.61277836e-005 3.06294811e-005 
1.75000000e+000 3.05357143e+001 2.00000000e+001 5.80662719e-004 1.94087291e-004 1.01652995e-004 8.59338869e-005 6.04620995e-005 5.42438449e-005 5.17762947e-005 3.77570953e-005 2.57052298e-005 
1.75000000e+000 2.85714286e+001 2.00000000e+001 1.80433292e-004 1.04864602e-004 6.34158107e-005 5.53377776e-005 4.13910392e-005 3.77739333e-005 3.63111315e-005 2.75806321e-005 1.95275303e-005 
1.75000000e+000 2.62500000e+001 2.00000000e+001 3.81398014e-005 3.95955431e-005 2.92767402e-005 2.68246758e-005 2.21553560e-005 2.08126938e-005 2.02507082e-005 1.65266789e-005 1.25741229e-005 
1.75000000e+000 2.35714286e+001 2.00000000e+001 1.10821983e-005 1.82883449e-005 1.58897688e-005 1.51409780e-005 1.35442741e-005 1.30233103e-005 1.27958521e-005 1.10612409e-005 8.90758299e-006 
1.75000000e+000 2.05357143e+001 2.00000000e+001 3.25434200e-006 8.63719536e-006 8.83392671e-006 8.75654426e-006 8.48650018e-006 8.35232140e-006 8.28668407e-006 7.58394196e-006 6.45538103e-006 
1.75000000e+000 1.71428571e+001 2.00000000e+001 9.31612361e-007 4.09428242e-006 4.97531134e-006 5.14123755e-006 5.41937198e-006 5.46454818e-006 5.47661847e-006 5.31537934e-006 4.78531572e-006 
1.75000000e+000 1.33928571e+001 2.00000000e+001 2.59126286e-007 1.96258427e-006 2.87317123e-006 3.10428880e-006 3.57633493e-006 3.69843632e-006 3.74561045e-006 3.86076990e-006 3.67658144e-006 
1.75000000e+000 9.28571429e+000 2.00000000e+001 7.16164441e-008 9.73135902e-007 1.72966758e-006 1.95492355e-006 2.45879767e-006 2.60560496e-006 2.66547996e-006 2.90828021e-006 2.91661420e-006 
1.75000000e+000 4.82142857e+000 2.00000000e+001 2.18781188e-008 5.45088867e-007 1.16083355e-006 1.36504585e-006 1.84973622e-006 2.00004417e-006 2.06286450e-006 2.35593856e-006 2.45981624e-006 
1.75000000e+000 0.00000000e+000 2.00000000e+001 1.19795466e-008 4.25250778e-007 9.87735267e-007 1.18240079e-006 1.65521986e-006 1.80513707e-006 1.86830936e-006 2.17478343e-006 2.30832358e-006 
2.00000000e+000 3.50000000e+001 2.00000000e+001 1.26530812e-002 8.47773214e-004 2.87537808e-004 2.21678027e-004 1.31574751e-004 1.12819450e-004 1.05725875e-004 6.96254369e-005 4.32859297e-005 
2.00000000e+000 3.48214286e+001 2.00000000e+001 1.84053741e-002 9.35275519e-004 3.01893720e-004 2.30711096e-004 1.34954035e-004 1.15310047e-004 1.07909947e-004 7.05500657e-005 4.36063946e-005 
2.00000000e+000 3.42857143e+001 2.00000000e+001 7.83000795e-003 6.66528607e-004 2.43249293e-004 1.90526003e-004 1.16432218e-004 1.00606606e-004 9.45746564e-005 6.33523189e-005 3.99710601e-005 
2.00000000e+000 3.33928571e+001 2.00000000e+001 5.31709192e-003 5.39004731e-004 2.08397031e-004 1.65320184e-004 1.03456171e-004 8.99618168e-005 8.47854572e-005 5.76050653e-005 3.67993944e-005 
2.00000000e+000 3.21428571e+001 2.00000000e+001 2.20978083e-003 3.58497597e-004 1.56860176e-004 1.27687652e-004 8.37580798e-005 7.37414263e-005 6.98478637e-005 4.87844821e-005 3.19283089e-005 
2.00000000e+000 3.05357143e+001 2.00000000e+001 7.71388373e-004 2.17811696e-004 1.09616030e-004 9.18823185e-005 6.36199565e-005 5.68266660e-005 5.41436680e-005 3.90772269e-005 2.63433105e-005 
2.00000000e+000 2.85714286e+001 2.00000000e+001 1.90983691e-004 1.07565615e-004 6.44148599e-005 5.60737187e-005 4.17282744e-005 3.80226624e-005 3.65260901e-005 2.76316506e-005 1.94796403e-005 
2.00000000e+000 2.62500000e+001 2.00000000e+001 3.34722302e-005 3.63247281e-005 2.72462184e-005 2.50454522e-005 2.08137605e-005 1.95851632e-005 1.90693775e-005 1.56231397e-005 1.19314189e-005 
2.00000000e+000 2.35714286e+001 2.00000000e+001 8.39033583e-006 1.53430793e-005 1.37888656e-005 1.32426211e-005 1.20294247e-005 1.16168457e-005 1.14344316e-005 9.98824941e-006 8.12827413e-006 
2.00000000e+000 2.05357143e+001 2.00000000e+001 2.11376753e-006 6.61720532e-006 7.14527084e-006 7.17299833e-006 7.12776771e-006 7.06513880e-006 7.03039639e-006 6.54709861e-006 5.67176630e-006 
2.00000000e+000 1.71428571e+001 2.00000000e+001 5.13864497e-007 2.84958783e-006 3.73735550e-006 3.93179607e-006 4.29469246e-006 4.37492618e-006 4.40330905e-006 4.38254009e-006 4.04754703e-006 
2.00000000e+000 1.33928571e+001 2.00000000e+001 1.19880001e-007 1.23122849e-006 1.99331179e-006 2.20569659e-006 2.66575607e-006 2.79518443e-006 2.84726570e-006 3.03703199e-006 2.99413620e-006 
2.00000000e+000 9.28571429e+000 2.00000000e+001 2.74142425e-008 5.46557653e-007 1.10531520e-006 1.28855167e-006 1.72499102e-006 1.86126410e-006 1.91844149e-006 2.18829763e-006 2.29425114e-006 
2.00000000e+000 4.82142857e+000 2.00000000e+001 6.82273252e-009 2.74405465e-007 6.88044859e-007 8.41270773e-007 1.23244529e-006 1.36269526e-006 1.41862406e-006 1.71055929e-006 1.88365709e-006 
2.00000000e+000 0.00000000e+000 2.00000000e+001 3.25052652e-009 2.02168821e-007 5.65050181e-007 7.06532430e-007 1.07817658e-006 1.20498725e-006 1.25989816e-006 1.55569256e-006 1.74848231e-006 
2.25000000e+000 3.50000000e+001 2.00000000e+001 2.70321986e-002 1.19190679e-003 3.58750817e-004 2.69510360e-004 1.52451250e-004 1.29055945e-004 1.20314413e-004 7.69884036e-005 4.66631121e-005 
2.25000000e+000 3.48214286e+001 2.00000000e+001 4.36657622e-002 1.35850342e-003 3.82805654e-004 2.84243438e-004 1.57719353e-004 1.32901700e-004 1.23675671e-004 7.84002312e-005 4.71680590e-005 
2.25000000e+000 3.42857143e+001 2.00000000e+001 1.56433809e-002 9.01292475e-004 2.95537405e-004 2.26246809e-004 1.32542992e-004 1.13250884e-004 1.05977955e-004 6.92291603e-005 4.27163725e-005 
2.25000000e+000 3.33928571e+001 2.00000000e+001 1.01150012e-002 7.07258838e-004 2.47879794e-004 1.92633821e-004 1.16085923e-004 9.99436375e-005 9.38135345e-005 6.23335342e-005 3.90391304e-005 
2.25000000e+000 3.21428571e+001 2.00000000e+001 3.62136228e-003 4.38862426e-004 1.78564349e-004 1.43176807e-004 9.13524224e-005 7.98383998e-005 7.53973648e-005 5.17922015e-005 3.33908924e-005 
2.25000000e+000 3.05357143e+001 2.00000000e+001 1.05180240e-003 2.46364624e-004 1.18741826e-004 9.86372349e-005 6.71589000e-005 5.97155046e-005 5.67902422e-005 4.05566133e-005 2.70702366e-005 
2.25000000e+000 2.85714286e+001 2.00000000e+001 2.02802264e-004 1.10511915e-004 6.55393971e-005 5.69197381e-005 4.21540685e-005 3.83550808e-005 3.68227946e-005 2.77516132e-005 1.94857464e-005 
2.25000000e+000 2.62500000e+001 2.00000000e+001 2.94766151e-005 3.34330293e-005 2.54432542e-005 2.34660053e-005 1.96258191e-005 1.84995512e-005 1.80252103e-005 1.48273473e-005 1.13668052e-005 
2.25000000e+000 2.35714286e+001 2.00000000e+001 6.38424320e-006 1.29322385e-005 1.20223720e-005 1.16376340e-005 1.07362473e-005 1.04132083e-005 1.02681650e-005 9.06362119e-006 7.45209376e-006 
2.25000000e+000 2.05357143e+001 2.00000000e+001 1.38115489e-006 5.09839405e-006 5.81259793e-006 5.90972234e-006 6.02115992e-006 6.01068933e-006 5.99875762e-006 5.68322447e-006 5.00850586e-006 
2.25000000e+000 1.71428571e+001 2.00000000e+001 2.85341305e-007 1.99627499e-006 2.82593070e-006 3.02660123e-006 3.42506499e-006 3.52444943e-006 3.56225496e-006 3.63404479e-006 3.44051887e-006 
2.25000000e+000 1.33928571e+001 2.00000000e+001 5.58816000e-008 7.78235469e-007 1.39280938e-006 1.57812740e-006 1.99956602e-006 2.12533066e-006 2.17724506e-006 2.40135615e-006 2.44857784e-006 
2.25000000e+000 9.28571429e+000 2.00000000e+001 1.05849955e-008 3.09379766e-007 7.10918731e-007 8.54449063e-007 1.21618941e-006 1.33570708e-006 1.38695689e-006 1.65249062e-006 1.80960720e-006 
2.25000000e+000 4.82142857e+000 2.00000000e+001 2.14633052e-009 1.38816635e-007 4.09123356e-007 5.19929614e-007 8.22852027e-007 9.30179939e-007 9.77321843e-007 1.24362920e-006 1.44381155e-006 
2.25000000e+000 0.00000000e+000 2.00000000e+001 8.82393211e-010 9.61274856e-008 3.23273373e-007 4.22211946e-007 7.02337161e-007 8.04403386e-007 8.49650504e-007 1.11287074e-006 1.32444788e-006 
2.50000000e+000 3.50000000e+001 2.00000000e+001 5.95374413e-002 1.70666307e-003 4.53533805e-004 3.31564889e-004 1.78259271e-004 1.48868243e-004 1.38021718e-004 8.56669332e-005 5.05439468e-005 
2.50000000e+000 3.48214286e+001 2.00000000e+001 1.07301031e-001 2.02042809e-003 4.93225678e-004 3.55176517e-004 1.86271892e-004 1.54643912e-004 1.43045436e-004 8.77337593e-005 5.12851826e-005 
2.50000000e+000 3.42857143e+001 2.00000000e+001 3.22819585e-002 1.24042348e-003 3.63369833e-004 2.71515494e-004 1.52085683e-004 1.28410146e-004 1.19584665e-004 7.60615842e-005 4.58393795e-005 
2.50000000e+000 3.33928571e+001 2.00000000e+001 1.98621137e-002 9.44517295e-004 2.98149323e-004 2.26651178e-004 1.31185442e-004 1.11749274e-004 1.04444786e-004 6.77725195e-005 4.15677214e-005 
2.50000000e+000 3.21428571e+001 2.00000000e+001 6.11491901e-003 5.44567460e-004 2.04900408e-004 1.61651733e-004 1.00132764e-004 8.68316251e-005 8.17425781e-005 5.51761634e-005 3.50194739e-005 
2.50000000e+000 3.05357143e+001 2.00000000e+001 1.47110826e-003 2.80896099e-004 1.29198527e-004 1.06294620e-004 7.11007572e-005 6.29213701e-005 5.97234369e-005 4.21898877e-005 2.78776175e-005 
2.50000000e+000 2.85714286e+001 2.00000000e+001 2.16065838e-004 1.13689787e-004 6.67677117e-005 5.78537787e-005 4.26467793e-005 3.87500185e-005 3.71803285e-005 2.79222938e-005 1.95319523e-005 
2.50000000e+000 2.62500000e+001 2.00000000e+001 2.60299574e-005 3.08505876e-005 2.38222506e-005 2.20451694e-005 1.85580395e-005 1.75245045e-005 1.70877565e-005 1.41150184e-005 1.08630215e-005 
2.50000000e+000 2.35714286e+001 2.00000000e+001 4.87752402e-006 1.09405729e-005 1.05210233e-005 1.02653562e-005 9.61874489e-006 9.37026795e-006 9.25651043e-006 8.25673736e-006 6.85840282e-006 
2.50000000e+000 2.05357143e+001 2.00000000e+001 9.06803710e-007 3.94579711e-006 4.74981400e-006 4.89102719e-006 5.10970926e-006 5.13710614e-006 5.14200520e-006 4.95559591e-006 4.44160515e-006 
2.50000000e+000 1.71428571e+001 2.00000000e+001 1.59298138e-007 1.40568140e-006 2.14791512e-006 2.34197765e-006 2.74565127e-006 2.85383749e-006 2.89651539e-006 3.02789280e-006 2.93713126e-006 
2.50000000e+000 1.33928571e+001 2.00000000e+001 2.62062419e-008 4.94843591e-007 9.78901421e-007 1.13559679e-006 1.50789582e-006 1.62439202e-006 1.67340541e-006 1.90735795e-006 2.01001264e-006 
2.50000000e+000 9.28571429e+000 2.00000000e+001 4.11492802e-009 1.76260713e-007 4.59821140e-007 5.69591500e-007 8.61300651e-007 9.62577539e-007 1.00681012e-006 1.25205509e-006 1.43101707e-006 
2.50000000e+000 4.82142857e+000 2.00000000e+001 6.80206140e-010 7.05415211e-008 2.44011473e-007 3.22194157e-007 5.50479955e-007 6.36090901e-007 6.74463664e-007 9.05334602e-007 1.10769908e-006 
2.50000000e+000 0.00000000e+000 2.00000000e+001 2.39642857e-010 4.57135728e-008 1.84964868e-007 2.52324787e-007 4.57533531e-007 5.37012599e-007 5.73011580e-007 7.96120583e-007 1.00326942e-006 
END