TITLE="2RS_E_WD140.dat"
VARIABLES= "Density" "Radius" "Height" "0.1053" "0.356" "0.6617" "0.7889" "1.1732" "1.3325" "1.408" "2" "3" 
ZONE T="3D Data" I=11 J=15 K=3 F=POINT
0.00000000e+000 3.50000000e+001 0.00000000e+000 2.46722811e-004 1.66557789e-004 1.06282026e-004 9.40313937e-005 7.23236737e-005 6.65035745e-005 6.41192851e-005 4.93948583e-005 3.51115622e-005 
0.00000000e+000 3.48214286e+001 0.00000000e+000 2.45885722e-004 1.66005842e-004 1.05944152e-004 9.37376266e-005 7.21073479e-005 6.63071993e-005 6.39309202e-005 4.92533260e-005 3.50122375e-005 
0.00000000e+000 3.42857143e+001 0.00000000e+000 2.42932075e-004 1.64032501e-004 1.04723600e-004 9.26737068e-005 7.13196264e-005 6.55910408e-005 6.32435566e-005 4.87352246e-005 3.46473763e-005 
0.00000000e+000 3.33928571e+001 0.00000000e+000 2.38415795e-004 1.61038182e-004 1.02889066e-004 9.10799632e-005 7.01468196e-005 6.45260637e-005 6.22218072e-005 4.79659554e-005 3.41054911e-005 
0.00000000e+000 3.21428571e+001 0.00000000e+000 2.33478586e-004 1.57746212e-004 1.00921531e-004 8.93850386e-005 6.89163018e-005 6.34110790e-005 6.11527440e-005 4.71617824e-005 3.35386747e-005 
0.00000000e+000 3.05357143e+001 0.00000000e+000 2.29690916e-004 1.55262044e-004 9.95166799e-005 8.81879499e-005 6.80512187e-005 6.26241591e-005 6.03965398e-005 4.65831206e-005 3.31263106e-005 
0.00000000e+000 2.85714286e+001 0.00000000e+000 2.29268070e-004 1.54866213e-004 9.92781426e-005 8.79681473e-005 6.78443331e-005 6.24182531e-005 6.01912071e-005 4.63940793e-005 3.29824510e-005 
0.00000000e+000 2.62500000e+001 0.00000000e+000 2.31392647e-004 1.56292592e-004 1.00074565e-004 8.86185909e-005 6.82305794e-005 6.27389996e-005 6.04866481e-005 4.65672942e-005 3.30960443e-005 
0.00000000e+000 2.35714286e+001 0.00000000e+000 2.33198831e-004 1.57668840e-004 1.00821345e-004 8.92161789e-005 6.85641824e-005 6.30097915e-005 6.07336081e-005 4.67045474e-005 3.31875372e-005 
0.00000000e+000 2.05357143e+001 0.00000000e+000 2.32432553e-004 1.57274785e-004 1.00459417e-004 8.88458299e-005 6.81861808e-005 6.26377456e-005 6.03656205e-005 4.63890467e-005 3.29628195e-005 
0.00000000e+000 1.71428571e+001 0.00000000e+000 2.25063206e-004 1.52376708e-004 9.73232294e-005 8.60700150e-005 6.60626899e-005 6.06930070e-005 5.84944298e-005 4.49688650e-005 3.19664572e-005 
0.00000000e+000 1.33928571e+001 0.00000000e+000 2.04421928e-004 1.38762148e-004 8.89280216e-005 7.87533668e-005 6.06693863e-005 5.58077538e-005 5.38146975e-005 4.14919367e-005 2.95386624e-005 
0.00000000e+000 9.28571429e+000 0.00000000e+000 1.71395786e-004 1.16926430e-004 7.55776139e-005 6.71775891e-005 5.22594145e-005 4.82251419e-005 4.65647419e-005 3.61547552e-005 2.58210504e-005 
0.00000000e+000 4.82142857e+000 0.00000000e+000 1.34690908e-004 9.22622144e-005 6.07826676e-005 5.44775420e-005 4.32369696e-005 4.01369860e-005 3.88481918e-005 3.05239852e-005 2.18960470e-005 
0.00000000e+000 0.00000000e+000 0.00000000e+000 1.20262705e-004 8.18488351e-005 5.47533584e-005 4.93544678e-005 3.96506576e-005 3.69281715e-005 3.57880489e-005 2.82844792e-005 2.03128490e-005 
2.50000000e-001 3.50000000e+001 0.00000000e+000 2.56607102e-004 1.63513787e-004 1.03501171e-004 9.14929943e-005 7.03423748e-005 6.46946736e-005 6.23830077e-005 4.81149979e-005 3.42677667e-005 
2.50000000e-001 3.48214286e+001 0.00000000e+000 2.55261191e-004 1.62717633e-004 1.03057256e-004 9.11174709e-005 7.00813681e-005 6.44615525e-005 6.21608538e-005 4.79535783e-005 3.41567631e-005 
2.50000000e-001 3.42857143e+001 0.00000000e+000 2.47278453e-004 1.58975088e-004 1.00971455e-004 8.93402143e-005 6.88251264e-005 6.33361593e-005 6.10876979e-005 4.71790241e-005 3.36398098e-005 
2.50000000e-001 3.33928571e+001 0.00000000e+000 2.36817482e-004 1.53666743e-004 9.79878144e-005 8.67983577e-005 6.70299375e-005 6.17276583e-005 5.95535645e-005 4.60685689e-005 3.28940839e-005 
2.50000000e-001 3.21428571e+001 0.00000000e+000 2.20777517e-004 1.46131408e-004 9.39532578e-005 8.34084225e-005 6.47018303e-005 5.96579679e-005 5.75859548e-005 4.46711066e-005 3.19745108e-005 
2.50000000e-001 3.05357143e+001 0.00000000e+000 2.01589132e-004 1.37540427e-004 8.95399522e-005 7.97384192e-005 6.22285110e-005 5.74705786e-005 5.55110469e-005 4.32193564e-005 3.10414584e-005 
2.50000000e-001 2.85714286e+001 0.00000000e+000 1.77112985e-004 1.27214337e-004 8.43631857e-005 7.54509631e-005 5.93655265e-005 5.49491749e-005 5.31244425e-005 4.15827874e-005 3.00330277e-005 
2.50000000e-001 2.62500000e+001 0.00000000e+000 1.45889978e-004 1.14786072e-004 7.83093863e-005 7.04706882e-005 5.60940724e-005 5.20867767e-005 5.04235071e-005 3.97767514e-005 2.89699596e-005 
2.50000000e-001 2.35714286e+001 0.00000000e+000 1.25197912e-004 1.06318902e-004 7.41563980e-005 6.70433913e-005 5.38227335e-005 5.00936698e-005 4.85405829e-005 3.85104710e-005 2.82257578e-005 
2.50000000e-001 2.05357143e+001 0.00000000e+000 1.07255234e-004 9.80307711e-005 6.98290967e-005 6.34120172e-005 5.13303817e-005 4.78829491e-005 4.64422481e-005 3.70519749e-005 2.73178824e-005 
2.50000000e-001 1.71428571e+001 0.00000000e+000 9.01802194e-005 8.84017104e-005 6.42695973e-005 5.86306863e-005 4.78853193e-005 4.47825433e-005 4.34808697e-005 3.49016614e-005 2.58812435e-005 
2.50000000e-001 1.33928571e+001 0.00000000e+000 7.24776555e-005 7.57047396e-005 5.62048057e-005 5.15462582e-005 4.25746812e-005 3.99490246e-005 3.88417418e-005 3.14221106e-005 2.34431144e-005 
2.50000000e-001 9.28571429e+000 0.00000000e+000 5.49925887e-005 6.07056556e-005 4.61106686e-005 4.25803944e-005 3.57315685e-005 3.36915317e-005 3.28239341e-005 2.68461213e-005 2.01672762e-005 
2.50000000e-001 4.82142857e+000 0.00000000e+000 4.03747884e-005 4.63414007e-005 3.62235783e-005 3.38008580e-005 2.90555190e-005 2.75907359e-005 2.69572242e-005 2.23700373e-005 1.69207389e-005 
2.50000000e-001 0.00000000e+000 0.00000000e+000 3.51353026e-005 4.06153104e-005 3.23522562e-005 3.03848397e-005 2.64781765e-005 2.52358574e-005 2.46920479e-005 2.06302706e-005 1.56368146e-005 
5.00000000e-001 3.50000000e+001 0.00000000e+000 3.22876695e-004 1.77749021e-004 1.08081228e-004 9.47375533e-005 7.17343983e-005 6.57171654e-005 6.32699450e-005 4.83954790e-005 3.42395943e-005 
5.00000000e-001 3.48214286e+001 0.00000000e+000 3.21664266e-004 1.76850237e-004 1.07599437e-004 9.43360723e-005 7.14639031e-005 6.54773770e-005 6.30420532e-005 4.82312534e-005 3.41257370e-005 
5.00000000e-001 3.42857143e+001 0.00000000e+000 3.04284682e-004 1.70837066e-004 1.04513143e-004 9.17512613e-005 6.96969547e-005 6.39102659e-005 6.15541350e-005 4.71869876e-005 3.34519677e-005 
5.00000000e-001 3.33928571e+001 0.00000000e+000 2.86001557e-004 1.63206971e-004 1.00440686e-004 8.83190561e-005 6.73243536e-005 6.17985660e-005 5.95459621e-005 4.57615395e-005 3.25178443e-005 
5.00000000e-001 3.21428571e+001 0.00000000e+000 2.54566994e-004 1.51234312e-004 9.43846619e-005 8.32913104e-005 6.39552899e-005 5.88269614e-005 5.67307033e-005 4.38076988e-005 3.12679937e-005 
5.00000000e-001 3.05357143e+001 0.00000000e+000 2.17689757e-004 1.36926467e-004 8.72575269e-005 7.74013752e-005 6.00445928e-005 5.53877558e-005 5.34767963e-005 4.15725878e-005 2.98643810e-005 
5.00000000e-001 2.85714286e+001 0.00000000e+000 1.71311353e-004 1.18270197e-004 7.79301842e-005 6.96824427e-005 5.49151551e-005 5.08820132e-005 4.92172738e-005 3.86769893e-005 2.80922988e-005 
5.00000000e-001 2.62500000e+001 0.00000000e+000 1.15766050e-004 9.46650640e-005 6.60926212e-005 5.98923368e-005 4.84431533e-005 4.52145871e-005 4.38680782e-005 3.50908648e-005 2.59524492e-005 
5.00000000e-001 2.35714286e+001 0.00000000e+000 8.35313708e-005 7.93335111e-005 5.81635799e-005 5.32903392e-005 4.40217231e-005 4.13290195e-005 4.01953762e-005 3.26093035e-005 2.44639368e-005 
5.00000000e-001 2.05357143e+001 0.00000000e+000 5.99408430e-005 6.63598023e-005 5.10782430e-005 4.73098308e-005 3.99009279e-005 3.76759837e-005 3.67294623e-005 3.02081909e-005 2.29700565e-005 
5.00000000e-001 1.71428571e+001 0.00000000e+000 4.21613290e-005 5.45355856e-005 4.40444748e-005 4.12394298e-005 3.55166177e-005 3.37321100e-005 3.29637782e-005 2.74860231e-005 2.11696177e-005 
5.00000000e-001 1.33928571e+001 0.00000000e+000 2.86649697e-005 4.30123612e-005 3.63855008e-005 3.44426049e-005 3.03194616e-005 2.89762712e-005 2.83893110e-005 2.40173613e-005 1.87257370e-005 
5.00000000e-001 9.28571429e+000 0.00000000e+000 1.87733957e-005 3.22055275e-005 2.84881445e-005 2.72818331e-005 2.46176661e-005 2.36987336e-005 2.32884709e-005 2.00290153e-005 1.58033363e-005 
5.00000000e-001 4.82142857e+000 0.00000000e+000 1.23510319e-005 2.34333897e-005 2.16706596e-005 2.10408102e-005 1.95702896e-005 1.90050270e-005 1.87423011e-005 1.64174054e-005 1.30886454e-005 
5.00000000e-001 0.00000000e+000 0.00000000e+000 1.02649630e-005 2.01542836e-005 1.91160677e-005 1.87062862e-005 1.76817749e-005 1.72456043e-005 1.70363395e-005 1.50474090e-005 1.20372083e-005 
7.50000000e-001 3.50000000e+001 0.00000000e+000 4.34928552e-004 2.02092277e-004 1.17030229e-004 1.01469541e-004 7.52552702e-005 6.85556394e-005 6.58513753e-005 4.97313690e-005 3.47925850e-005 
7.50000000e-001 3.48214286e+001 0.00000000e+000 4.35845725e-004 2.01244761e-004 1.16572354e-004 1.01092019e-004 7.50065059e-005 6.83358519e-005 6.56426115e-005 4.95794399e-005 3.46836217e-005 
7.50000000e-001 3.42857143e+001 0.00000000e+000 3.98383715e-004 1.91836942e-004 1.12170702e-004 9.74772058e-005 7.26256071e-005 6.62464161e-005 6.36675658e-005 4.82304583e-005 3.38389987e-005 
7.50000000e-001 3.33928571e+001 0.00000000e+000 3.67400060e-004 1.81313180e-004 1.06875168e-004 9.30684499e-005 6.96473649e-005 6.36131093e-005 6.11703430e-005 4.64882842e-005 3.27194022e-005 
7.50000000e-001 3.21428571e+001 0.00000000e+000 3.09546995e-004 1.63694749e-004 9.85125250e-005 8.62181644e-005 6.51734299e-005 5.96961397e-005 5.74710745e-005 4.39697523e-005 3.11416133e-005 
7.50000000e-001 3.05357143e+001 0.00000000e+000 2.46366489e-004 1.42814149e-004 8.85317744e-005 7.80392030e-005 5.98319344e-005 5.50218384e-005 5.30579748e-005 4.09780700e-005 2.92892209e-005 
7.50000000e-001 2.85714286e+001 0.00000000e+000 1.74075777e-004 1.15841587e-004 7.52596956e-005 6.70895371e-005 5.25999536e-005 4.86808914e-005 4.70682000e-005 3.69242333e-005 2.68146527e-005 
7.50000000e-001 2.62500000e+001 0.00000000e+000 9.83742907e-005 8.27602979e-005 5.84065545e-005 5.30990874e-005 4.32878177e-005 4.05116291e-005 3.93518402e-005 3.17254328e-005 2.36852269e-005 
7.50000000e-001 2.35714286e+001 0.00000000e+000 6.04666862e-005 6.27895958e-005 4.76510602e-005 4.40621659e-005 3.71352775e-005 3.50811590e-005 3.42096499e-005 2.82123275e-005 2.15444081e-005 
7.50000000e-001 2.05357143e+001 0.00000000e+000 3.66223301e-005 4.74578811e-005 3.88182584e-005 3.65212530e-005 3.18335124e-005 3.03570720e-005 2.97183127e-005 2.50649322e-005 1.95628621e-005 
7.50000000e-001 1.71428571e+001 0.00000000e+000 2.15302248e-005 3.52368137e-005 3.11155095e-005 2.97939531e-005 2.68725751e-005 2.58715062e-005 2.54267775e-005 2.19315964e-005 1.74790478e-005 
7.50000000e-001 1.33928571e+001 0.00000000e+000 1.22237084e-005 2.52813622e-005 2.40599351e-005 2.34434213e-005 2.18846019e-005 2.12740986e-005 2.09918591e-005 1.85173782e-005 1.50494397e-005 
7.50000000e-001 9.28571429e+000 0.00000000e+000 6.74153318e-006 1.74259904e-005 1.78095730e-005 1.76588454e-005 1.70846612e-005 1.67790817e-005 1.66264254e-005 1.50118475e-005 1.24234613e-005 
7.50000000e-001 4.82142857e+000 0.00000000e+000 3.85083861e-006 1.19273194e-005 1.30134383e-005 1.31401031e-005 1.32113918e-005 1.31174697e-005 1.30558318e-005 1.20656052e-005 1.01341854e-005 
7.50000000e-001 0.00000000e+000 0.00000000e+000 2.99896946e-006 1.00010423e-005 1.12951687e-005 1.15164427e-005 1.18076574e-005 1.17852517e-005 1.17542669e-005 1.09753553e-005 9.26623505e-006 
1.00000000e+000 3.50000000e+001 0.00000000e+000 6.14427592e-004 2.35638946e-004 1.29376196e-004 1.10843907e-004 8.03398600e-005 7.27236917e-005 6.96727234e-005 5.18441202e-005 3.57824604e-005 
1.00000000e+000 3.48214286e+001 0.00000000e+000 6.24213097e-004 2.35144620e-004 1.29028997e-004 1.10555629e-004 8.01490806e-005 7.25539915e-005 6.95108196e-005 5.17203145e-005 3.56860655e-005 
1.00000000e+000 3.42857143e+001 0.00000000e+000 5.43552452e-004 2.20502743e-004 1.22822354e-004 1.05567460e-004 7.69962319e-005 6.98189418e-005 6.69379530e-005 5.00127679e-005 3.46485550e-005 
1.00000000e+000 3.33928571e+001 0.00000000e+000 4.92429169e-004 2.06162219e-004 1.16050083e-004 1.00006708e-004 7.33371253e-005 6.66073997e-005 6.39017386e-005 4.79331016e-005 3.33374670e-005 
1.00000000e+000 3.21428571e+001 0.00000000e+000 3.88187785e-004 1.80923808e-004 1.04870613e-004 9.09859361e-005 6.76127968e-005 6.16360613e-005 5.92224753e-005 4.48098399e-005 3.14194065e-005 
1.00000000e+000 3.05357143e+001 0.00000000e+000 2.84353259e-004 1.51900083e-004 9.16478478e-005 8.02616531e-005 6.07469152e-005 5.56615181e-005 5.35950096e-005 4.10469813e-005 2.91202751e-005 
1.00000000e+000 2.85714286e+001 0.00000000e+000 1.79304233e-004 1.15932784e-004 7.43470458e-005 6.60561620e-005 5.14483877e-005 4.75285276e-005 4.59200739e-005 3.58803503e-005 2.59774513e-005 
1.00000000e+000 2.62500000e+001 0.00000000e+000 8.56757940e-005 7.44589335e-005 5.30188126e-005 4.83058592e-005 3.95717452e-005 3.70932141e-005 3.60566942e-005 2.92055497e-005 2.19326336e-005 
1.00000000e+000 2.35714286e+001 0.00000000e+000 4.52912658e-005 5.13702387e-005 4.01616930e-005 3.74152153e-005 3.20375733e-005 3.04128688e-005 2.97188925e-005 2.48248796e-005 1.92250703e-005 
1.00000000e+000 2.05357143e+001 0.00000000e+000 2.33577429e-005 3.51522933e-005 3.03255808e-005 2.89162733e-005 2.59222662e-005 2.49288942e-005 2.44913410e-005 2.11054241e-005 1.68471834e-005 
1.00000000e+000 1.71428571e+001 0.00000000e+000 1.15516781e-005 2.35413276e-005 2.25185042e-005 2.19976710e-005 2.06778784e-005 2.01519016e-005 1.99072934e-005 1.77036878e-005 1.45553794e-005 
1.00000000e+000 1.33928571e+001 0.00000000e+000 5.47565239e-006 1.52720165e-005 1.62033128e-005 1.62170010e-005 1.59889184e-005 1.57921915e-005 1.56867547e-005 1.43919919e-005 1.21648063e-005 
1.00000000e+000 9.28571429e+000 0.00000000e+000 2.51760125e-006 9.59614239e-006 1.12561315e-005 1.15393486e-005 1.19389229e-005 1.19539823e-005 1.19409188e-005 1.13013377e-005 9.79688054e-006 
1.00000000e+000 4.82142857e+000 0.00000000e+000 1.22164158e-006 6.10928341e-006 7.84355569e-006 8.23204486e-006 8.93854989e-006 9.07183800e-006 9.11188857e-006 8.87960676e-006 7.85413176e-006 
1.00000000e+000 0.00000000e+000 0.00000000e+000 8.76168546e-007 4.96276235e-006 6.67401324e-006 7.09004963e-006 7.88500065e-006 8.05377329e-006 8.10988881e-006 8.00526138e-006 7.13314234e-006 
1.25000000e+000 3.50000000e+001 0.00000000e+000 9.03964192e-004 2.79882121e-004 1.45035444e-004 1.22685222e-004 8.67725253e-005 7.80162322e-005 7.45351111e-005 5.45879807e-005 3.71225678e-005 
1.25000000e+000 3.48214286e+001 0.00000000e+000 9.42818120e-004 2.80366566e-004 1.44941334e-004 1.22586600e-004 8.66887581e-005 7.79358934e-005 7.44557485e-005 5.45110581e-005 3.70471514e-005 
1.25000000e+000 3.42857143e+001 0.00000000e+000 7.68379459e-004 2.57622836e-004 1.36229065e-004 1.15741876e-004 8.25477088e-005 7.43875600e-005 7.11348827e-005 5.23726496e-005 3.57872175e-005 
1.25000000e+000 3.33928571e+001 0.00000000e+000 6.87061467e-004 2.38229254e-004 1.27632656e-004 1.08785252e-004 7.80975923e-005 7.05128734e-005 6.74839166e-005 4.99206303e-005 3.42718868e-005 
1.25000000e+000 3.21428571e+001 0.00000000e+000 5.00596059e-004 2.02546231e-004 1.12923283e-004 9.71053391e-005 7.09118398e-005 6.43263026e-005 6.16817465e-005 4.61280902e-005 3.19898630e-005 
1.25000000e+000 3.05357143e+001 0.00000000e+000 3.33213682e-004 1.63185703e-004 9.58889432e-005 8.34466301e-005 6.23587666e-005 5.69298242e-005 5.47329127e-005 4.15504003e-005 2.92317367e-005 
1.25000000e+000 2.85714286e+001 0.00000000e+000 1.85705111e-004 1.17138554e-004 7.43101201e-005 6.58297725e-005 5.09523646e-005 4.69827620e-005 4.53574165e-005 3.52803080e-005 2.54362589e-005 
1.25000000e+000 2.62500000e+001 0.00000000e+000 7.55009224e-005 6.80003102e-005 4.88937583e-005 4.46412482e-005 3.67216931e-005 3.44640134e-005 3.35185525e-005 2.72400253e-005 2.05384125e-005 
1.25000000e+000 2.35714286e+001 0.00000000e+000 3.45311376e-005 4.28435144e-005 3.44773948e-005 3.23419696e-005 2.80874939e-005 2.67752740e-005 2.62108050e-005 2.21324514e-005 1.73405883e-005 
1.25000000e+000 2.05357143e+001 0.00000000e+000 1.52550275e-005 2.66305135e-005 2.41599203e-005 2.33227052e-005 2.14453708e-005 2.07792780e-005 2.04794001e-005 1.79880991e-005 1.46473482e-005 
1.25000000e+000 1.71428571e+001 0.00000000e+000 6.38274934e-006 1.61067571e-005 1.66059116e-005 1.65248180e-005 1.61359219e-005 1.59026827e-005 1.57837903e-005 1.44362150e-005 1.22139226e-005 
1.25000000e+000 1.33928571e+001 0.00000000e+000 2.53328308e-006 9.42699380e-006 1.10824950e-005 1.13753320e-005 1.18078955e-005 1.18390525e-005 1.18341606e-005 1.12683794e-005 9.88623902e-006 
1.25000000e+000 9.28571429e+000 0.00000000e+000 9.68307734e-007 5.36617663e-006 7.18557401e-006 7.60695178e-006 8.39733586e-006 8.56657554e-006 8.62418427e-006 8.54404436e-006 7.74888493e-006 
1.25000000e+000 4.82142857e+000 0.00000000e+000 3.93602953e-007 3.14815495e-006 4.74449006e-006 5.17314902e-006 6.06086241e-006 6.28621430e-006 6.37119305e-006 6.54380796e-006 6.09282361e-006 
1.25000000e+000 0.00000000e+000 0.00000000e+000 2.55978937e-007 2.46264610e-006 3.94349759e-006 4.36496083e-006 5.26550255e-006 5.50376688e-006 5.59544123e-006 5.83891976e-006 5.49108937e-006 
1.50000000e+000 3.50000000e+001 0.00000000e+000 1.37809825e-003 3.37717546e-004 1.64376817e-004 1.37162193e-004 9.45273117e-005 8.43843784e-005 8.03831060e-005 5.78968744e-005 3.87635361e-005 
1.50000000e+000 3.48214286e+001 0.00000000e+000 1.50242300e-003 3.40421403e-004 1.64773942e-004 1.37412985e-004 9.46207338e-005 8.44478982e-005 8.04351582e-005 5.78906394e-005 3.87189706e-005 
1.50000000e+000 3.42857143e+001 0.00000000e+000 1.12130976e-003 3.05129367e-004 1.52575298e-004 1.28049749e-004 8.92065158e-005 7.98675018e-005 7.61711024e-005 5.52292684e-005 3.71994794e-005 
1.50000000e+000 3.33928571e+001 0.00000000e+000 9.98278529e-004 2.79118819e-004 1.41718605e-004 1.19390646e-004 8.38252270e-005 7.52208593e-005 7.18079468e-005 5.23585708e-005 3.54617628e-005 
1.50000000e+000 3.21428571e+001 0.00000000e+000 6.64135945e-004 2.29054436e-004 1.22544292e-004 1.04416425e-004 7.49053111e-005 6.76106415e-005 6.46973899e-005 4.78111457e-005 3.27826466e-005 
1.50000000e+000 3.05357143e+001 0.00000000e+000 3.96355085e-004 1.76460456e-004 1.00962732e-004 8.73183843e-005 6.44468179e-005 5.86260793e-005 5.62797080e-005 4.23528431e-005 2.95423852e-005 
1.50000000e+000 2.85714286e+001 0.00000000e+000 1.92929903e-004 1.18921260e-004 7.47441959e-005 6.60477323e-005 5.08402732e-005 4.67997871e-005 4.51481201e-005 3.49640302e-005 2.50966389e-005 
1.50000000e+000 2.62500000e+001 0.00000000e+000 6.70021640e-005 6.26365064e-005 4.55257332e-005 4.16618315e-005 3.44183362e-005 3.23403655e-005 3.14685107e-005 2.56477556e-005 1.93980126e-005 
1.50000000e+000 2.35714286e+001 0.00000000e+000 2.66181177e-005 3.61594739e-005 2.99595470e-005 2.82957840e-005 2.49092706e-005 2.38388272e-005 2.33746253e-005 1.99319150e-005 1.57769203e-005 
1.50000000e+000 2.05357143e+001 0.00000000e+000 1.01134484e-005 2.04782140e-005 1.95191451e-005 1.90672500e-005 1.79585764e-005 1.75232626e-005 1.73212851e-005 1.54836597e-005 1.28382279e-005 
1.50000000e+000 1.71428571e+001 0.00000000e+000 3.59448482e-006 1.12100163e-005 1.24250235e-005 1.25841902e-005 1.27379022e-005 1.26865854e-005 1.26474433e-005 1.18752771e-005 1.03193181e-005 
1.50000000e+000 1.33928571e+001 0.00000000e+000 1.19794791e-006 5.91807917e-006 7.67880466e-006 8.07411887e-006 8.80299017e-006 8.95341180e-006 9.00347281e-006 8.88203682e-006 8.07480676e-006 
1.50000000e+000 9.28571429e+000 0.00000000e+000 3.80705311e-007 3.04071445e-006 4.62862728e-006 5.05498665e-006 5.94215561e-006 6.17293967e-006 6.26169193e-006 6.48553689e-006 6.14678721e-006 
1.50000000e+000 4.82142857e+000 0.00000000e+000 1.28548692e-007 1.63156455e-006 2.87985189e-006 3.26062956e-006 4.11841204e-006 4.36430138e-006 4.46299139e-006 4.82892723e-006 4.73091873e-006 
1.50000000e+000 0.00000000e+000 0.00000000e+000 7.47862512e-008 1.22202712e-006 2.33010919e-006 2.68727168e-006 3.51623607e-006 3.76115085e-006 3.86059163e-006 4.25882271e-006 4.22703824e-006 
1.75000000e+000 3.50000000e+001 0.00000000e+000 2.16774713e-003 4.13366677e-004 1.88065718e-004 1.54657327e-004 1.03691337e-004 9.18726743e-005 8.72473388e-005 6.17542736e-005 4.06805527e-005 
1.75000000e+000 3.48214286e+001 0.00000000e+000 2.52841012e-003 4.20650994e-004 1.89346404e-004 1.55510248e-004 1.04063692e-004 9.21570307e-005 8.74990872e-005 6.18498715e-005 4.06788974e-005 
1.75000000e+000 3.42857143e+001 0.00000000e+000 1.68403661e-003 3.65889015e-004 1.72294911e-004 1.42728304e-004 9.70059270e-005 8.62636173e-005 8.20423934e-005 5.85508798e-005 3.88545666e-005 
1.75000000e+000 3.33928571e+001 0.00000000e+000 1.51127448e-003 3.31348349e-004 1.58649336e-004 1.31996179e-004 9.05244713e-005 8.07136957e-005 7.68493638e-005 5.52049781e-005 3.68717113e-005 
1.75000000e+000 3.21428571e+001 0.00000000e+000 9.07431902e-004 2.61430018e-004 1.33807610e-004 1.12922893e-004 7.95324591e-005 7.14225861e-005 6.82017464e-005 4.97971169e-005 3.37539380e-005 
1.75000000e+000 3.05357143e+001 0.00000000e+000 4.78975501e-004 1.91825877e-004 1.06766018e-004 9.17629061e-005 6.68994403e-005 6.06441152e-005 5.81320139e-005 4.33739648e-005 2.99996144e-005 
1.75000000e+000 2.85714286e+001 0.00000000e+000 2.00880130e-004 1.21055578e-004 7.54545411e-005 6.65283375e-005 5.09632596e-005 4.68422406e-005 4.51598684e-005 3.48335104e-005 2.48963114e-005 
1.75000000e+000 2.62500000e+001 0.00000000e+000 5.97433756e-005 5.80089316e-005 4.26525678e-005 3.91306971e-005 3.24783051e-005 3.05555239e-005 2.97468966e-005 2.43142645e-005 1.84407675e-005 
1.75000000e+000 2.35714286e+001 0.00000000e+000 2.06758186e-005 3.07605665e-005 2.62511940e-005 2.49640792e-005 2.22752269e-005 2.13999236e-005 2.10167183e-005 1.80897202e-005 1.44545218e-005 
1.75000000e+000 2.05357143e+001 0.00000000e+000 6.77529713e-006 1.59114528e-005 1.59309064e-005 1.57446862e-005 1.51799386e-005 1.49122014e-005 1.47819091e-005 1.34355128e-005 1.13297113e-005 
1.75000000e+000 1.71428571e+001 0.00000000e+000 2.05138213e-006 7.90019964e-006 9.40207447e-006 9.68700431e-006 1.01510900e-005 1.02125152e-005 1.02240041e-005 9.84233714e-006 8.77145866e-006 
1.75000000e+000 1.33928571e+001 0.00000000e+000 5.75363645e-007 3.76459583e-006 5.37797010e-006 5.78842170e-006 6.61704746e-006 6.82338776e-006 6.90115711e-006 7.04358164e-006 6.62586917e-006 
1.75000000e+000 9.28571429e+000 0.00000000e+000 1.52172436e-007 1.74253316e-006 3.00574113e-006 3.38361441e-006 4.22841164e-006 4.47097808e-006 4.56884369e-006 4.94178804e-006 4.88948846e-006 
1.75000000e+000 4.82142857e+000 0.00000000e+000 4.24787138e-008 8.50135958e-007 1.75387291e-006 2.06112351e-006 2.80433616e-006 3.03565956e-006 3.13189334e-006 3.56815923e-006 3.67683141e-006 
1.75000000e+000 0.00000000e+000 0.00000000e+000 2.18494371e-008 6.06401121e-007 1.37680090e-006 1.65440925e-006 2.34809859e-006 2.57028668e-006 2.66362743e-006 3.10632348e-006 3.25397256e-006 
2.00000000e+000 3.50000000e+001 0.00000000e+000 3.50578160e-003 5.12675204e-004 2.17026706e-004 1.75723269e-004 1.14429540e-004 1.00588417e-004 9.52158155e-005 6.61762248e-005 4.28654173e-005 
2.00000000e+000 3.48214286e+001 0.00000000e+000 4.49528418e-003 5.28898196e-004 2.19825224e-004 1.77572538e-004 1.15227926e-004 1.01202412e-004 9.57628558e-005 6.64148488e-005 4.29217017e-005 
2.00000000e+000 3.42857143e+001 0.00000000e+000 2.59583026e-003 4.43824484e-004 1.96015215e-004 1.60148525e-004 1.06047413e-004 9.36373032e-005 8.87967975e-005 6.23369844e-005 4.07381657e-005 
2.00000000e+000 3.33928571e+001 0.00000000e+000 2.38355913e-003 3.98490471e-004 1.78952758e-004 1.46904625e-004 9.82671715e-005 8.70300139e-005 8.26358825e-005 5.84495941e-005 3.84832283e-005 
2.00000000e+000 3.21428571e+001 0.00000000e+000 1.27809659e-003 3.01080280e-004 1.46905076e-004 1.22721079e-004 8.47914308e-005 7.57468965e-005 7.21753804e-005 5.20553711e-005 3.48771752e-005 
2.00000000e+000 3.05357143e+001 0.00000000e+000 5.88724756e-004 2.09544110e-004 1.13286246e-004 9.67457462e-005 6.96630975e-005 6.29295255e-005 6.02355565e-005 4.45663487e-005 3.05693100e-005 
2.00000000e+000 2.85714286e+001 0.00000000e+000 2.09546295e-004 1.23438582e-004 7.63425385e-005 6.71765754e-005 5.12374638e-005 4.70308605e-005 4.53155204e-005 3.48278358e-005 2.47938143e-005 
2.00000000e+000 2.62500000e+001 0.00000000e+000 5.34577416e-005 5.39234138e-005 4.01289516e-005 3.69141340e-005 3.07926048e-005 2.90085187e-005 2.82562294e-005 2.31658586e-005 1.76183723e-005 
2.00000000e+000 2.35714286e+001 0.00000000e+000 1.61522619e-005 2.63154914e-005 2.31387216e-005 2.21576108e-005 2.00422151e-005 1.93286800e-005 1.90127534e-005 1.65162933e-005 1.33172194e-005 
2.00000000e+000 2.05357143e+001 0.00000000e+000 4.57462057e-006 1.24569322e-005 1.31009993e-005 1.30991189e-005 1.29245673e-005 1.27808168e-005 1.27040652e-005 1.17347099e-005 1.00561287e-005 
2.00000000e+000 1.71428571e+001 0.00000000e+000 1.18235844e-006 5.62026362e-006 7.17754590e-006 7.52074563e-006 8.15257193e-006 8.28248171e-006 8.32571754e-006 8.21003013e-006 7.49560003e-006 
2.00000000e+000 1.33928571e+001 0.00000000e+000 2.79550666e-007 2.41973784e-006 3.80024413e-006 4.18473715e-006 5.00954326e-006 5.23519916e-006 5.32449488e-006 5.61613966e-006 5.46011241e-006 
2.00000000e+000 9.28571429e+000 0.00000000e+000 6.15961682e-008 1.00817048e-006 1.96594182e-006 2.27969325e-006 3.02445445e-006 3.25367412e-006 3.34894964e-006 3.77905218e-006 3.89970524e-006 
2.00000000e+000 4.82142857e+000 0.00000000e+000 1.41786232e-008 4.45200984e-007 1.07155071e-006 1.30652052e-006 1.91341949e-006 2.11535696e-006 2.20163190e-006 2.63997920e-006 2.86020869e-006 
2.00000000e+000 0.00000000e+000 0.00000000e+000 6.38351232e-009 3.00911966e-007 8.13516162e-007 1.01853152e-006 1.56803132e-006 1.75647702e-006 1.83777855e-006 2.26570759e-006 2.50490718e-006 
2.25000000e+000 3.50000000e+001 0.00000000e+000 5.81190894e-003 6.43663346e-004 2.52462573e-004 2.01080595e-004 1.26970583e-004 1.10687882e-004 1.04420523e-004 7.12019754e-005 4.53216016e-005 
2.25000000e+000 3.48214286e+001 0.00000000e+000 8.43228217e-003 6.76692089e-004 2.57787568e-004 2.04532714e-004 1.28406142e-004 1.11784516e-004 1.05396133e-004 7.16382000e-005 4.54547221e-005 
2.25000000e+000 3.42857143e+001 0.00000000e+000 4.09699485e-003 5.44213394e-004 2.24553919e-004 1.80801171e-004 1.16483351e-004 1.02090543e-004 9.65193610e-005 6.66082514e-005 4.28472367e-005 
2.25000000e+000 3.33928571e+001 0.00000000e+000 3.91183560e-003 4.85525446e-004 2.03340178e-004 1.64533239e-004 1.07174225e-004 9.42478560e-005 8.92312807e-005 6.21032656e-005 4.02892643e-005 
2.25000000e+000 3.21428571e+001 0.00000000e+000 1.85643572e-003 3.49899055e-004 1.62117603e-004 1.33970989e-004 9.07167377e-005 8.05997241e-005 7.66283738e-005 5.45748408e-005 3.61371885e-005 
2.25000000e+000 3.05357143e+001 0.00000000e+000 7.36867942e-004 2.29994013e-004 1.20559658e-004 1.02274860e-004 7.27163484e-005 6.54570823e-005 6.25640030e-005 4.59025330e-005 3.12294062e-005 
2.25000000e+000 2.85714286e+001 0.00000000e+000 2.18960326e-004 1.26020035e-004 7.73556111e-005 6.79405218e-005 5.16142194e-005 4.73187130e-005 4.55689955e-005 3.49085226e-005 2.47612599e-005 
2.25000000e+000 2.62500000e+001 0.00000000e+000 4.79636927e-005 5.02626975e-005 3.78685461e-005 3.49321310e-005 2.92939403e-005 2.76361706e-005 2.69351372e-005 2.21541263e-005 1.68973946e-005 
2.25000000e+000 2.35714286e+001 0.00000000e+000 1.26752936e-005 2.26083362e-005 2.04853987e-005 1.97549352e-005 1.81165964e-005 1.75393269e-005 1.72802573e-005 1.51502277e-005 1.23248008e-005 
2.25000000e+000 2.05357143e+001 0.00000000e+000 3.10774056e-006 9.80872967e-006 1.08362632e-005 1.09612318e-005 1.10670852e-005 1.10159316e-005 1.09796205e-005 1.03039407e-005 8.96900957e-006 
2.25000000e+000 1.71428571e+001 0.00000000e+000 6.86726632e-007 4.02752183e-006 5.51772665e-006 5.87895421e-006 6.58936943e-006 6.75888391e-006 6.82137506e-006 6.88613938e-006 6.43537981e-006 
2.25000000e+000 1.33928571e+001 0.00000000e+000 1.37040706e-007 1.56824870e-006 2.70529746e-006 3.04675619e-006 3.81602421e-006 4.04029948e-006 4.13165609e-006 4.49984364e-006 4.51702988e-006 
2.25000000e+000 9.28571429e+000 0.00000000e+000 2.51784392e-008 5.88021299e-007 1.29404582e-006 1.54492870e-006 2.17352430e-006 2.37818109e-006 2.46517494e-006 2.89965729e-006 3.11816386e-006 
2.25000000e+000 4.82142857e+000 0.00000000e+000 4.77313002e-009 2.34235658e-007 6.56674774e-007 8.30403474e-007 1.30810751e-006 1.47667395e-006 1.55031225e-006 1.95572578e-006 2.22695533e-006 
2.25000000e+000 0.00000000e+000 0.00000000e+000 1.86500544e-009 1.49320431e-007 4.80685926e-007 6.27055741e-007 1.04711225e-006 1.20033777e-006 1.26798165e-006 1.65257472e-006 1.92827706e-006 
2.50000000e+000 3.50000000e+001 0.00000000e+000 9.85177037e-003 8.17345081e-004 2.95907284e-004 2.31638631e-004 1.41604178e-004 1.22371787e-004 1.15032462e-004 7.68890554e-005 4.80612183e-005 
2.50000000e+000 3.48214286e+001 0.00000000e+000 1.66271358e-002 8.81145649e-004 3.05341229e-004 2.37615648e-004 1.43977599e-004 1.24164815e-004 1.16621357e-004 7.75950274e-005 4.82949959e-005 
2.50000000e+000 3.42857143e+001 0.00000000e+000 6.60685734e-003 6.74144632e-004 2.58943890e-004 2.05303219e-004 1.28510857e-004 1.11759102e-004 1.05325270e-004 7.14009646e-005 4.51867783e-005 
2.50000000e+000 3.33928571e+001 0.00000000e+000 6.66398888e-003 5.99401412e-004 2.32733778e-004 1.85420666e-004 1.17408900e-004 1.02477361e-004 9.67280447e-005 6.61920721e-005 4.22908298e-005 
2.50000000e+000 3.21428571e+001 0.00000000e+000 2.77967582e-003 4.10400545e-004 1.79810707e-004 1.46886892e-004 9.73684466e-005 8.60185180e-005 8.15906131e-005 5.73572597e-005 3.75264733e-005 
2.50000000e+000 3.05357143e+001 0.00000000e+000 9.40106912e-004 2.53667032e-004 1.28653592e-004 1.08383679e-004 7.60564323e-005 6.82186805e-005 6.51075018e-005 4.73673788e-005 3.19657639e-005 
2.50000000e+000 2.85714286e+001 0.00000000e+000 2.29178984e-004 1.28774654e-004 7.84643704e-005 6.87905610e-005 5.20644035e-005 4.76772440e-005 4.58920526e-005 3.50508270e-005 2.47796829e-005 
2.50000000e+000 2.62500000e+001 0.00000000e+000 4.31288740e-005 4.69493569e-005 3.58164638e-005 3.31339054e-005 2.79390537e-005 2.63975320e-005 2.57436813e-005 2.12465535e-005 1.62543785e-005 
2.50000000e+000 2.35714286e+001 0.00000000e+000 9.98327078e-006 1.94882211e-005 1.81981603e-005 1.76736707e-005 1.64345833e-005 1.59731523e-005 1.57626282e-005 1.39484272e-005 1.14480530e-005 
2.50000000e+000 2.05357143e+001 0.00000000e+000 2.12174043e-006 7.75872439e-006 9.00384808e-006 9.21409881e-006 9.51962831e-006 9.53771026e-006 9.53206065e-006 9.08721480e-006 8.03209550e-006 
2.50000000e+000 1.71428571e+001 0.00000000e+000 4.01321031e-007 2.90291105e-006 4.26564588e-006 4.62109061e-006 5.35403246e-006 5.54405291e-006 5.61741452e-006 5.80289123e-006 5.54786286e-006 
2.50000000e+000 1.33928571e+001 0.00000000e+000 6.76586172e-008 1.02322323e-006 1.93773778e-006 2.23144603e-006 2.92238676e-006 3.13408853e-006 3.22213934e-006 3.62113435e-006 3.75016020e-006 
2.50000000e+000 9.28571429e+000 0.00000000e+000 1.03725991e-008 3.45317014e-007 8.56568732e-007 1.05245045e-006 1.56873342e-006 1.74525639e-006 1.82170296e-006 2.23193157e-006 2.49925224e-006 
2.50000000e+000 4.82142857e+000 0.00000000e+000 1.61850745e-009 1.23772997e-007 4.03594685e-007 5.29141714e-007 8.95987051e-007 1.03260163e-006 1.09347574e-006 1.45062231e-006 1.73543630e-006 
2.50000000e+000 0.00000000e+000 0.00000000e+000 5.44880746e-010 7.40967777e-008 2.84025154e-007 3.86045036e-007 6.99248999e-007 8.20284606e-007 8.74848486e-007 1.20536454e-006 1.48438745e-006 
0.00000000e+000 3.50000000e+001 1.00000000e+001 2.10936092e-004 1.43538453e-004 9.11834297e-005 8.05044249e-005 6.16143090e-005 5.65769356e-005 5.45184688e-005 4.18878739e-005 2.97340195e-005 
0.00000000e+000 3.48214286e+001 1.00000000e+001 2.09549473e-004 1.42612740e-004 9.06104499e-005 8.00048206e-005 6.12456800e-005 5.62427376e-005 5.41981728e-005 4.16489381e-005 2.95669020e-005 
0.00000000e+000 3.42857143e+001 1.00000000e+001 2.05717273e-004 1.40045733e-004 8.90277311e-005 7.86275330e-005 6.02343956e-005 5.53272141e-005 5.33212230e-005 4.09965573e-005 2.91112241e-005 
0.00000000e+000 3.33928571e+001 1.00000000e+001 1.99525152e-004 1.35922631e-004 8.64941977e-005 7.64263973e-005 5.86235446e-005 5.38699959e-005 5.19257788e-005 3.99594463e-005 2.83867762e-005 
0.00000000e+000 3.21428571e+001 1.00000000e+001 1.92129170e-004 1.30990549e-004 8.35041569e-005 7.38422102e-005 5.67526683e-005 5.21821504e-005 5.03111582e-005 3.87649253e-005 2.75537984e-005 
0.00000000e+000 3.05357143e+001 1.00000000e+001 1.84414963e-004 1.25865229e-004 8.04589120e-005 7.12254504e-005 5.48760909e-005 5.04921591e-005 4.86954190e-005 3.75713838e-005 2.67208575e-005 
0.00000000e+000 2.85714286e+001 1.00000000e+001 1.77854276e-004 1.21447990e-004 7.78510005e-005 6.89864461e-005 5.32690135e-005 4.90433409e-005 4.73095035e-005 3.65436820e-005 2.60020979e-005 
0.00000000e+000 2.62500000e+001 1.00000000e+001 1.73525575e-004 1.18503439e-004 7.61101813e-005 6.74899256e-005 5.21889178e-005 4.80671944e-005 4.63746916e-005 3.58462214e-005 2.55150011e-005 
0.00000000e+000 2.35714286e+001 1.00000000e+001 1.70460483e-004 1.16432797e-004 7.48806516e-005 6.64289404e-005 5.14132407e-005 4.73629813e-005 4.56990425e-005 3.53379119e-005 2.51611976e-005 
0.00000000e+000 2.05357143e+001 1.00000000e+001 1.66935294e-004 1.14098015e-004 7.34704240e-005 6.52017924e-005 5.04988491e-005 4.65291613e-005 4.48978237e-005 3.47321563e-005 2.47384743e-005 
0.00000000e+000 1.71428571e+001 1.00000000e+001 1.61206362e-004 1.10244014e-004 7.10817816e-005 6.31103252e-005 4.89328680e-005 4.51028505e-005 4.35283775e-005 3.37031910e-005 2.40195728e-005 
0.00000000e+000 1.33928571e+001 1.00000000e+001 1.50388806e-004 1.03126672e-004 6.66712704e-005 5.92549423e-005 4.60712306e-005 4.25062803e-005 4.10394781e-005 3.18502753e-005 2.27287002e-005 
0.00000000e+000 9.28571429e+000 1.00000000e+001 1.34581828e-004 9.28895486e-005 6.03652351e-005 5.37668280e-005 4.20560431e-005 3.88812072e-005 3.75719674e-005 2.92962661e-005 2.09560426e-005 
0.00000000e+000 4.82142857e+000 1.00000000e+001 1.14837005e-004 7.98599314e-005 5.24773614e-005 4.69707413e-005 3.71952863e-005 3.45179950e-005 3.34074305e-005 2.62553167e-005 1.88433442e-005 
0.00000000e+000 0.00000000e+000 1.00000000e+001 1.06310794e-004 7.41503392e-005 4.91756904e-005 4.41619403e-005 3.52267505e-005 3.27575090e-005 3.17290950e-005 2.50320666e-005 1.79854078e-005 
2.50000000e-001 3.50000000e+001 1.00000000e+001 2.11059101e-004 1.37787058e-004 8.71882670e-005 7.69823439e-005 5.90100466e-005 5.42305507e-005 5.22782889e-005 4.02854892e-005 2.87076466e-005 
2.50000000e-001 3.48214286e+001 1.00000000e+001 2.09470807e-004 1.36739535e-004 8.65522436e-005 7.64312731e-005 5.86094475e-005 5.38690668e-005 5.19325251e-005 4.00304365e-005 2.85308725e-005 
2.50000000e-001 3.42857143e+001 1.00000000e+001 2.01581713e-004 1.32711901e-004 8.42718877e-005 7.44841833e-005 5.72310496e-005 5.26343700e-005 5.07551988e-005 3.91796950e-005 2.79575753e-005 
2.50000000e-001 3.33928571e+001 1.00000000e+001 1.91770197e-004 1.27073257e-004 8.09779309e-005 7.16548234e-005 5.52063725e-005 5.08151543e-005 4.90182171e-005 3.79137832e-005 2.70955964e-005 
2.50000000e-001 3.21428571e+001 1.00000000e+001 1.76001638e-004 1.18911403e-004 7.64194895e-005 6.77859536e-005 5.25047503e-005 4.84046546e-005 4.67233765e-005 3.62695006e-005 2.59948598e-005 
2.50000000e-001 3.05357143e+001 1.00000000e+001 1.56839566e-004 1.09153815e-004 7.10886329e-005 6.32896901e-005 4.94033315e-005 4.56469255e-005 4.41017304e-005 3.44077145e-005 2.47624728e-005 
2.50000000e-001 2.85714286e+001 1.00000000e+001 1.31358051e-004 9.67985790e-005 6.45262712e-005 5.77914702e-005 4.56627897e-005 4.23361101e-005 4.09608333e-005 3.22115078e-005 2.33443809e-005 
2.50000000e-001 2.62500000e+001 1.00000000e+001 1.01207688e-004 8.29723246e-005 5.73894658e-005 5.18539465e-005 4.16858569e-005 3.88349497e-005 3.76475039e-005 2.99367306e-005 2.19181529e-005 
2.50000000e-001 2.35714286e+001 1.00000000e+001 8.45240652e-005 7.48403738e-005 5.30945370e-005 4.82581742e-005 3.92415254e-005 3.66726457e-005 3.55969851e-005 2.85118816e-005 2.10166554e-005 
2.50000000e-001 2.05357143e+001 1.00000000e+001 7.18110571e-005 6.82019444e-005 4.94700563e-005 4.51919510e-005 3.71050524e-005 3.47678991e-005 3.37847448e-005 2.72274704e-005 2.01863122e-005 
2.50000000e-001 1.71428571e+001 1.00000000e+001 6.12050056e-005 6.19396891e-005 4.58104108e-005 4.20352262e-005 3.48144016e-005 3.27014896e-005 3.18089553e-005 2.57837469e-005 1.92158034e-005 
2.50000000e-001 1.33928571e+001 1.00000000e+001 5.13132379e-005 5.49959650e-005 4.14110597e-005 3.81651234e-005 3.18998249e-005 3.00453968e-005 2.92585586e-005 2.38698538e-005 1.78825826e-005 
2.50000000e-001 9.28571429e+000 1.00000000e+001 4.20290324e-005 4.74748430e-005 3.63905592e-005 3.37038443e-005 2.84890856e-005 2.69263066e-005 2.62592327e-005 2.15957106e-005 1.62688868e-005 
2.50000000e-001 4.82142857e+000 1.00000000e+001 3.37079424e-005 3.96334494e-005 3.09912416e-005 2.88996728e-005 2.48208585e-005 2.35717491e-005 2.30328053e-005 1.91363926e-005 1.44955833e-005 
2.50000000e-001 0.00000000e+000 1.00000000e+001 3.04739156e-005 3.63962080e-005 2.88201457e-005 2.69842279e-005 2.33772182e-005 2.22540708e-005 2.17660515e-005 1.81689629e-005 1.37891256e-005 
5.00000000e-001 3.50000000e+001 1.00000000e+001 2.60314504e-004 1.47176643e-004 8.96586430e-005 7.85453720e-005 5.93820580e-005 5.43854769e-005 5.23568102e-005 4.00669421e-005 2.84062642e-005 
5.00000000e-001 3.48214286e+001 1.00000000e+001 2.59494085e-004 1.46180073e-004 8.90253716e-005 7.79937126e-005 5.89787039e-005 5.40211957e-005 5.20082585e-005 3.98092072e-005 2.82267210e-005 
5.00000000e-001 3.42857143e+001 1.00000000e+001 2.43222135e-004 1.40225162e-004 8.59392946e-005 7.54066041e-005 5.72076745e-005 5.24492739e-005 5.05150909e-005 3.87550694e-005 2.75352116e-005 
5.00000000e-001 3.33928571e+001 1.00000000e+001 2.28989338e-004 1.33196374e-004 8.19853676e-005 7.20360123e-005 5.48287074e-005 5.03200064e-005 4.84854431e-005 3.72919129e-005 2.65534124e-005 
5.00000000e-001 3.21428571e+001 1.00000000e+001 2.00845911e-004 1.21613352e-004 7.58974109e-005 6.69334140e-005 5.13482419e-005 4.72353888e-005 4.55572202e-005 3.52318804e-005 2.52055268e-005 
5.00000000e-001 3.05357143e+001 1.00000000e+001 1.68128870e-004 1.07552067e-004 6.85392285e-005 6.07808165e-005 4.71742521e-005 4.35426961e-005 4.20545490e-005 3.27822979e-005 2.36185966e-005 
5.00000000e-001 2.85714286e+001 1.00000000e+001 1.25514369e-004 8.86320488e-005 5.87042591e-005 5.25755868e-005 4.16405325e-005 3.86596181e-005 3.74286527e-005 2.95832485e-005 2.15899717e-005 
5.00000000e-001 2.62500000e+001 1.00000000e+001 7.68574041e-005 6.60986254e-005 4.70375177e-005 4.28642618e-005 3.51395559e-005 3.29421705e-005 3.20211872e-005 2.58942615e-005 1.93063269e-005 
5.00000000e-001 2.35714286e+001 1.00000000e+001 5.36910557e-005 5.38197960e-005 4.03949350e-005 3.72767523e-005 3.13177370e-005 2.95597231e-005 2.88137239e-005 2.36733178e-005 1.79148555e-005 
5.00000000e-001 2.05357143e+001 1.00000000e+001 3.83486292e-005 4.46593816e-005 3.52208787e-005 3.28736581e-005 2.82278150e-005 2.68034606e-005 2.61913637e-005 2.18210578e-005 1.67296499e-005 
5.00000000e-001 1.71428571e+001 1.00000000e+001 2.76001182e-005 3.72381231e-005 3.07444895e-005 2.89932576e-005 2.53942417e-005 2.42453168e-005 2.37450523e-005 2.00372021e-005 1.55423255e-005 
5.00000000e-001 1.33928571e+001 1.00000000e+001 1.97475273e-005 3.06624266e-005 2.64022868e-005 2.51393193e-005 2.24411717e-005 2.15414073e-005 2.11438465e-005 1.80675346e-005 1.41672039e-005 
5.00000000e-001 9.28571429e+000 1.00000000e+001 1.40250995e-005 2.48301823e-005 2.22321088e-005 2.13697600e-005 1.94541937e-005 1.87812690e-005 1.84782966e-005 1.59986877e-005 1.26736566e-005 
5.00000000e-001 4.82142857e+000 1.00000000e+001 1.01029413e-005 1.98061088e-005 1.83745590e-005 1.78409025e-005 1.66020630e-005 1.61303206e-005 1.59115005e-005 1.39677674e-005 1.11620304e-005 
5.00000000e-001 0.00000000e+000 1.00000000e+001 8.73648169e-006 1.78656102e-005 1.68908852e-005 1.64884863e-005 1.55138384e-005 1.51186690e-005 1.49316171e-005 1.31876480e-005 1.05719660e-005 
7.50000000e-001 3.50000000e+001 1.00000000e+001 3.51733781e-004 1.65461817e-004 9.59387527e-005 8.31475919e-005 6.16123753e-005 5.61275463e-005 5.39171797e-005 4.07751862e-005 2.86171208e-005 
7.50000000e-001 3.48214286e+001 1.00000000e+001 3.54747156e-004 1.64753794e-004 9.53774879e-005 8.26463642e-005 6.12335560e-005 5.57830259e-005 5.35866261e-005 4.05268082e-005 2.84408922e-005 
7.50000000e-001 3.42857143e+001 1.00000000e+001 3.18301296e-004 1.55729954e-004 9.11934422e-005 7.92193639e-005 5.89840734e-005 5.38085262e-005 5.17195716e-005 3.92430269e-005 2.76214886e-005 
7.50000000e-001 3.33928571e+001 1.00000000e+001 2.96768649e-004 1.46989697e-004 8.65226622e-005 7.52775113e-005 5.62501434e-005 5.13726542e-005 4.94019975e-005 3.75908561e-005 2.65270441e-005 
7.50000000e-001 3.21428571e+001 1.00000000e+001 2.45189617e-004 1.30847684e-004 7.86453494e-005 6.87748535e-005 5.19353618e-005 4.75768632e-005 4.58096721e-005 3.51089932e-005 2.49348204e-005 
7.50000000e-001 3.05357143e+001 1.00000000e+001 1.90773183e-004 1.11702605e-004 6.91363722e-005 6.09064321e-005 4.66969432e-005 4.29661825e-005 4.14455978e-005 3.20967327e-005 2.30133340e-005 
7.50000000e-001 2.85714286e+001 1.00000000e+001 1.27267122e-004 8.62085844e-005 5.62052228e-005 5.01679700e-005 3.95136084e-005 3.66417572e-005 3.54600431e-005 2.79837071e-005 2.04281300e-005 
7.50000000e-001 2.62500000e+001 1.00000000e+001 6.34974032e-005 5.63702275e-005 4.06419358e-005 3.71856521e-005 3.07866061e-005 2.89589515e-005 2.81911722e-005 2.30193496e-005 1.73592721e-005 
7.50000000e-001 2.35714286e+001 1.00000000e+001 3.76316838e-005 4.14334852e-005 3.22928882e-005 3.01074101e-005 2.58730073e-005 2.45937903e-005 2.40457052e-005 2.01280127e-005 1.55401534e-005 
7.50000000e-001 2.05357143e+001 1.00000000e+001 2.27346933e-005 3.11344079e-005 2.61766376e-005 2.48433996e-005 2.21021616e-005 2.12126617e-005 2.08222797e-005 1.78279660e-005 1.40593792e-005 
7.50000000e-001 1.71428571e+001 1.00000000e+001 1.37559151e-005 2.35807432e-005 2.13421484e-005 2.05995993e-005 1.89328445e-005 1.83352661e-005 1.80645935e-005 1.57953072e-005 1.26997475e-005 
7.50000000e-001 1.33928571e+001 1.00000000e+001 8.25861257e-006 1.77487448e-005 1.72298355e-005 1.68978059e-005 1.60201027e-005 1.56493368e-005 1.54733320e-005 1.38043020e-005 1.12979915e-005 
7.50000000e-001 9.28571429e+000 1.00000000e+001 4.94066119e-006 1.32639392e-005 1.37541742e-005 1.36969355e-005 1.33873287e-005 1.31907531e-005 1.30887484e-005 1.19096912e-005 9.90621454e-006 
7.50000000e-001 4.82142857e+000 1.00000000e+001 3.08795139e-006 9.96469323e-006 1.09364733e-005 1.10503868e-005 1.11304332e-005 1.10608780e-005 1.10135474e-005 1.02096991e-005 8.60355167e-006 
7.50000000e-001 0.00000000e+000 1.00000000e+001 2.50496690e-006 8.76997251e-006 9.89963437e-006 1.00753584e-005 1.02956050e-005 1.02712462e-005 1.02432848e-005 9.57212409e-006 8.10545463e-006 
1.00000000e+000 3.50000000e+001 1.00000000e+001 5.10700093e-004 1.92117359e-004 1.05205734e-004 9.00596030e-005 6.52010798e-005 5.90243646e-005 5.65545525e-005 4.21599945e-005 2.92099751e-005 
1.00000000e+000 3.48214286e+001 1.00000000e+001 5.27809280e-004 1.92166686e-004 1.04820753e-004 8.96803627e-005 6.48801306e-005 5.87261687e-005 5.62661171e-005 4.19338860e-005 2.90431701e-005 
1.00000000e+000 3.42857143e+001 1.00000000e+001 4.42848907e-004 1.78088945e-004 9.90591277e-005 8.50872409e-005 6.20116715e-005 5.62415194e-005 5.39293540e-005 4.03759037e-005 2.80784457e-005 
1.00000000e+000 3.33928571e+001 1.00000000e+001 4.09893468e-004 1.67062204e-004 9.35239888e-005 8.04756259e-005 5.88851839e-005 5.34722373e-005 5.13008567e-005 3.85275547e-005 2.68711850e-005 
1.00000000e+000 3.21428571e+001 1.00000000e+001 3.12918331e-004 1.44423666e-004 8.33791520e-005 7.22508466e-005 5.36049416e-005 4.88678388e-005 4.69589319e-005 3.55890103e-005 2.50242710e-005 
1.00000000e+000 3.05357143e+001 1.00000000e+001 2.22309603e-004 1.18727759e-004 7.13688465e-005 6.24377188e-005 4.72208036e-005 4.32832373e-005 4.16863626e-005 3.20025067e-005 2.27707867e-005 
1.00000000e+000 2.85714286e+001 1.00000000e+001 1.31269031e-004 8.60227175e-005 5.52616928e-005 4.91408243e-005 3.84191069e-005 3.55553521e-005 3.43808355e-005 2.70157610e-005 1.96593130e-005 
1.00000000e+000 2.62500000e+001 1.00000000e+001 5.41488801e-005 4.97738098e-005 3.62496992e-005 3.32528751e-005 2.76953728e-005 2.61035389e-005 2.54339631e-005 2.08901181e-005 1.58670866e-005 
1.00000000e+000 2.35714286e+001 1.00000000e+001 2.75188072e-005 3.31825226e-005 2.66851696e-005 2.50803783e-005 2.19319107e-005 2.09606901e-005 2.05411080e-005 1.74431943e-005 1.36799633e-005 
1.00000000e+000 2.05357143e+001 1.00000000e+001 1.41819778e-005 2.26090051e-005 2.00790872e-005 1.93250037e-005 1.77098374e-005 1.71501848e-005 1.68986581e-005 1.48058032e-005 1.19611065e-005 
1.00000000e+000 1.71428571e+001 1.00000000e+001 7.24884614e-006 1.55073423e-005 1.52218760e-005 1.49960106e-005 1.43821197e-005 1.41053776e-005 1.39713160e-005 1.26111579e-005 1.04742425e-005 
1.00000000e+000 1.33928571e+001 1.00000000e+001 3.64418928e-006 1.05894538e-005 1.14730022e-005 1.15620418e-005 1.15888841e-005 1.15063752e-005 1.14547585e-005 1.06393776e-005 9.06625579e-006 
1.00000000e+000 9.28571429e+000 1.00000000e+001 1.81451263e-006 7.22011815e-006 8.60905029e-006 8.86844466e-006 9.28012499e-006 9.32552272e-006 9.32962173e-006 8.90721019e-006 7.76846869e-006 
1.00000000e+000 4.82142857e+000 1.00000000e+001 9.60874776e-007 5.04608185e-006 6.53405680e-006 6.86668165e-006 7.47914661e-006 7.60010438e-006 7.63807749e-006 7.47328597e-006 6.63798232e-006 
1.00000000e+000 0.00000000e+000 1.00000000e+001 7.18330342e-007 4.30523856e-006 5.80224930e-006 6.15671609e-006 6.83267309e-006 6.97811623e-006 7.02711173e-006 6.94789197e-006 6.21443412e-006 
1.25000000e+000 3.50000000e+001 1.00000000e+001 7.89547528e-004 2.28949693e-004 1.17456829e-004 9.91666983e-005 6.99673599e-005 6.29003074e-005 6.00974658e-005 4.40924274e-005 3.01072462e-005 
1.25000000e+000 3.48214286e+001 1.00000000e+001 8.52507871e-004 2.30708898e-004 1.17423255e-004 9.90231654e-005 6.97511647e-005 6.26844385e-005 5.98833358e-005 4.39043263e-005 2.99566917e-005 
1.25000000e+000 3.42857143e+001 1.00000000e+001 6.50455638e-004 2.08293512e-004 1.09366734e-004 9.27852505e-005 6.60635543e-005 5.95372969e-005 5.69414347e-005 4.20095355e-005 2.88219527e-005 
1.25000000e+000 3.33928571e+001 1.00000000e+001 6.01891582e-004 1.94203377e-004 1.02753978e-004 8.73565535e-005 6.24810522e-005 5.63866053e-005 5.39595706e-005 3.99469065e-005 2.74963416e-005 
1.25000000e+000 3.21428571e+001 1.00000000e+001 4.16325944e-004 1.62156139e-004 8.96499807e-005 7.69429621e-005 5.60399248e-005 5.08259042e-005 4.87372947e-005 3.64938086e-005 2.53739505e-005 
1.25000000e+000 3.05357143e+001 1.00000000e+001 2.64758840e-004 1.27787962e-004 7.46118644e-005 6.48296406e-005 4.83648837e-005 4.41596387e-005 4.24617854e-005 3.22953190e-005 2.27782789e-005 
1.25000000e+000 2.85714286e+001 1.00000000e+001 1.36373087e-004 8.68406425e-005 5.50975783e-005 4.88309685e-005 3.79071029e-005 3.50081975e-005 3.38222215e-005 2.64431637e-005 1.91544262e-005 
1.25000000e+000 2.62500000e+001 1.00000000e+001 4.69055769e-005 4.47768687e-005 3.29571326e-005 3.03041621e-005 2.53620416e-005 2.39397788e-005 2.33405856e-005 1.92487749e-005 1.46910253e-005 
1.25000000e+000 2.35714286e+001 1.00000000e+001 2.05777355e-005 2.72028065e-005 2.25392575e-005 2.13378736e-005 1.89431407e-005 1.81869911e-005 1.78574858e-005 1.53453237e-005 1.21898217e-005 
1.25000000e+000 2.05357143e+001 1.00000000e+001 9.09826586e-006 1.68575276e-005 1.57560739e-005 1.53572560e-005 1.44492975e-005 1.41034475e-005 1.39430144e-005 1.24649702e-005 1.02848175e-005 
1.25000000e+000 1.71428571e+001 1.00000000e+001 3.94665821e-006 1.04761220e-005 1.10891383e-005 1.11312210e-005 1.10978432e-005 1.10101808e-005 1.09584656e-005 1.01823969e-005 8.71191916e-006 
1.25000000e+000 1.33928571e+001 1.00000000e+001 1.66436222e-006 6.46986046e-006 7.77115429e-006 8.03330834e-006 8.48286691e-006 8.55206518e-006 8.56837158e-006 8.26616255e-006 7.31809262e-006 
1.25000000e+000 9.28571429e+000 1.00000000e+001 6.87378677e-007 3.99527481e-006 5.44637309e-006 5.79608538e-006 6.47746883e-006 6.63407846e-006 6.68985750e-006 6.69150812e-006 6.11139091e-006 
1.25000000e+000 4.82142857e+000 1.00000000e+001 3.03812353e-007 2.57126863e-006 3.91821991e-006 4.28046887e-006 5.03691063e-006 5.23261074e-006 5.30723643e-006 5.47791756e-006 5.12642113e-006 
1.25000000e+000 0.00000000e+000 1.00000000e+001 2.06016932e-007 2.11356090e-006 3.40082337e-006 3.76224123e-006 4.53456433e-006 4.74087743e-006 4.82080613e-006 5.04314613e-006 4.76462124e-006 
1.50000000e+000 3.50000000e+001 1.00000000e+001 1.28726046e-003 2.79331964e-004 1.33130372e-004 1.10682376e-004 7.59063921e-005 6.77240276e-005 6.45067475e-005 4.65166187e-005 3.12654545e-005 
1.50000000e+000 3.48214286e+001 1.00000000e+001 1.48938155e-003 2.84685546e-004 1.33745325e-004 1.10959441e-004 7.58641813e-005 6.76420527e-005 6.44124276e-005 4.63870665e-005 3.11393451e-005 
1.50000000e+000 3.42857143e+001 1.00000000e+001 1.00187079e-003 2.48535129e-004 1.22346453e-004 1.02395107e-004 7.10847619e-005 6.36271631e-005 6.06836937e-005 4.40731861e-005 2.98024837e-005 
1.50000000e+000 3.33928571e+001 1.00000000e+001 9.37643277e-004 2.30425394e-004 1.14385700e-004 9.59606204e-005 6.69619610e-005 6.00302116e-005 5.72906318e-005 4.17696956e-005 2.83488466e-005 
1.50000000e+000 3.21428571e+001 1.00000000e+001 5.77338767e-004 1.84696448e-004 9.73812444e-005 8.27307235e-005 5.91003038e-005 5.33167970e-005 5.10139251e-005 3.77235195e-005 2.59212443e-005 
1.50000000e+000 3.05357143e+001 1.00000000e+001 3.22184836e-004 1.38747604e-004 7.86170817e-005 6.78446775e-005 4.99356757e-005 4.54187342e-005 4.36026218e-005 3.28548361e-005 2.29633333e-005 
1.50000000e+000 2.85714286e+001 1.00000000e+001 1.42267846e-004 8.81876114e-005 5.53565884e-005 4.89189313e-005 3.77374774e-005 3.47844419e-005 3.35785761e-005 2.61235543e-005 1.88292599e-005 
1.50000000e+000 2.62500000e+001 1.00000000e+001 4.10177958e-005 4.07248891e-005 3.03229046e-005 2.79521536e-005 2.35065395e-005 2.22184723e-005 2.16746350e-005 1.79354161e-005 1.37385003e-005 
1.50000000e+000 2.35714286e+001 1.00000000e+001 1.56024471e-005 2.26296518e-005 1.93190759e-005 1.84186324e-005 1.65859473e-005 1.59904151e-005 1.57282648e-005 1.36587534e-005 1.09705653e-005 
1.50000000e+000 2.05357143e+001 1.00000000e+001 5.94036113e-006 1.27919906e-005 1.25676057e-005 1.23977736e-005 1.19554219e-005 1.17542246e-005 1.16560523e-005 1.06130025e-005 8.92451724e-006 
1.50000000e+000 1.71428571e+001 1.00000000e+001 2.19390627e-006 7.21435027e-006 8.21187342e-006 8.39050669e-006 8.67524116e-006 8.69940459e-006 8.69761943e-006 8.30186192e-006 7.30110006e-006 
1.50000000e+000 1.33928571e+001 1.00000000e+001 7.77699831e-007 4.02623385e-006 5.33913702e-006 5.65458784e-006 6.27403446e-006 6.41749013e-006 6.46888178e-006 6.46948995e-006 5.93932613e-006 
1.50000000e+000 9.28571429e+000 1.00000000e+001 2.66403134e-007 2.24213084e-006 3.47888382e-006 3.82060210e-006 4.55037710e-006 4.74706038e-006 4.82394641e-006 5.04842557e-006 4.82250211e-006 
1.50000000e+000 4.82142857e+000 1.00000000e+001 9.74155602e-008 1.31796654e-006 2.35799748e-006 2.67652847e-006 3.39960312e-006 3.60968738e-006 3.69458065e-006 4.02083299e-006 3.96285254e-006 
1.50000000e+000 0.00000000e+000 1.00000000e+001 5.90932371e-008 1.03764980e-006 1.99334378e-006 2.29907437e-006 3.00944655e-006 3.22095544e-006 3.30725487e-006 3.66061285e-006 3.65306802e-006 
1.75000000e+000 3.50000000e+001 1.00000000e+001 2.19216716e-003 3.48321377e-004 1.52982987e-004 1.25040126e-004 8.31222699e-005 7.35530070e-005 6.98246739e-005 4.94226928e-005 3.26636872e-005 
1.75000000e+000 3.48214286e+001 1.00000000e+001 2.79868898e-003 3.60898265e-004 1.54744105e-004 1.26036348e-004 8.33572000e-005 7.36798475e-005 6.99155660e-005 4.93792984e-005 3.25722632e-005 
1.75000000e+000 3.42857143e+001 1.00000000e+001 1.60683884e-003 3.02118396e-004 1.38481768e-004 1.14183110e-004 7.71205032e-005 6.85258099e-005 6.51610608e-005 4.65412007e-005 3.09931207e-005 
1.75000000e+000 3.33928571e+001 1.00000000e+001 1.54351313e-003 2.78896974e-004 1.28848935e-004 1.06515417e-004 7.23543889e-005 6.44028280e-005 6.12854367e-005 4.39630943e-005 2.93983809e-005 
1.75000000e+000 3.21428571e+001 1.00000000e+001 8.33983317e-004 2.13231665e-004 1.06686012e-004 8.96457086e-005 6.27411544e-005 5.62876875e-005 5.37340163e-005 3.92248624e-005 2.66275421e-005 
1.75000000e+000 3.05357143e+001 1.00000000e+001 4.00907801e-004 1.51761941e-004 8.33049125e-005 7.13892831e-005 5.18368208e-005 4.69681777e-005 4.50187058e-005 3.36101377e-005 2.32791969e-005 
1.75000000e+000 2.85714286e+001 1.00000000e+001 1.48869411e-004 8.98628733e-005 5.58667270e-005 4.92443193e-005 3.77786549e-005 3.47625473e-005 3.35327706e-005 2.59699038e-005 1.86283802e-005 
1.75000000e+000 2.62500000e+001 1.00000000e+001 3.61022447e-005 3.73015227e-005 2.81175216e-005 2.59895504e-005 2.19681166e-005 2.07932708e-005 2.02958940e-005 1.68491518e-005 1.29470646e-005 
1.75000000e+000 2.35714286e+001 1.00000000e+001 1.19445975e-005 1.90112811e-005 1.67280472e-005 1.60613168e-005 1.46674227e-005 1.41977671e-005 1.39884609e-005 1.22686575e-005 9.95335744e-006 
1.75000000e+000 2.05357143e+001 1.00000000e+001 3.92595126e-006 9.82607143e-006 1.01444976e-005 1.01261367e-005 9.99983315e-006 9.89971777e-006 9.84548978e-006 9.11983134e-006 7.80450867e-006 
1.75000000e+000 1.71428571e+001 1.00000000e+001 1.23714344e-006 5.03781825e-006 6.15862580e-006 6.40163915e-006 6.85393775e-006 6.94342988e-006 6.97173394e-006 6.82567500e-006 6.16002017e-006 
1.75000000e+000 1.33928571e+001 1.00000000e+001 3.69214044e-007 2.54135887e-006 3.71155243e-006 4.02392860e-006 4.68240869e-006 4.85643165e-006 4.92387505e-006 5.09695125e-006 4.84472767e-006 
1.75000000e+000 9.28571429e+000 1.00000000e+001 1.05007358e-007 1.27336366e-006 2.24133591e-006 2.53795270e-006 3.21567664e-006 3.41532371e-006 3.49671403e-006 3.82420156e-006 3.81662829e-006 
1.75000000e+000 4.82142857e+000 1.00000000e+001 3.16159996e-008 6.79320282e-007 1.42393193e-006 1.67859220e-006 2.29943478e-006 2.49490742e-006 2.57666045e-006 2.95531394e-006 3.06628168e-006 
1.75000000e+000 0.00000000e+000 1.00000000e+001 1.69522941e-008 5.09454371e-007 1.16839785e-006 1.40497388e-006 1.99730245e-006 2.18834684e-006 2.26892867e-006 2.65711161e-006 2.80084912e-006 
2.00000000e+000 3.50000000e+001 1.00000000e+001 3.86716211e-003 4.43208620e-004 1.78079006e-004 1.42865875e-004 9.17988848e-005 8.05075384e-005 7.61504244e-005 5.28317520e-005 3.42964544e-005 
2.00000000e+000 3.48214286e+001 1.00000000e+001 5.61554202e-003 4.69849622e-004 1.81806957e-004 1.45057294e-004 9.24640051e-005 8.09519211e-005 7.65205498e-005 5.29119728e-005 3.42527661e-005 
2.00000000e+000 3.42857143e+001 1.00000000e+001 2.66574518e-003 3.73715532e-004 1.58471831e-004 1.28557971e-004 8.42828686e-005 7.43024104e-005 7.04284935e-005 4.94170303e-005 3.23820696e-005 
2.00000000e+000 3.33928571e+001 1.00000000e+001 2.66990271e-003 3.44262702e-004 1.46793171e-004 1.19392683e-004 7.87524674e-005 6.95594540e-005 6.59861501e-005 4.65240236e-005 3.06301838e-005 
2.00000000e+000 3.21428571e+001 1.00000000e+001 1.25281094e-003 2.49475594e-004 1.17798363e-004 9.78107256e-005 6.69724105e-005 5.97330455e-005 5.68871283e-005 4.09729945e-005 2.74698679e-005 
2.00000000e+000 3.05357143e+001 1.00000000e+001 5.10501201e-004 1.67149928e-004 8.86783720e-005 7.54416116e-005 5.40238437e-005 4.87618384e-005 4.66637203e-005 3.45197661e-005 2.36957040e-005 
2.00000000e+000 2.85714286e+001 1.00000000e+001 1.56177647e-004 9.17739331e-005 5.65404136e-005 4.97229232e-005 3.79564077e-005 3.48723315e-005 3.36164852e-005 2.59281568e-005 1.85149297e-005 
2.00000000e+000 2.62500000e+001 1.00000000e+001 3.19282571e-005 3.43342188e-005 2.62131614e-005 2.42989341e-005 2.06511230e-005 1.95755185e-005 1.91187435e-005 1.59250953e-005 1.22740979e-005 
2.00000000e+000 2.35714286e+001 1.00000000e+001 9.21011972e-006 1.60842214e-005 1.45906835e-005 1.41092664e-005 1.30671999e-005 1.26993410e-005 1.25328625e-005 1.10984588e-005 9.08981547e-006 
2.00000000e+000 2.05357143e+001 1.00000000e+001 2.61806551e-006 7.61503637e-006 8.26153224e-006 8.34380407e-006 8.43500722e-006 8.40699006e-006 8.38446442e-006 7.89594166e-006 6.87010103e-006 
2.00000000e+000 1.71428571e+001 1.00000000e+001 7.04968233e-007 3.55460952e-006 4.66446262e-006 4.93112936e-006 5.46229648e-006 5.58844365e-006 5.63440747e-006 5.65246643e-006 5.22824967e-006 
2.00000000e+000 1.33928571e+001 1.00000000e+001 1.77332271e-007 1.62188774e-006 2.60514663e-006 2.88975862e-006 3.52190288e-006 3.70221678e-006 3.77479589e-006 4.03955077e-006 3.97026731e-006 
2.00000000e+000 9.28571429e+000 1.00000000e+001 4.19204611e-008 7.30462918e-007 1.45506786e-006 1.69763898e-006 2.28492600e-006 2.46959813e-006 2.54698702e-006 2.90789351e-006 3.02905533e-006 
2.00000000e+000 4.82142857e+000 1.00000000e+001 1.03676226e-008 3.51965993e-007 8.62709910e-007 1.05575817e-006 1.55853975e-006 1.72763735e-006 1.80022137e-006 2.17504229e-006 2.37476840e-006 
2.00000000e+000 0.00000000e+000 1.00000000e+001 4.86378837e-009 2.50137130e-007 6.84872428e-007 8.58602833e-007 1.32558370e-006 1.48680167e-006 1.55660777e-006 1.92872156e-006 2.14745587e-006 
2.25000000e+000 3.50000000e+001 1.00000000e+001 7.02012405e-003 5.74443017e-004 2.09838834e-004 1.64991413e-004 1.02190563e-004 8.87603694e-005 8.36296806e-005 5.67878468e-005 3.61693071e-005 
2.25000000e+000 3.48214286e+001 1.00000000e+001 1.19295830e-002 6.27834649e-004 2.16868561e-004 1.69127755e-004 1.03511173e-004 8.96791288e-005 8.44134995e-005 5.70425279e-005 3.61901186e-005 
2.25000000e+000 3.42857143e+001 1.00000000e+001 4.54854957e-003 4.69849876e-004 1.83245224e-004 1.46066512e-004 9.27370995e-005 8.10673825e-005 7.65781581e-005 5.27243684e-005 3.39680072e-005 
2.25000000e+000 3.33928571e+001 1.00000000e+001 4.82090274e-003 4.33253936e-004 1.69106421e-004 1.35105591e-004 8.63038518e-005 7.55965998e-005 7.14723964e-005 4.94699172e-005 3.20402062e-005 
2.25000000e+000 3.21428571e+001 1.00000000e+001 1.95172138e-003 2.95789437e-004 1.31053461e-004 1.07416976e-004 7.18394324e-005 6.36773116e-005 6.04908027e-005 4.29610942e-005 2.84356040e-005 
2.25000000e+000 3.05357143e+001 1.00000000e+001 6.65489333e-004 1.85362690e-004 9.47870030e-005 8.00191668e-005 5.64811939e-005 5.07797884e-005 4.85164141e-005 3.55601255e-005 2.41934810e-005 
2.25000000e+000 2.85714286e+001 1.00000000e+001 1.64233067e-004 9.38754750e-005 5.73306509e-005 5.03084727e-005 3.82275407e-005 3.50721535e-005 3.37888381e-005 2.59641539e-005 1.84641352e-005 
2.25000000e+000 2.62500000e+001 1.00000000e+001 2.83421675e-005 3.17183900e-005 2.45334576e-005 2.28097131e-005 1.94963643e-005 1.85096490e-005 1.80892051e-005 1.51206216e-005 1.16901300e-005 
2.25000000e+000 2.35714286e+001 1.00000000e+001 7.14150767e-006 1.36802408e-005 1.27960685e-005 1.24630411e-005 1.17071741e-005 1.14232239e-005 1.12921736e-005 1.00959617e-005 8.34546705e-006 
2.25000000e+000 2.05357143e+001 1.00000000e+001 1.75808720e-006 5.94133297e-006 6.77381625e-006 6.92186011e-006 7.16242826e-006 7.18629867e-006 7.18691196e-006 6.87852188e-006 6.08128542e-006 
2.25000000e+000 1.71428571e+001 1.00000000e+001 4.04952040e-007 2.52808443e-006 3.56029537e-006 3.82743489e-006 4.38435388e-006 4.52912246e-006 4.58480338e-006 4.70974392e-006 4.46068508e-006 
2.25000000e+000 1.33928571e+001 1.00000000e+001 8.59295182e-008 1.04409469e-006 1.84313244e-006 2.09111293e-006 2.66685026e-006 2.84040191e-006 2.91200035e-006 3.21857322e-006 3.26752279e-006 
2.25000000e+000 9.28571429e+000 1.00000000e+001 1.69000129e-008 4.22566261e-007 9.50987211e-007 1.14259370e-006 1.63171026e-006 1.79404972e-006 1.86354825e-006 2.21905419e-006 2.41044698e-006 
2.25000000e+000 4.82142857e+000 1.00000000e+001 3.42980435e-009 1.83241055e-007 5.24330396e-007 6.65855344e-007 1.05850222e-006 1.19851130e-006 1.25994401e-006 1.60286474e-006 1.84089776e-006 
2.25000000e+000 0.00000000e+000 1.00000000e+001 1.39564838e-009 1.22820075e-007 4.01456951e-007 5.24717073e-007 8.79785072e-007 1.01017207e-006 1.06792981e-006 1.40001604e-006 1.64649855e-006 
2.50000000e+000 3.50000000e+001 1.00000000e+001 1.30470885e-002 7.57030595e-004 2.50129385e-004 1.92493648e-004 1.14623845e-004 9.85351813e-005 9.24522256e-005 6.13540745e-005 3.82962083e-005 
2.50000000e+000 3.48214286e+001 1.00000000e+001 2.65866591e-002 8.60405240e-004 2.62607742e-004 1.99743179e-004 1.16928924e-004 1.00152952e-004 9.38407690e-005 6.18520229e-005 3.84030942e-005 
2.50000000e+000 3.42857143e+001 1.00000000e+001 7.94520168e-003 5.99626093e-004 2.14004196e-004 1.67410166e-004 1.02698307e-004 8.89676527e-005 8.37343763e-005 5.65024334e-005 3.57572161e-005 
2.50000000e+000 3.33928571e+001 1.00000000e+001 9.02478508e-003 5.55648219e-004 1.96969477e-004 1.54329239e-004 9.52066854e-005 8.26475303e-005 7.78561216e-005 5.28338136e-005 3.36321238e-005 
2.50000000e+000 3.21428571e+001 1.00000000e+001 3.14191265e-003 3.55396339e-004 1.46890778e-004 1.18719301e-004 7.74141819e-005 6.81663970e-005 6.45823027e-005 4.51944078e-005 2.95191604e-005 
2.50000000e+000 3.05357143e+001 1.00000000e+001 8.88043957e-004 2.06988901e-004 1.01712155e-004 8.51643511e-005 5.92104888e-005 5.30176853e-005 5.05704909e-005 3.67186855e-005 2.47602528e-005 
2.50000000e+000 2.85714286e+001 1.00000000e+001 1.73101790e-004 9.61448809e-005 5.82110113e-005 5.09744237e-005 3.85661064e-005 3.53366012e-005 3.40247055e-005 2.60559067e-005 1.84591505e-005 
2.50000000e+000 2.62500000e+001 1.00000000e+001 2.52345080e-005 2.93850321e-005 2.30296330e-005 2.14768740e-005 1.84656669e-005 1.75595549e-005 1.71720686e-005 1.44070789e-005 1.11744913e-005 
2.50000000e+000 2.35714286e+001 1.00000000e+001 5.56257918e-006 1.16842299e-005 1.12697524e-005 1.10559946e-005 1.05346006e-005 1.03205753e-005 1.02191940e-005 9.22475144e-006 7.69538726e-006 
2.50000000e+000 2.05357143e+001 1.00000000e+001 1.18719762e-006 4.66005957e-006 5.58359894e-006 5.77288551e-006 6.11410685e-006 6.17524134e-006 6.19277672e-006 6.02260006e-006 5.40840564e-006 
2.50000000e+000 1.71428571e+001 1.00000000e+001 2.34099851e-007 1.80928791e-006 2.73439233e-006 2.98904317e-006 3.53985287e-006 3.69176112e-006 3.75201129e-006 3.94487355e-006 3.82331750e-006 
2.50000000e+000 1.33928571e+001 1.00000000e+001 4.19306701e-008 6.76805628e-007 1.31258554e-006 1.52283981e-006 2.03105636e-006 2.19129549e-006 2.25864452e-006 2.57660860e-006 2.69962832e-006 
2.50000000e+000 9.28571429e+000 1.00000000e+001 6.86596565e-009 2.46180535e-007 6.25207107e-007 7.73254119e-007 1.17054947e-006 1.30884528e-006 1.36912954e-006 1.69905805e-006 1.92306171e-006 
2.50000000e+000 4.82142857e+000 1.00000000e+001 1.14312556e-009 9.58256755e-008 3.19626549e-007 4.21055883e-007 7.20301759e-007 8.32913460e-007 8.83307494e-007 1.18271188e-006 1.42833794e-006 
2.50000000e+000 0.00000000e+000 1.00000000e+001 4.00527338e-010 6.03085404e-008 2.35330720e-007 3.20676303e-007 5.83918347e-007 6.86345987e-007 7.32675015e-007 1.01624921e-006 1.26241176e-006 
0.00000000e+000 3.50000000e+001 2.00000000e+001 2.40835454e-004 1.62103260e-004 1.02079413e-004 8.98243408e-005 6.81135745e-005 6.23374248e-005 5.99827032e-005 4.57028793e-005 3.22808153e-005 
0.00000000e+000 3.48214286e+001 2.00000000e+001 2.39081438e-004 1.60950167e-004 1.01360354e-004 8.91936240e-005 6.76393274e-005 6.19046740e-005 5.95668317e-005 4.53882681e-005 3.20592973e-005 
0.00000000e+000 3.42857143e+001 2.00000000e+001 2.33744843e-004 1.57437959e-004 9.91690761e-005 8.72713165e-005 6.61934907e-005 6.05852500e-005 5.82988250e-005 4.44288512e-005 3.13836247e-005 
0.00000000e+000 3.33928571e+001 2.00000000e+001 2.25274817e-004 1.51865964e-004 9.56941715e-005 8.42235838e-005 6.39027507e-005 5.84953570e-005 5.62906135e-005 4.29104303e-005 3.03146833e-005 
0.00000000e+000 3.21428571e+001 2.00000000e+001 2.14201021e-004 1.44579487e-004 9.11513716e-005 8.02400235e-005 6.09107713e-005 5.57665261e-005 5.36687913e-005 4.09296332e-005 2.89207669e-005 
0.00000000e+000 3.05357143e+001 2.00000000e+001 2.01449734e-004 1.36192291e-004 8.59285944e-005 7.56628761e-005 5.74789956e-005 5.26386045e-005 5.06643773e-005 3.86634518e-005 2.73274251e-005 
0.00000000e+000 2.85714286e+001 2.00000000e+001 1.87309100e-004 1.26881425e-004 8.01341953e-005 7.05869170e-005 5.36791084e-005 4.91773584e-005 4.73407383e-005 3.61607451e-005 2.55696408e-005 
0.00000000e+000 2.62500000e+001 2.00000000e+001 1.72840239e-004 1.17355960e-004 7.42142712e-005 6.54052670e-005 4.98103105e-005 4.56568220e-005 4.39616226e-005 3.36225698e-005 2.37895473e-005 
0.00000000e+000 2.35714286e+001 2.00000000e+001 1.58439994e-004 1.07861001e-004 6.83175417e-005 6.02471232e-005 4.59678469e-005 4.21634597e-005 4.06099591e-005 3.11111271e-005 2.20306772e-005 
0.00000000e+000 2.05357143e+001 2.00000000e+001 1.44549590e-004 9.87068114e-005 6.26346026e-005 5.52788461e-005 4.22752262e-005 3.88095464e-005 3.73934893e-005 2.87076095e-005 2.03506148e-005 
0.00000000e+000 1.71428571e+001 2.00000000e+001 1.31576342e-004 9.01872705e-005 5.73456038e-005 5.06545705e-005 3.88398788e-005 3.56905945e-005 3.44030031e-005 2.64768105e-005 1.87939356e-005 
0.00000000e+000 1.33928571e+001 2.00000000e+001 1.20707327e-004 8.31692082e-005 5.30053146e-005 4.68617876e-005 3.60252939e-005 3.31366108e-005 3.19548912e-005 2.46547706e-005 1.75265524e-005 
0.00000000e+000 9.28571429e+000 2.00000000e+001 1.13618114e-004 7.87278938e-005 5.02653785e-005 4.44654537e-005 3.42474370e-005 3.15253455e-005 3.04115038e-005 2.35131395e-005 1.67389111e-005 
0.00000000e+000 4.82142857e+000 2.00000000e+001 1.07630427e-004 7.49719503e-005 4.78770365e-005 4.23558700e-005 3.26534639e-005 3.00742603e-005 2.90191380e-005 2.24746854e-005 1.60199526e-005 
0.00000000e+000 0.00000000e+000 2.00000000e+001 1.05216263e-004 7.35182717e-005 4.69750787e-005 4.15628827e-005 3.20596573e-005 2.95351000e-005 2.85023654e-005 2.20916092e-005 1.57558945e-005 
2.50000000e-001 3.50000000e+001 2.00000000e+001 2.73174095e-004 1.67638437e-004 1.03298253e-004 9.05017404e-005 6.81090129e-005 6.22189332e-005 5.98261705e-005 4.54289385e-005 3.20295009e-005 
2.50000000e-001 3.48214286e+001 2.00000000e+001 2.71482429e-004 1.66419434e-004 1.02533626e-004 8.98310228e-005 6.76054476e-005 6.17598451e-005 5.93851882e-005 4.50965419e-005 3.17967299e-005 
2.50000000e-001 3.42857143e+001 2.00000000e+001 2.57745156e-004 1.60281948e-004 9.91693472e-005 8.69686224e-005 6.55794054e-005 5.99427305e-005 5.76514549e-005 4.38393663e-005 3.09487688e-005 
2.50000000e-001 3.33928571e+001 2.00000000e+001 2.41740649e-004 1.52091947e-004 9.44784793e-005 8.29366946e-005 6.26684667e-005 5.73175385e-005 5.51410241e-005 4.19950011e-005 2.96886810e-005 
2.50000000e-001 3.21428571e+001 2.00000000e+001 2.17147293e-004 1.40113925e-004 8.77608955e-005 7.71942574e-005 5.85705159e-005 5.36348920e-005 5.16246459e-005 3.94349093e-005 2.79556109e-005 
2.50000000e-001 3.05357143e+001 2.00000000e+001 1.88000697e-004 1.25640799e-004 7.96534885e-005 7.02717411e-005 5.36483230e-005 4.92177385e-005 4.74095976e-005 3.63791754e-005 2.58970085e-005 
2.50000000e-001 2.85714286e+001 2.00000000e+001 1.50593536e-004 1.07079884e-004 6.93899264e-005 6.15470270e-005 4.75111187e-005 4.37300613e-005 4.21812587e-005 3.26274282e-005 2.33996007e-005 
2.50000000e-001 2.62500000e+001 2.00000000e+001 1.07746158e-004 8.58178300e-005 5.77756325e-005 5.17160381e-005 4.06664945e-005 3.76305794e-005 3.63785842e-005 2.85021655e-005 2.06815790e-005 
2.50000000e-001 2.35714286e+001 2.00000000e+001 8.22396022e-005 7.13545061e-005 4.94159195e-005 4.45362675e-005 3.55147001e-005 3.29982622e-005 3.19548995e-005 2.52825297e-005 1.85021322e-005 
2.50000000e-001 2.05357143e+001 2.00000000e+001 6.37632465e-005 5.98706300e-005 4.25410415e-005 3.85812769e-005 3.11691303e-005 2.90721020e-005 2.81980652e-005 2.25153185e-005 1.66037639e-005 
2.50000000e-001 1.71428571e+001 2.00000000e+001 5.00756895e-005 5.06605308e-005 3.68634080e-005 3.36278736e-005 2.75024131e-005 2.57458741e-005 2.50099657e-005 2.01439694e-005 1.49600986e-005 
2.50000000e-001 1.33928571e+001 2.00000000e+001 4.03277552e-005 4.37409917e-005 3.25246259e-005 2.98268768e-005 2.46652665e-005 2.31662794e-005 2.25351946e-005 1.82938068e-005 1.36719269e-005 
2.50000000e-001 9.28571429e+000 2.00000000e+001 3.40558478e-005 3.92620659e-005 2.97235900e-005 2.73737023e-005 2.28375216e-005 2.15065833e-005 2.09440068e-005 1.71108713e-005 1.28549952e-005 
2.50000000e-001 4.82142857e+000 2.00000000e+001 2.98982584e-005 3.60498752e-005 2.76070666e-005 2.54909967e-005 2.13900492e-005 2.01806972e-005 1.96683104e-005 1.61433347e-005 1.21748932e-005 
2.50000000e-001 0.00000000e+000 2.00000000e+001 2.83732726e-005 3.48569130e-005 2.68252798e-005 2.47965837e-005 2.08581073e-005 1.96940490e-005 1.92003400e-005 1.57895070e-005 1.19266684e-005 
5.00000000e-001 3.50000000e+001 2.00000000e+001 3.76889946e-004 1.90510917e-004 1.11401542e-004 9.65077894e-005 7.11316547e-005 6.46245246e-005 6.20019858e-005 4.65228301e-005 3.24836939e-005 
5.00000000e-001 3.48214286e+001 2.00000000e+001 3.77891388e-004 1.89525938e-004 1.10684485e-004 9.58652996e-005 7.06337347e-005 6.41674676e-005 6.15618197e-005 4.61869706e-005 3.22466784e-005 
5.00000000e-001 3.42857143e+001 2.00000000e+001 3.42179045e-004 1.79058896e-004 1.05660814e-004 9.17196091e-005 6.78688071e-005 6.17286224e-005 5.92508576e-005 4.45767448e-005 3.12023545e-005 
5.00000000e-001 3.33928571e+001 2.00000000e+001 3.12217490e-004 1.67449086e-004 9.95496960e-005 8.65665259e-005 6.42837044e-005 5.85287102e-005 5.62038963e-005 4.23932438e-005 2.97473782e-005 
5.00000000e-001 3.21428571e+001 2.00000000e+001 2.62653846e-004 1.49372960e-004 9.02943282e-005 7.88200676e-005 5.89806435e-005 5.38189378e-005 5.17287679e-005 3.92278295e-005 2.76668629e-005 
5.00000000e-001 3.05357143e+001 2.00000000e+001 2.09611730e-004 1.28137950e-004 7.92104050e-005 6.95140370e-005 5.25836628e-005 4.81343350e-005 4.63265378e-005 3.54072120e-005 2.51605547e-005 
5.00000000e-001 2.85714286e+001 2.00000000e+001 1.47665054e-004 1.00975550e-004 6.48786472e-005 5.74772623e-005 4.43300573e-005 4.08113663e-005 3.93727545e-005 3.05201811e-005 2.19859648e-005 
5.00000000e-001 2.62500000e+001 2.00000000e+001 8.32722428e-005 6.99685104e-005 4.83473807e-005 4.35919301e-005 3.48375529e-005 3.24035263e-005 3.13954046e-005 2.49494798e-005 1.84005205e-005 
5.00000000e-001 2.35714286e+001 2.00000000e+001 5.27749538e-005 5.21513675e-005 3.81125410e-005 3.48308374e-005 2.86072634e-005 2.68196679e-005 2.60708812e-005 2.11148357e-005 1.58444945e-005 
5.00000000e-001 2.05357143e+001 2.00000000e+001 3.42071829e-005 3.95637520e-005 3.04847461e-005 2.82156740e-005 2.37771948e-005 2.24573530e-005 2.18977278e-005 1.80505114e-005 1.37585147e-005 
5.00000000e-001 1.71428571e+001 2.00000000e+001 2.24969447e-005 3.04502736e-005 2.46931001e-005 2.31346342e-005 1.99797343e-005 1.90043768e-005 1.85851259e-005 1.55768748e-005 1.20447277e-005 
5.00000000e-001 1.33928571e+001 2.00000000e+001 1.52270057e-005 2.40974934e-005 2.05136577e-005 1.94384808e-005 1.71728686e-005 1.64405685e-005 1.61209449e-005 1.37170016e-005 1.07431190e-005 
5.00000000e-001 9.28571429e+000 2.00000000e+001 1.09390775e-005 2.00640033e-005 1.78262856e-005 1.70562291e-005 1.53582791e-005 1.47828689e-005 1.45277690e-005 1.25171183e-005 9.90803041e-006 
5.00000000e-001 4.82142857e+000 2.00000000e+001 8.48658703e-006 1.74593201e-005 1.59839392e-005 1.53945661e-005 1.40456675e-005 1.35709424e-005 1.33578409e-005 1.16127575e-005 9.26214487e-006 
5.00000000e-001 0.00000000e+000 2.00000000e+001 7.65511102e-006 1.65292253e-005 1.53200629e-005 1.47948882e-005 1.35710754e-005 1.31326491e-005 1.29347091e-005 1.12855843e-005 9.02828025e-006 
7.50000000e-001 3.50000000e+001 2.00000000e+001 5.77535139e-004 2.27816479e-004 1.24680431e-004 1.06466033e-004 7.63743554e-005 6.88831291e-005 6.58918307e-005 4.86355830e-005 3.34772620e-005 
7.50000000e-001 3.48214286e+001 2.00000000e+001 5.92476658e-004 2.27700370e-004 1.24156572e-004 1.05950765e-004 7.59259027e-005 6.84622741e-005 6.54832134e-005 4.83118393e-005 3.32431321e-005 
7.50000000e-001 3.42857143e+001 2.00000000e+001 4.97048116e-004 2.09624480e-004 1.16626556e-004 9.99367490e-005 7.21620139e-005 6.52005362e-005 6.24149783e-005 4.62615422e-005 3.19656326e-005 
7.50000000e-001 3.33928571e+001 2.00000000e+001 4.39591775e-004 1.92999465e-004 1.08665719e-004 9.33660439e-005 6.77739366e-005 6.13276573e-005 5.87441763e-005 4.36991691e-005 3.03005685e-005 
7.50000000e-001 3.21428571e+001 2.00000000e+001 3.38918212e-004 1.66012617e-004 9.61251049e-005 8.31001944e-005 6.10416406e-005 5.54195927e-005 5.31580768e-005 3.98586923e-005 2.78455786e-005 
7.50000000e-001 3.05357143e+001 2.00000000e+001 2.45036351e-004 1.36059394e-004 8.15724866e-005 7.10821531e-005 5.30427707e-005 4.83756969e-005 4.64892084e-005 3.52448020e-005 2.48856272e-005 
7.50000000e-001 2.85714286e+001 2.00000000e+001 1.51339650e-004 9.96686500e-005 6.31241409e-005 5.57360320e-005 4.27221238e-005 3.92704344e-005 3.78635482e-005 2.92698265e-005 2.10663003e-005 
7.50000000e-001 2.62500000e+001 2.00000000e+001 6.87988087e-005 6.02497639e-005 4.22598477e-005 3.82558675e-005 3.08492886e-005 2.87784272e-005 2.79190528e-005 2.23762246e-005 1.66766121e-005 
7.50000000e-001 2.35714286e+001 2.00000000e+001 3.67053822e-005 4.03688171e-005 3.06891819e-005 2.83309987e-005 2.37739950e-005 2.24359829e-005 2.18712141e-005 1.80271912e-005 1.37932650e-005 
7.50000000e-001 2.05357143e+001 2.00000000e+001 2.00484173e-005 2.76432059e-005 2.27267007e-005 2.13810188e-005 1.86424290e-005 1.77888632e-005 1.74210123e-005 1.47445598e-005 1.15578244e-005 
7.50000000e-001 1.71428571e+001 2.00000000e+001 1.10509391e-005 1.92286367e-005 1.70978168e-005 1.63892768e-005 1.48374311e-005 1.43112222e-005 1.40779030e-005 1.22218420e-005 9.79931176e-006 
7.50000000e-001 1.33928571e+001 2.00000000e+001 6.22437286e-006 1.37868108e-005 1.32516548e-005 1.29357509e-005 1.21399914e-005 1.18288887e-005 1.16848284e-005 1.03864964e-005 8.50033118e-006 
7.50000000e-001 9.28571429e+000 2.00000000e+001 3.71095623e-006 1.04810262e-005 1.08327183e-005 1.07487657e-005 1.04121444e-005 1.02348956e-005 1.01467828e-005 9.20308619e-006 7.66361379e-006 
7.50000000e-001 4.82142857e+000 2.00000000e+001 2.45780822e-006 8.51485087e-006 9.29145233e-006 9.32888264e-006 9.24500969e-006 9.14545491e-006 9.09037768e-006 8.36592712e-006 7.05338057e-006 
7.50000000e-001 0.00000000e+000 2.00000000e+001 2.06637238e-006 7.83945625e-006 8.75016708e-006 8.82805714e-006 8.83033052e-006 8.75770696e-006 8.71413173e-006 8.06666060e-006 6.83440506e-006 
1.00000000e+000 3.50000000e+001 2.00000000e+001 9.61659021e-004 2.82604208e-004 1.43156904e-004 1.20224715e-004 8.35926464e-005 7.47603829e-005 7.12683548e-005 5.16039823e-005 3.49176905e-005 
1.00000000e+000 3.48214286e+001 2.00000000e+001 1.03417652e-003 2.84840599e-004 1.43099432e-004 1.20011397e-004 8.32612848e-005 7.44263168e-005 7.09359897e-005 5.13127559e-005 3.46948882e-005 
1.00000000e+000 3.42857143e+001 2.00000000e+001 7.75107760e-004 2.53316405e-004 1.31730837e-004 1.11233010e-004 7.81191176e-005 7.00520418e-005 6.68525877e-005 4.87012705e-005 3.31343218e-005 
1.00000000e+000 3.33928571e+001 2.00000000e+001 6.65920937e-004 2.29254227e-004 1.21287599e-004 1.02808513e-004 7.27368373e-005 6.53594010e-005 6.24270580e-005 4.56987643e-005 3.12346638e-005 
1.00000000e+000 3.21428571e+001 2.00000000e+001 4.59447819e-004 1.88908598e-004 1.04340953e-004 8.92553748e-005 6.42417475e-005 5.79974602e-005 5.55022491e-005 4.10768714e-005 2.83625843e-005 
1.00000000e+000 3.05357143e+001 2.00000000e+001 2.94258457e-004 1.47206432e-004 8.55328556e-005 7.39870835e-005 5.44125990e-005 4.94217755e-005 4.74141792e-005 3.56030980e-005 2.49256338e-005 
1.00000000e+000 2.85714286e+001 2.00000000e+001 1.57211140e-004 1.00281886e-004 6.26719496e-005 5.51463428e-005 4.19720646e-005 3.85032912e-005 3.70931935e-005 2.85445266e-005 2.04733719e-005 
1.00000000e+000 2.62500000e+001 2.00000000e+001 5.83534451e-005 5.33347080e-005 3.78994682e-005 3.44139967e-005 2.79290117e-005 2.61059132e-005 2.53481377e-005 2.04302602e-005 1.53342496e-005 
1.00000000e+000 2.35714286e+001 2.00000000e+001 2.64466218e-005 3.22817373e-005 2.54141558e-005 2.36619586e-005 2.02097778e-005 1.91742947e-005 1.87341174e-005 1.56602710e-005 1.21715475e-005 
1.00000000e+000 2.05357143e+001 2.00000000e+001 1.22583175e-005 2.00017314e-005 1.74261419e-005 1.66293440e-005 1.49325235e-005 1.43746976e-005 1.41299791e-005 1.22335596e-005 9.82486328e-006 
1.00000000e+000 1.71428571e+001 2.00000000e+001 5.69163734e-006 1.25668840e-005 1.21465050e-005 1.18844102e-005 1.12228777e-005 1.09609278e-005 1.08391525e-005 9.71289158e-006 8.04815209e-006 
1.00000000e+000 1.33928571e+001 2.00000000e+001 2.67076832e-006 8.12331693e-006 8.73528991e-006 8.76450536e-006 8.69940854e-006 8.61661127e-006 8.57041829e-006 7.93600997e-006 6.76961795e-006 
1.00000000e+000 9.28571429e+000 2.00000000e+001 1.31100485e-006 5.58128973e-006 6.66274179e-006 6.84533054e-006 7.11284525e-006 7.13481317e-006 7.13343244e-006 6.79943533e-006 5.94791030e-006 
1.00000000e+000 4.82142857e+000 2.00000000e+001 7.24893189e-007 4.18056562e-006 5.42221162e-006 5.67206182e-006 6.09943792e-006 6.17601481e-006 6.19856927e-006 6.03562551e-006 5.37673541e-006 
1.00000000e+000 0.00000000e+000 2.00000000e+001 5.58059003e-007 3.71868292e-006 4.99817675e-006 5.26807761e-006 5.74596477e-006 5.84048886e-006 5.87098908e-006 5.76604144e-006 5.17375891e-006 
1.25000000e+000 3.50000000e+001 2.00000000e+001 1.71283811e-003 3.61641783e-004 1.67789297e-004 1.38293989e-004 9.28566963e-005 8.22704389e-005 7.81285263e-005 5.53776617e-005 3.67603764e-005 
1.25000000e+000 3.48214286e+001 2.00000000e+001 1.99925367e-003 3.69568079e-004 1.68715057e-004 1.38698404e-004 9.27528674e-005 8.21031597e-005 7.79421302e-005 5.51481049e-005 3.65598696e-005 
1.25000000e+000 3.42857143e+001 2.00000000e+001 1.28309552e-003 3.14269850e-004 1.51459050e-004 1.25819504e-004 8.56985939e-005 7.62149741e-005 7.24884217e-005 5.18143253e-005 3.46518885e-005 
1.25000000e+000 3.33928571e+001 2.00000000e+001 1.08172487e-003 2.79308599e-004 1.37677313e-004 1.14957074e-004 7.90696371e-005 7.05091414e-005 6.71357763e-005 4.82908321e-005 3.24849173e-005 
1.25000000e+000 3.21428571e+001 2.00000000e+001 6.53135110e-004 2.18829456e-004 1.14757812e-004 9.70604615e-005 6.83642973e-005 6.13521185e-005 5.85687247e-005 4.27464342e-005 2.91389497e-005 
1.25000000e+000 3.05357143e+001 2.00000000e+001 3.61996241e-004 1.61089463e-004 9.06235415e-005 7.78106521e-005 5.63905613e-005 5.10050194e-005 4.88484725e-005 3.63155319e-005 2.51878028e-005 
1.25000000e+000 2.85714286e+001 2.00000000e+001 1.64319003e-004 1.01801218e-004 6.28865951e-005 5.51647595e-005 4.17096133e-005 3.81865607e-005 3.67573459e-005 2.81483027e-005 2.00997083e-005 
1.25000000e+000 2.62500000e+001 2.00000000e+001 5.01733146e-005 4.79323953e-005 3.45181326e-005 3.14368420e-005 2.56604164e-005 2.40252684e-005 2.33442645e-005 1.88975683e-005 1.42579905e-005 
1.25000000e+000 2.35714286e+001 2.00000000e+001 1.94246706e-005 2.63172986e-005 2.14344867e-005 2.01169992e-005 1.74610562e-005 1.66448879e-005 1.62952518e-005 1.37881725e-005 1.08597934e-005 
1.25000000e+000 2.05357143e+001 2.00000000e+001 7.67361355e-006 1.47978216e-005 1.36285095e-005 1.31793904e-005 1.21586812e-005 1.17979712e-005 1.16360978e-005 1.02809825e-005 8.43674880e-006 
1.25000000e+000 1.71428571e+001 2.00000000e+001 3.01211698e-006 8.40940922e-006 8.79873592e-006 8.77551686e-006 8.61755927e-006 8.51384151e-006 8.46014206e-006 7.80493377e-006 6.66595453e-006 
1.25000000e+000 1.33928571e+001 2.00000000e+001 1.18079738e-006 4.89438143e-006 5.85510324e-006 6.02892246e-006 6.30848423e-006 6.34569143e-006 6.35270812e-006 6.11378143e-006 5.42401684e-006 
1.25000000e+000 9.28571429e+000 2.00000000e+001 4.76886078e-007 3.02132569e-006 4.14280968e-006 4.40143077e-006 4.89364931e-006 5.00582415e-006 5.04595498e-006 5.04690948e-006 4.63156610e-006 
1.25000000e+000 4.82142857e+000 2.00000000e+001 2.17276035e-007 2.06567925e-006 3.17622652e-006 3.45989733e-006 4.03338610e-006 4.17929374e-006 4.23496771e-006 4.36065442e-006 4.10271449e-006 
1.25000000e+000 0.00000000e+000 2.00000000e+001 1.50787505e-007 1.76425767e-006 2.85526415e-006 3.14392904e-006 3.73914443e-006 3.89519043e-006 3.95565222e-006 4.12169606e-006 3.91671024e-006 
1.50000000e+000 3.50000000e+001 2.00000000e+001 3.21931881e-003 4.75767993e-004 2.00251617e-004 1.61656170e-004 1.04442298e-004 9.15881425e-005 8.66139985e-005 5.99795493e-005 3.89930271e-005 
1.50000000e+000 3.48214286e+001 2.00000000e+001 4.25430038e-003 4.96602535e-004 2.03115437e-004 1.63239183e-004 1.04746418e-004 9.17149940e-005 8.66833221e-005 5.98544510e-005 3.88296902e-005 
1.50000000e+000 3.42857143e+001 2.00000000e+001 2.23210504e-003 3.99165613e-004 1.76830673e-004 1.44278433e-004 9.50371957e-005 8.37639382e-005 7.93769932e-005 5.55880175e-005 3.64931809e-005 
1.50000000e+000 3.33928571e+001 2.00000000e+001 1.87755289e-003 3.48482978e-004 1.58587511e-004 1.30222238e-004 8.68426466e-005 7.68019569e-005 7.28811674e-005 5.14431370e-005 3.40183696e-005 
1.50000000e+000 3.21428571e+001 2.00000000e+001 9.73227682e-004 2.57582594e-004 1.27545257e-004 1.06563373e-004 7.33479151e-005 6.54121738e-005 6.22838660e-005 4.47988441e-005 3.01277405e-005 
1.50000000e+000 3.05357143e+001 2.00000000e+001 4.56402934e-004 1.77843615e-004 9.66921162e-005 8.23914879e-005 5.88306277e-005 5.29896810e-005 5.06611746e-005 3.72862006e-005 2.56133342e-005 
1.50000000e+000 2.85714286e+001 2.00000000e+001 1.72413009e-004 1.03832447e-004 6.34760586e-005 5.55297549e-005 4.17379501e-005 3.81430845e-005 3.66871317e-005 2.79637131e-005 1.98755957e-005 
1.50000000e+000 2.62500000e+001 2.00000000e+001 4.35084618e-005 4.34728216e-005 3.17461308e-005 2.90018360e-005 2.38117893e-005 2.23304234e-005 2.17119517e-005 1.76457758e-005 1.33710948e-005 
1.50000000e+000 2.35714286e+001 2.00000000e+001 1.44430272e-005 2.17196871e-005 1.83012595e-005 1.73125997e-005 1.52634190e-005 1.46152880e-005 1.43351231e-005 1.22662145e-005 9.77625340e-006 
1.50000000e+000 2.05357143e+001 2.00000000e+001 4.87609766e-006 1.11100238e-005 1.08087933e-005 1.05885828e-005 1.00246580e-005 9.80055140e-006 9.69657191e-006 8.73038579e-006 7.30712439e-006 
1.50000000e+000 1.71428571e+001 2.00000000e+001 1.62178868e-006 5.72060424e-006 6.46793560e-006 6.57117299e-006 6.69814229e-006 6.68990320e-006 6.67813699e-006 6.33147688e-006 5.56253163e-006 
1.50000000e+000 1.33928571e+001 2.00000000e+001 5.32282303e-007 2.99878660e-006 3.97823993e-006 4.19963979e-006 4.62193594e-006 4.71817398e-006 4.75265293e-006 4.74505747e-006 4.37025063e-006 
1.50000000e+000 9.28571429e+000 2.00000000e+001 1.77144809e-007 1.65827020e-006 2.60103327e-006 2.85463227e-006 3.38904638e-006 3.53321934e-006 3.58993054e-006 3.76259100e-006 3.61799229e-006 
1.50000000e+000 4.82142857e+000 2.00000000e+001 6.60472143e-008 1.02684956e-006 1.86737307e-006 2.11715728e-006 2.67315838e-006 2.83380956e-006 2.89895246e-006 3.15495237e-006 3.13364890e-006 
1.50000000e+000 0.00000000e+000 2.00000000e+001 4.07627472e-008 8.37152184e-007 1.63124933e-006 1.87640598e-006 2.43335111e-006 2.59793852e-006 2.66529072e-006 2.94637746e-006 2.96514869e-006 
1.75000000e+000 3.50000000e+001 2.00000000e+001 6.31807252e-003 6.41546729e-004 2.42968734e-004 1.91746436e-004 1.18791121e-004 1.03012794e-004 9.69768112e-005 6.54852289e-005 4.16263288e-005 
1.75000000e+000 3.48214286e+001 2.00000000e+001 9.87971993e-003 6.90455435e-004 2.49492913e-004 1.95483091e-004 1.19793902e-004 1.03634360e-004 9.74730654e-005 6.55274782e-005 4.15206237e-005 
1.75000000e+000 3.42857143e+001 2.00000000e+001 4.04598085e-003 5.17943454e-004 2.09350327e-004 1.67499367e-004 1.06398732e-004 9.28724674e-005 8.76619084e-005 6.00557929e-005 3.86544614e-005 
1.75000000e+000 3.33928571e+001 2.00000000e+001 3.46489640e-003 4.44955638e-004 1.85196244e-004 1.49287684e-004 9.62439185e-005 8.43558750e-005 7.97582548e-005 5.51684038e-005 3.58234177e-005 
1.75000000e+000 3.21428571e+001 2.00000000e+001 1.51849276e-003 3.07927884e-004 1.43091610e-004 1.17972617e-004 7.92199898e-005 7.01805536e-005 6.66428736e-005 4.72063978e-005 3.13027168e-005 
1.75000000e+000 3.05357143e+001 2.00000000e+001 5.90350912e-004 1.97909930e-004 1.03732947e-004 8.76910715e-005 6.16681886e-005 5.53105684e-005 5.27875359e-005 3.84606070e-005 2.61650448e-005 
1.75000000e+000 2.85714286e+001 2.00000000e+001 1.81449018e-004 1.06206819e-004 6.42985182e-005 5.61095495e-005 4.19493003e-005 3.82732794e-005 3.67865538e-005 2.79192271e-005 1.97553441e-005 
1.75000000e+000 2.62500000e+001 2.00000000e+001 3.79532124e-005 3.96680160e-005 2.93870539e-005 2.69335750e-005 2.22492433e-005 2.08998037e-005 2.03348165e-005 1.65913592e-005 1.26219106e-005 
1.75000000e+000 2.35714286e+001 2.00000000e+001 1.08321212e-005 1.80764408e-005 1.57603896e-005 1.50276686e-005 1.34566191e-005 1.29420873e-005 1.27172700e-005 1.09997715e-005 8.86428605e-006 
1.75000000e+000 2.05357143e+001 2.00000000e+001 3.13111803e-006 8.42715877e-006 8.65977732e-006 8.59277027e-006 8.34460031e-006 8.21772061e-006 8.15531432e-006 7.47628480e-006 6.37455123e-006 
1.75000000e+000 1.71428571e+001 2.00000000e+001 8.83691624e-007 3.93749826e-006 4.80771661e-006 4.97393387e-006 5.25756027e-006 5.30649188e-006 5.32047716e-006 5.17767610e-006 4.67231381e-006 
1.75000000e+000 1.33928571e+001 2.00000000e+001 2.43175215e-007 1.86071564e-006 2.73281925e-006 2.95581895e-006 3.41620737e-006 3.53724425e-006 3.58435903e-006 3.70728760e-006 3.53932053e-006 
1.75000000e+000 9.28571429e+000 2.00000000e+001 6.68129394e-008 9.20655952e-007 1.64704770e-006 1.86579276e-006 2.36125239e-006 2.50767350e-006 2.56770241e-006 2.81674744e-006 2.83480997e-006 
1.75000000e+000 4.82142857e+000 2.00000000e+001 2.03209127e-008 5.13337594e-007 1.10172314e-006 1.29946077e-006 1.77553598e-006 1.92526845e-006 1.98813491e-006 2.28578429e-006 2.39579908e-006 
1.75000000e+000 0.00000000e+000 2.00000000e+001 1.10248685e-008 3.97297849e-007 9.32038196e-007 1.11999050e-006 1.58365490e-006 1.73280505e-006 1.79593538e-006 2.10627467e-006 2.24481874e-006 
2.00000000e+000 3.50000000e+001 2.00000000e+001 1.28481680e-002 8.84183727e-004 2.99300446e-004 2.30527047e-004 1.36508118e-004 1.16959944e-004 1.09569908e-004 7.20132855e-005 4.46885465e-005 
2.00000000e+000 3.48214286e+001 2.00000000e+001 2.47462449e-002 9.92369609e-004 3.12532116e-004 2.38081569e-004 1.38671032e-004 1.18387935e-004 1.10756788e-004 7.23146475e-005 4.46686488e-005 
2.00000000e+000 3.42857143e+001 2.00000000e+001 7.59023484e-003 6.85204767e-004 2.51075679e-004 1.96694847e-004 1.20157915e-004 1.03796153e-004 9.75592224e-005 6.52854048e-005 4.11474206e-005 
2.00000000e+000 3.33928571e+001 2.00000000e+001 6.75509397e-003 5.81120118e-004 2.19161411e-004 1.73117377e-004 1.07560011e-004 9.33627371e-005 8.79276206e-005 5.95116282e-005 3.79035013e-005 
2.00000000e+000 3.21428571e+001 2.00000000e+001 2.47542422e-003 3.73802279e-004 1.61968303e-004 1.31618022e-004 8.60658718e-005 7.57077280e-005 7.16847383e-005 4.99673377e-005 3.26513263e-005 
2.00000000e+000 3.05357143e+001 2.00000000e+001 7.84096846e-004 2.21954249e-004 1.11819378e-004 9.37359352e-005 6.48829760e-005 5.79416567e-005 5.51998704e-005 3.98089595e-005 2.68196435e-005 
2.00000000e+000 2.85714286e+001 2.00000000e+001 1.91465542e-004 1.08846379e-004 6.52811293e-005 5.68344812e-005 4.22827220e-005 3.85195784e-005 3.69995849e-005 2.79704938e-005 1.97086690e-005 
2.00000000e+000 2.62500000e+001 2.00000000e+001 3.32541131e-005 3.63534676e-005 2.73283110e-005 2.51303839e-005 2.08921375e-005 1.96590642e-005 1.91411972e-005 1.56804299e-005 1.19751884e-005 
2.00000000e+000 2.35714286e+001 2.00000000e+001 8.17686755e-006 1.51366836e-005 1.36571162e-005 1.31264878e-005 1.19393594e-005 1.15335152e-005 1.13538731e-005 9.92550415e-006 8.08407186e-006 
2.00000000e+000 2.05357143e+001 2.00000000e+001 2.02641086e-006 6.44029875e-006 6.99051744e-006 7.02581928e-006 6.99760160e-006 6.94096145e-006 6.90890829e-006 6.44606176e-006 5.59473237e-006 
2.00000000e+000 1.71428571e+001 2.00000000e+001 4.85776767e-007 2.73381134e-006 3.60421987e-006 3.79664577e-006 4.15953421e-006 4.24160950e-006 4.27106560e-006 4.26302561e-006 3.94712278e-006 
2.00000000e+000 1.33928571e+001 2.00000000e+001 1.12186839e-007 1.16572553e-006 1.89396060e-006 2.09810812e-006 2.54399213e-006 2.67085265e-006 2.72214072e-006 2.91361785e-006 2.87982494e-006 
2.00000000e+000 9.28571429e+000 2.00000000e+001 2.54872131e-008 5.16012882e-007 1.05077593e-006 1.22787255e-006 1.65422866e-006 1.78887773e-006 1.84559829e-006 2.11688012e-006 2.22758683e-006 
2.00000000e+000 4.82142857e+000 2.00000000e+001 6.31686222e-009 2.57978036e-007 6.52181792e-007 7.99912469e-007 1.18183563e-006 1.31051725e-006 1.36597959e-006 1.65831710e-006 1.83343530e-006 
2.00000000e+000 0.00000000e+000 2.00000000e+001 2.98328114e-009 1.88580708e-007 5.32581811e-007 6.68552134e-007 1.03071719e-006 1.15582258e-006 1.21019803e-006 1.50576022e-006 1.69951829e-006 
2.25000000e+000 3.50000000e+001 2.00000000e+001 2.69202132e-002 1.24220911e-003 3.73852864e-004 2.80631299e-004 1.58381959e-004 1.33970151e-004 1.24852583e-004 7.97223049e-005 4.82226353e-005 
2.25000000e+000 3.48214286e+001 2.00000000e+001 6.59233756e-002 1.47289054e-003 3.99102163e-004 2.94802653e-004 1.62427902e-004 1.36682945e-004 1.27131319e-004 8.04154459e-005 4.83271698e-005 
2.25000000e+000 3.42857143e+001 2.00000000e+001 1.46597463e-002 9.22434931e-004 3.04763919e-004 2.33464019e-004 1.36803684e-004 1.16870781e-004 1.09354223e-004 7.13734957e-005 4.39956950e-005 
2.25000000e+000 3.33928571e+001 2.00000000e+001 1.38096224e-002 7.75846988e-004 2.62756226e-004 2.03011943e-004 1.21176714e-004 1.04084470e-004 9.76105656e-005 6.45439934e-005 4.02733754e-005 
2.25000000e+000 3.21428571e+001 2.00000000e+001 4.20212891e-003 4.60759068e-004 1.84940678e-004 1.47945783e-004 9.40160002e-005 8.20793662e-005 7.74803002e-005 5.30976083e-005 3.41703682e-005 
2.25000000e+000 3.05357143e+001 2.00000000e+001 1.06977552e-003 2.50870237e-004 1.21077284e-004 1.00592874e-004 6.84806247e-005 6.08798700e-005 5.78922820e-005 4.13165753e-005 2.75628771e-005 
2.25000000e+000 2.85714286e+001 2.00000000e+001 2.02546070e-004 1.11713877e-004 6.63845137e-005 5.76659835e-005 4.27025896e-005 3.88477114e-005 3.72926042e-005 2.80894839e-005 1.97152517e-005 
2.25000000e+000 2.62500000e+001 2.00000000e+001 2.92379455e-005 3.34252326e-005 2.55004002e-005 2.35294045e-005 1.96897097e-005 1.85609534e-005 1.80853363e-005 1.48773599e-005 1.14065042e-005 
2.25000000e+000 2.35714286e+001 2.00000000e+001 6.20400927e-006 1.27345836e-005 1.18905432e-005 1.15205360e-005 1.06447576e-005 1.03285421e-005 1.01863217e-005 8.99994063e-006 7.40717158e-006 
2.25000000e+000 2.05357143e+001 2.00000000e+001 1.31950409e-006 4.95021517e-006 5.67569844e-006 5.77798039e-006 5.90209135e-006 5.89642020e-006 5.88668520e-006 5.58862159e-006 4.93527363e-006 
2.25000000e+000 1.71428571e+001 2.00000000e+001 2.68867214e-007 1.91072358e-006 2.71998098e-006 2.91720323e-006 3.31192078e-006 3.41176011e-006 3.45001822e-006 3.53014734e-006 3.35116602e-006 
2.25000000e+000 1.33928571e+001 2.00000000e+001 5.21457799e-008 7.35792527e-007 1.32201474e-006 1.49968571e-006 1.90653362e-006 2.02901828e-006 2.07975517e-006 2.30183021e-006 2.35319313e-006 
2.25000000e+000 9.28571429e+000 2.00000000e+001 9.80761227e-009 2.91492541e-007 6.74738246e-007 8.12957065e-007 1.16469768e-006 1.28206025e-006 1.33255519e-006 1.59668710e-006 1.75523840e-006 
2.25000000e+000 4.82142857e+000 2.00000000e+001 1.98084538e-009 1.30279536e-007 3.87302181e-007 4.93784618e-007 7.88276691e-007 8.93720008e-007 9.40187824e-007 1.20469629e-006 1.40439599e-006 
2.25000000e+000 0.00000000e+000 2.00000000e+001 8.07652473e-010 8.95256321e-008 3.04353387e-007 3.99107218e-007 6.70875090e-007 7.70998014e-007 8.15533435e-007 1.07649201e-006 1.28670846e-006 
2.50000000e+000 3.50000000e+001 2.00000000e+001 5.78603162e-002 1.77489675e-003 4.72936496e-004 3.45578323e-004 1.85423134e-004 1.54729950e-004 1.43406433e-004 8.88122067e-005 5.22850013e-005 
2.50000000e+000 3.48214286e+001 2.00000000e+001 1.84157772e-001 2.25469238e-003 5.19348259e-004 3.71019027e-004 1.92472062e-004 1.59453885e-004 1.47381123e-004 9.00872070e-005 5.25665902e-005 
2.50000000e+000 3.42857143e+001 2.00000000e+001 2.90276473e-002 1.26140704e-003 3.74093436e-004 2.79895935e-004 1.56955149e-004 1.32519851e-004 1.23406511e-004 7.84440927e-005 4.72329862e-005 
2.50000000e+000 3.33928571e+001 2.00000000e+001 2.93719548e-002 1.05811873e-003 3.19084315e-004 2.40706320e-004 1.37592689e-004 1.16858950e-004 1.09092764e-004 7.03608057e-005 4.29570358e-005 
2.50000000e+000 3.21428571e+001 2.00000000e+001 7.39621124e-003 5.76647371e-004 2.13006548e-004 1.67532313e-004 1.03242516e-004 8.94117393e-005 8.41274007e-005 5.66264462e-005 3.58633277e-005 
2.50000000e+000 3.05357143e+001 2.00000000e+001 1.49883612e-003 2.85821696e-004 1.31676514e-004 1.08358998e-004 7.24835213e-005 6.41366802e-005 6.08726172e-005 4.29783327e-005 2.83864683e-005 
2.50000000e+000 2.85714286e+001 2.00000000e+001 2.14806436e-004 1.14792331e-004 6.75865137e-005 5.85818289e-005 4.31873859e-005 3.92366663e-005 3.76448607e-005 2.82581239e-005 1.97612822e-005 
2.50000000e+000 2.62500000e+001 2.00000000e+001 2.57790618e-005 3.08123417e-005 2.38574416e-005 2.20893395e-005 1.86085401e-005 1.75742198e-005 1.71368928e-005 1.41579723e-005 1.08986552e-005 
2.50000000e+000 2.35714286e+001 2.00000000e+001 4.72661535e-006 1.07537135e-005 1.03909259e-005 1.01488299e-005 9.52672696e-006 9.28498714e-006 9.17403544e-006 8.19245272e-006 6.81292753e-006 
2.50000000e+000 2.05357143e+001 2.00000000e+001 8.63446582e-007 3.82224823e-006 4.62919605e-006 4.77353360e-006 5.00108694e-006 5.03221353e-006 5.03886410e-006 4.86720131e-006 4.37213082e-006 
2.50000000e+000 1.71428571e+001 2.00000000e+001 1.49629118e-007 1.34245217e-006 2.06352127e-006 2.25332192e-006 2.65079696e-006 2.75844396e-006 2.80111962e-006 2.93745852e-006 2.85754934e-006 
2.50000000e+000 1.33928571e+001 2.00000000e+001 2.43830558e-008 4.67175088e-007 9.28174619e-007 1.07810649e-006 1.43651385e-006 1.54949492e-006 1.59716425e-006 1.82687521e-006 1.93026897e-006 
2.50000000e+000 9.28571429e+000 2.00000000e+001 3.80003085e-009 1.65734457e-007 4.35719184e-007 5.41111669e-007 8.23728177e-007 9.22723320e-007 9.66089625e-007 1.20839197e-006 1.38664162e-006 
2.50000000e+000 4.82142857e+000 2.00000000e+001 6.25766700e-010 6.60871217e-008 2.30698562e-007 3.05628092e-007 5.26822257e-007 6.10580251e-007 6.48237851e-007 8.76298837e-007 1.07675183e-006 
2.50000000e+000 0.00000000e+000 2.00000000e+001 2.18757590e-010 4.25075860e-008 1.73943847e-007 2.38274295e-007 4.36683675e-007 5.14322979e-007 5.49599926e-007 7.69626406e-007 9.74191234e-007 
END