TITLE="2RS_E_WD105.dat"
VARIABLES= "Density" "Radius" "Height" "0.1053" "0.356" "0.6617" "0.7889" "1.1732" "1.3325" "1.408" "2" "3" 
ZONE T="3D Data" I=11 J=15 K=3 F=POINT
0.00000000e+000 3.50000000e+001 0.00000000e+000 2.42930336e-004 1.64266391e-004 1.04791778e-004 9.26900754e-005 7.12366539e-005 6.54869700e-005 6.31323436e-005 4.86071696e-005 3.45377023e-005 
0.00000000e+000 3.48214286e+001 0.00000000e+000 2.41924683e-004 1.63604030e-004 1.04381891e-004 9.23316975e-005 7.09696088e-005 6.52439903e-005 6.28991098e-005 4.84317430e-005 3.44148451e-005 
0.00000000e+000 3.42857143e+001 0.00000000e+000 2.38682093e-004 1.61397352e-004 1.02999360e-004 9.11195318e-005 7.00609513e-005 6.44157048e-005 6.21034303e-005 4.78305477e-005 3.39917923e-005 
0.00000000e+000 3.33928571e+001 0.00000000e+000 2.33502462e-004 1.57983497e-004 1.00881821e-004 8.92667896e-005 6.86782897e-005 6.31568908e-005 6.08947524e-005 4.69193163e-005 3.33511276e-005 
0.00000000e+000 3.21428571e+001 0.00000000e+000 2.26884629e-004 1.53561392e-004 9.81478226e-005 8.68817986e-005 6.69128687e-005 6.15535563e-005 5.93567924e-005 4.57653812e-005 3.25415379e-005 
0.00000000e+000 3.05357143e+001 0.00000000e+000 2.20203072e-004 1.49167514e-004 9.54756256e-005 8.45686380e-005 6.52313011e-005 6.00338424e-005 5.79018039e-005 4.46831703e-005 3.17856358e-005 
0.00000000e+000 2.85714286e+001 0.00000000e+000 2.14881158e-004 1.45622145e-004 9.34318642e-005 8.28368934e-005 6.40246846e-005 5.89541202e-005 5.68718198e-005 4.39284640e-005 3.12619563e-005 
0.00000000e+000 2.62500000e+001 0.00000000e+000 2.13821929e-004 1.44886760e-004 9.31721325e-005 8.26560828e-005 6.39405077e-005 5.88841756e-005 5.68064306e-005 4.38808353e-005 3.12298120e-005 
0.00000000e+000 2.35714286e+001 0.00000000e+000 2.19180041e-004 1.48421400e-004 9.53583606e-005 8.45501352e-005 6.53044885e-005 6.01093421e-005 5.79760033e-005 4.47368890e-005 3.18346007e-005 
0.00000000e+000 2.05357143e+001 0.00000000e+000 2.25615070e-004 1.52934472e-004 9.81125090e-005 8.69221885e-005 6.69994944e-005 6.16316891e-005 5.94297203e-005 4.58066413e-005 3.25954867e-005 
0.00000000e+000 1.71428571e+001 0.00000000e+000 2.31289381e-004 1.56820164e-004 1.00454546e-004 8.89378168e-005 6.84514553e-005 6.29423231e-005 6.06842351e-005 4.67433241e-005 3.32664456e-005 
0.00000000e+000 1.33928571e+001 0.00000000e+000 2.29487215e-004 1.55603372e-004 9.97247774e-005 8.83189976e-005 6.80477565e-005 6.25964599e-005 6.03613411e-005 4.65407941e-005 3.31446670e-005 
0.00000000e+000 9.28571429e+000 0.00000000e+000 2.15334829e-004 1.46169789e-004 9.42537885e-005 8.36994985e-005 6.49202028e-005 5.98391465e-005 5.77492814e-005 4.47080367e-005 3.18966769e-005 
0.00000000e+000 4.82142857e+000 0.00000000e+000 1.98258840e-004 1.34517880e-004 8.77175932e-005 7.82149952e-005 6.11995329e-005 5.65434527e-005 5.46195812e-005 4.24722128e-005 3.03459976e-005 
0.00000000e+000 0.00000000e+000 0.00000000e+000 1.94003691e-004 1.31605442e-004 8.59975061e-005 7.67402496e-005 6.01480572e-005 5.55988628e-005 5.37175579e-005 4.18111677e-005 2.98858770e-005 
2.50000000e-001 3.50000000e+001 0.00000000e+000 2.50902553e-004 1.60722062e-004 1.01808182e-004 8.99948303e-005 6.91666682e-005 6.36039707e-005 6.13274448e-005 4.72852284e-005 3.36688201e-005 
2.50000000e-001 3.48214286e+001 0.00000000e+000 2.47641833e-004 1.59264373e-004 1.01017111e-004 8.93243812e-005 6.86975264e-005 6.31851064e-005 6.09286355e-005 4.70004722e-005 3.34813414e-005 
2.50000000e-001 3.42857143e+001 0.00000000e+000 2.41389336e-004 1.55902878e-004 9.90590739e-005 8.76371224e-005 6.74771037e-005 6.20846662e-005 5.98764409e-005 4.62286202e-005 3.29562692e-005 
2.50000000e-001 3.33928571e+001 0.00000000e+000 2.30898900e-004 1.50376359e-004 9.58783852e-005 8.49027168e-005 6.55082899e-005 6.03119057e-005 5.81824513e-005 4.49913228e-005 3.21198202e-005 
2.50000000e-001 3.21428571e+001 0.00000000e+000 2.13772967e-004 1.41919766e-004 9.11643726e-005 8.08894538e-005 6.26812166e-005 5.77831628e-005 5.57727569e-005 4.32591949e-005 3.09657646e-005 
2.50000000e-001 3.05357143e+001 0.00000000e+000 1.92779986e-004 1.31802470e-004 8.56541351e-005 7.62372250e-005 5.94680964e-005 5.49268665e-005 5.30580900e-005 4.13390240e-005 2.97090438e-005 
2.50000000e-001 2.85714286e+001 0.00000000e+000 1.65640958e-004 1.19205271e-004 7.90880960e-005 7.07728185e-005 5.58106833e-005 5.17066905e-005 5.00101650e-005 3.92395072e-005 2.83803901e-005 
2.50000000e-001 2.62500000e+001 0.00000000e+000 1.35420433e-004 1.06250001e-004 7.27393769e-005 6.55724747e-005 5.24418911e-005 4.87715688e-005 4.72450715e-005 3.73993417e-005 2.72801239e-005 
2.50000000e-001 2.35714286e+001 0.00000000e+000 1.19050041e-004 1.00328395e-004 7.01817733e-005 6.35562483e-005 5.12541058e-005 4.77734981e-005 4.63208684e-005 3.68683094e-005 2.70570108e-005 
2.50000000e-001 2.05357143e+001 0.00000000e+000 1.05601742e-004 9.57258729e-005 6.83322976e-005 6.21352834e-005 5.04796286e-005 4.71457031e-005 4.57500913e-005 3.65969072e-005 2.70142336e-005 
2.50000000e-001 1.71428571e+001 0.00000000e+000 9.38163963e-005 9.13171792e-005 6.64582459e-005 6.06729979e-005 4.96596137e-005 4.64755175e-005 4.51384100e-005 3.62923408e-005 2.69380396e-005 
2.50000000e-001 1.33928571e+001 0.00000000e+000 8.19808763e-005 8.50860221e-005 6.31019305e-005 5.78619705e-005 4.77798144e-005 4.48301779e-005 4.35863117e-005 3.52549067e-005 2.63083981e-005 
2.50000000e-001 9.28571429e+000 0.00000000e+000 6.94608389e-005 7.60458108e-005 5.75770856e-005 5.31095854e-005 4.44212519e-005 4.18331107e-005 4.07336528e-005 3.32125202e-005 2.49209159e-005 
2.50000000e-001 4.82142857e+000 0.00000000e+000 5.95318191e-005 6.76193249e-005 5.23018743e-005 4.85500781e-005 4.11393615e-005 3.88797366e-005 3.79114003e-005 3.11329243e-005 2.34543975e-005 
2.50000000e-001 0.00000000e+000 0.00000000e+000 5.66791527e-005 6.53059068e-005 5.08135790e-005 4.72447382e-005 4.01659836e-005 3.79948867e-005 3.70624636e-005 3.04963465e-005 2.30060647e-005 
5.00000000e-001 3.50000000e+001 0.00000000e+000 3.11970437e-004 1.73981665e-004 1.06083667e-004 9.30252129e-005 7.04654588e-005 6.45557186e-005 6.21516108e-005 4.75360689e-005 3.36255832e-005 
5.00000000e-001 3.48214286e+001 0.00000000e+000 3.04513922e-004 1.71479240e-004 1.04843275e-004 9.19952089e-005 6.97728500e-005 6.39444341e-005 6.15724362e-005 4.71349859e-005 3.33707564e-005 
5.00000000e-001 3.42857143e+001 0.00000000e+000 2.94033024e-004 1.66935384e-004 1.02337105e-004 8.98611034e-005 6.82646966e-005 6.25937738e-005 6.02847212e-005 4.62072600e-005 3.27525340e-005 
5.00000000e-001 3.33928571e+001 0.00000000e+000 2.77010582e-004 1.59374854e-004 9.81803407e-005 8.63219832e-005 6.57636979e-005 6.03544388e-005 5.81501054e-005 4.46732938e-005 3.17372424e-005 
5.00000000e-001 3.21428571e+001 0.00000000e+000 2.45275603e-004 1.46692714e-004 9.15280074e-005 8.07337950e-005 6.19285535e-005 5.69503729e-005 5.49170192e-005 4.23982618e-005 3.02603612e-005 
5.00000000e-001 3.05357143e+001 0.00000000e+000 2.07845084e-004 1.31233990e-004 8.34651911e-005 7.39875549e-005 5.73496264e-005 5.29018190e-005 5.10783639e-005 3.97275129e-005 2.85517747e-005 
5.00000000e-001 2.85714286e+001 0.00000000e+000 1.60795767e-004 1.11063153e-004 7.31137331e-005 6.53878396e-005 5.16102603e-005 4.78554340e-005 4.63054002e-005 3.64632626e-005 2.65149791e-005 
5.00000000e-001 2.62500000e+001 0.00000000e+000 1.09276310e-004 8.83110624e-005 6.16599179e-005 5.59293049e-005 4.53857691e-005 4.24111200e-005 4.11688095e-005 3.30197980e-005 2.44420015e-005 
5.00000000e-001 2.35714286e+001 0.00000000e+000 8.14790367e-005 7.57697158e-005 5.54434507e-005 5.08279724e-005 4.20931323e-005 3.95561399e-005 3.84867803e-005 3.12892279e-005 2.34825569e-005 
5.00000000e-001 2.05357143e+001 0.00000000e+000 6.07525757e-005 6.56491768e-005 5.03732702e-005 4.66653355e-005 3.94176242e-005 3.72440036e-005 3.63186570e-005 2.99153987e-005 2.27533059e-005 
5.00000000e-001 1.71428571e+001 0.00000000e+000 4.50450829e-005 5.69535497e-005 4.58340352e-005 4.29059160e-005 3.69668302e-005 3.51193230e-005 3.43238129e-005 2.86410095e-005 2.20640670e-005 
5.00000000e-001 1.33928571e+001 0.00000000e+000 3.30070040e-005 4.86640454e-005 4.10045808e-005 3.87855932e-005 3.40983874e-005 3.25769078e-005 3.19126805e-005 2.69790765e-005 2.10306600e-005 
5.00000000e-001 9.28571429e+000 0.00000000e+000 2.39711142e-005 4.05103578e-005 3.56581895e-005 3.40976938e-005 3.06470654e-005 2.94616139e-005 2.89339423e-005 2.47993419e-005 1.95397816e-005 
5.00000000e-001 4.82142857e+000 0.00000000e+000 1.82578054e-005 3.42301531e-005 3.13096514e-005 3.02387101e-005 2.77198876e-005 2.67901965e-005 2.63668310e-005 2.28540299e-005 1.81459393e-005 
5.00000000e-001 0.00000000e+000 0.00000000e+000 1.65591374e-005 3.24064459e-005 3.00243696e-005 2.90859894e-005 2.68222568e-005 2.59647709e-005 2.55712760e-005 2.22435140e-005 1.77100062e-005 
7.50000000e-001 3.50000000e+001 0.00000000e+000 4.14125214e-004 1.96620401e-004 1.14511908e-004 9.93942074e-005 7.38338871e-005 6.72808798e-005 6.46336068e-005 4.88300080e-005 3.41613122e-005 
7.50000000e-001 3.48214286e+001 0.00000000e+000 3.98084163e-004 1.92581468e-004 1.12685757e-004 9.79087046e-005 7.28736011e-005 6.64426737e-005 6.38430877e-005 4.82975085e-005 3.38329451e-005 
7.50000000e-001 3.42857143e+001 0.00000000e+000 3.80106882e-004 1.86479119e-004 1.09540701e-004 9.52688362e-005 7.10576210e-005 6.48283466e-005 6.23087140e-005 4.72118837e-005 3.31228989e-005 
7.50000000e-001 3.33928571e+001 0.00000000e+000 3.53260747e-004 1.76472002e-004 1.04315463e-004 9.08673254e-005 6.80081244e-005 6.21130146e-005 5.97264163e-005 4.53831549e-005 3.19332514e-005 
7.50000000e-001 3.21428571e+001 0.00000000e+000 2.96254796e-004 1.58397134e-004 9.54455591e-005 8.35219725e-005 6.31001485e-005 5.77889932e-005 5.56323151e-005 4.25556966e-005 3.01351459e-005 
7.50000000e-001 3.05357143e+001 0.00000000e+000 2.34360765e-004 1.36789954e-004 8.46954445e-005 7.46139802e-005 5.71601317e-005 5.25628201e-005 5.06873658e-005 3.91594056e-005 2.79954222e-005 
7.50000000e-001 2.85714286e+001 0.00000000e+000 1.63569724e-004 1.09020820e-004 7.07371027e-005 6.30567136e-005 4.94880669e-005 4.58268922e-005 4.43204300e-005 3.48242511e-005 2.53080164e-005 
7.50000000e-001 2.62500000e+001 0.00000000e+000 9.41528643e-005 7.79354607e-005 5.48589637e-005 4.98845747e-005 4.07356683e-005 3.81505825e-005 3.70698955e-005 2.99327381e-005 2.23439495e-005 
7.50000000e-001 2.35714286e+001 0.00000000e+000 6.03148875e-005 6.08390045e-005 4.58811388e-005 4.24017671e-005 3.57424956e-005 3.37755636e-005 3.29410496e-005 2.71828726e-005 2.07391121e-005 
7.50000000e-001 2.05357143e+001 0.00000000e+000 3.81436158e-005 4.77153556e-005 3.87003845e-005 3.63689018e-005 3.16671904e-005 3.01968187e-005 2.95613051e-005 2.49306349e-005 1.94370850e-005 
7.50000000e-001 1.71428571e+001 0.00000000e+000 2.36514853e-005 3.73409890e-005 3.26823606e-005 3.12490299e-005 2.81305380e-005 2.70733382e-005 2.66046891e-005 2.29333330e-005 1.82613047e-005 
7.50000000e-001 1.33928571e+001 0.00000000e+000 1.43782796e-005 2.88781847e-005 2.72716864e-005 2.65306732e-005 2.46965614e-005 2.39900059e-005 2.36647413e-005 2.08428682e-005 1.69248134e-005 
7.50000000e-001 9.28571429e+000 0.00000000e+000 8.72895689e-006 2.20465134e-005 2.23684373e-005 2.21348979e-005 2.13111669e-005 2.08956773e-005 2.06910338e-005 1.86090972e-005 1.53734563e-005 
7.50000000e-001 4.82142857e+000 0.00000000e+000 5.71086513e-006 1.74463851e-005 1.88163959e-005 1.88966492e-005 1.87213117e-005 1.84981764e-005 1.83739465e-005 1.68007063e-005 1.40528276e-005 
7.50000000e-001 0.00000000e+000 0.00000000e+000 4.83785749e-006 1.60809118e-005 1.77405955e-005 1.79066520e-005 1.79115156e-005 1.77436897e-005 1.76429258e-005 1.62240414e-005 1.36331162e-005 
1.00000000e+000 3.50000000e+001 0.00000000e+000 5.76861836e-004 2.27620798e-004 1.26085884e-004 1.08228484e-004 7.86877217e-005 7.12761254e-005 6.83028127e-005 5.08776538e-005 3.51254970e-005 
1.00000000e+000 3.48214286e+001 0.00000000e+000 5.43258202e-004 2.21270010e-004 1.23470184e-004 1.06145375e-004 7.73949733e-005 7.01605107e-005 6.72556318e-005 5.01916283e-005 3.47144200e-005 
1.00000000e+000 3.42857143e+001 0.00000000e+000 5.12342166e-004 2.12999192e-004 1.19520631e-004 1.02885540e-004 7.52225137e-005 6.82459399e-005 6.54423527e-005 4.89346457e-005 3.39085107e-005 
1.00000000e+000 3.33928571e+001 0.00000000e+000 4.71612842e-004 1.99883284e-004 1.13036160e-004 9.74880617e-005 7.15658483e-005 6.50102279e-005 6.23731790e-005 4.67950239e-005 3.25403429e-005 
1.00000000e+000 3.21428571e+001 0.00000000e+000 3.69392576e-004 1.74503242e-004 1.01452131e-004 8.80455449e-005 6.54409582e-005 5.96577563e-005 5.73222952e-005 4.33744951e-005 3.04081536e-005 
1.00000000e+000 3.05357143e+001 0.00000000e+000 2.69491598e-004 1.45274095e-004 8.76459527e-005 7.67309742e-005 5.80486367e-005 5.31898834e-005 5.12165284e-005 3.92374410e-005 2.78386686e-005 
1.00000000e+000 2.85714286e+001 0.00000000e+000 1.68453104e-004 1.09244253e-004 6.99886021e-005 6.21818553e-005 4.84714364e-005 4.47998469e-005 4.32933189e-005 3.38717263e-005 2.45319400e-005 
1.00000000e+000 2.62500000e+001 0.00000000e+000 8.29095458e-005 7.07230789e-005 5.01489972e-005 4.56771417e-005 3.74348832e-005 3.51014468e-005 3.41253632e-005 2.76560893e-005 2.07449020e-005 
1.00000000e+000 2.35714286e+001 0.00000000e+000 4.60116892e-005 5.04630979e-005 3.90838900e-005 3.63568766e-005 3.10733633e-005 2.94881677e-005 2.88118053e-005 2.40456581e-005 1.85782365e-005 
1.00000000e+000 2.05357143e+001 0.00000000e+000 2.48901931e-005 3.59199842e-005 3.05973611e-005 2.91076842e-005 2.60013173e-005 2.49854266e-005 2.45394030e-005 2.11092142e-005 1.68064743e-005 
1.00000000e+000 1.71428571e+001 0.00000000e+000 1.30059673e-005 2.53421689e-005 2.39112823e-005 2.32954803e-005 2.18010556e-005 2.12244452e-005 2.09582775e-005 1.85974518e-005 1.52563109e-005 
1.00000000e+000 1.33928571e+001 0.00000000e+000 6.57689574e-006 1.76409276e-005 1.84991098e-005 1.84679535e-005 1.81239334e-005 1.78791254e-005 1.77510322e-005 1.62435979e-005 1.37064581e-005 
1.00000000e+000 9.28571429e+000 0.00000000e+000 3.30904454e-006 1.22256021e-005 1.41978382e-005 1.45170482e-005 1.49296890e-005 1.49196549e-005 1.48911680e-005 1.40303973e-005 1.21359086e-005 
1.00000000e+000 4.82142857e+000 0.00000000e+000 1.81847356e-006 8.95048199e-006 1.13514102e-005 1.18473939e-005 1.26728750e-005 1.27987817e-005 1.28289399e-005 1.23682126e-005 1.08936459e-005 
1.00000000e+000 0.00000000e+000 0.00000000e+000 1.41341415e-006 7.97976791e-006 1.04824470e-005 1.10241497e-005 1.19610543e-005 1.21256064e-005 1.21727557e-005 1.18335421e-005 1.04947380e-005 
1.25000000e+000 3.50000000e+001 0.00000000e+000 8.39533681e-004 2.68313846e-004 1.40695422e-004 1.19335868e-004 8.48034647e-005 7.63296455e-005 7.29540084e-005 5.35286622e-005 3.64284183e-005 
1.25000000e+000 3.48214286e+001 0.00000000e+000 7.70020004e-004 2.58476799e-004 1.37005779e-004 1.16460037e-004 8.30916990e-005 7.48695973e-005 7.15901493e-005 5.26601538e-005 3.59226733e-005 
1.25000000e+000 3.42857143e+001 0.00000000e+000 7.17585771e-004 2.47193642e-004 1.32023390e-004 1.12421376e-004 8.04923056e-005 7.26007309e-005 6.94498261e-005 5.12098263e-005 3.50128185e-005 
1.25000000e+000 3.33928571e+001 0.00000000e+000 6.60005722e-004 2.30138569e-004 1.24022358e-004 1.05842911e-004 7.61407392e-005 6.87761229e-005 6.58323331e-005 4.87304241e-005 3.34556661e-005 
1.25000000e+000 3.21428571e+001 0.00000000e+000 4.75067433e-004 1.94683441e-004 1.09028436e-004 9.38255811e-005 6.85909603e-005 6.22361137e-005 5.96831084e-005 4.46522108e-005 3.09654002e-005 
1.25000000e+000 3.05357143e+001 0.00000000e+000 3.14996040e-004 1.55768883e-004 9.16280202e-005 7.97352762e-005 5.95898039e-005 5.44089151e-005 5.23128465e-005 3.97313486e-005 2.79537089e-005 
1.25000000e+000 2.85714286e+001 0.00000000e+000 1.74352738e-004 1.10439829e-004 7.00274815e-005 6.20396007e-005 4.80628002e-005 4.43390414e-005 4.28141973e-005 3.33410806e-005 2.40410476e-005 
1.25000000e+000 2.62500000e+001 0.00000000e+000 7.37477114e-005 6.50717656e-005 4.65491214e-005 4.24733392e-005 3.49237711e-005 3.27773599e-005 3.18784622e-005 2.58994833e-005 1.94872824e-005 
1.25000000e+000 2.35714286e+001 0.00000000e+000 3.56250843e-005 4.26089450e-005 3.38968337e-005 3.17281687e-005 2.74586108e-005 2.61538733e-005 2.55937330e-005 2.15631443e-005 1.68327128e-005 
1.25000000e+000 2.05357143e+001 0.00000000e+000 1.65710499e-005 2.76235167e-005 2.46688153e-005 2.37360267e-005 2.17014702e-005 2.09972092e-005 2.06821436e-005 1.81043415e-005 1.46811972e-005 
1.25000000e+000 1.71428571e+001 0.00000000e+000 7.33903020e-006 1.76072849e-005 1.78361321e-005 1.76816723e-005 1.71486674e-005 1.68715576e-005 1.67337961e-005 1.52466634e-005 1.28524137e-005 
1.25000000e+000 1.33928571e+001 0.00000000e+000 3.10151678e-006 1.10184881e-005 1.27554142e-005 1.30469755e-005 1.34547789e-005 1.34667227e-005 1.34516498e-005 1.27602531e-005 1.11651517e-005 
1.25000000e+000 9.28571429e+000 0.00000000e+000 1.29156551e-006 6.88982475e-006 9.10812421e-006 9.61049636e-006 1.05318590e-005 1.07197781e-005 1.07816088e-005 1.06261845e-005 9.61102649e-006 
1.25000000e+000 4.82142857e+000 0.00000000e+000 5.88265345e-007 4.62058085e-006 6.87335010e-006 7.45143262e-006 8.59781869e-006 8.87317212e-006 8.97445624e-006 9.11785309e-006 8.45285981e-006 
1.25000000e+000 0.00000000e+000 0.00000000e+000 4.12939851e-007 3.95977196e-006 6.19380228e-006 6.78697056e-006 7.98742328e-006 8.28634668e-006 8.39860767e-006 8.63118734e-006 8.07882346e-006 
1.50000000e+000 3.50000000e+001 0.00000000e+000 1.27303505e-003 3.21365048e-004 1.58673525e-004 1.32864695e-004 9.21493169e-005 8.23884106e-005 7.85281240e-005 5.67149036e-005 3.80192350e-005 
1.50000000e+000 3.48214286e+001 0.00000000e+000 1.12984773e-003 3.06276644e-004 1.53520885e-004 1.28934562e-004 8.99066604e-005 8.04981015e-005 7.67710177e-005 5.56276698e-005 3.74040548e-005 
1.50000000e+000 3.42857143e+001 0.00000000e+000 1.04278927e-003 2.90859598e-004 1.47213128e-004 1.23914470e-004 8.67903395e-005 7.78055950e-005 7.42417348e-005 5.39549520e-005 3.63789102e-005 
1.50000000e+000 3.33928571e+001 0.00000000e+000 9.71783015e-004 2.68922179e-004 1.37385093e-004 1.15928947e-004 8.16332733e-005 7.33046877e-005 6.99971043e-005 5.10970237e-005 3.46174486e-005 
1.50000000e+000 3.21428571e+001 0.00000000e+000 6.31634468e-004 2.19458276e-004 1.18061667e-004 1.00712472e-004 7.23895392e-005 6.53710859e-005 6.25659702e-005 4.62758096e-005 3.17358630e-005 
1.50000000e+000 3.05357143e+001 0.00000000e+000 3.74510977e-004 1.68110612e-004 9.63714957e-005 8.33680059e-005 6.15708169e-005 5.60250170e-005 5.37893409e-005 4.05070923e-005 2.82591129e-005 
1.50000000e+000 2.85714286e+001 0.00000000e+000 1.80988133e-004 1.12131709e-004 7.04797606e-005 6.22910083e-005 4.80022298e-005 4.42095676e-005 4.26588038e-005 3.30751965e-005 2.37413710e-005 
1.50000000e+000 2.62500000e+001 0.00000000e+000 6.59866007e-005 6.03307022e-005 4.35968891e-005 3.98623117e-005 3.28984785e-005 3.09063550e-005 3.00705710e-005 2.44856862e-005 1.84672265e-005 
1.50000000e+000 2.35714286e+001 0.00000000e+000 2.78318226e-005 3.63576703e-005 2.97347331e-005 2.80081923e-005 2.45399508e-005 2.34560460e-005 2.29873033e-005 1.95360519e-005 1.53889385e-005 
1.50000000e+000 2.05357143e+001 0.00000000e+000 1.11688254e-005 2.15318298e-005 2.01575287e-005 1.96119858e-005 1.83347703e-005 1.78546223e-005 1.76343257e-005 1.56870400e-005 1.29345854e-005 
1.50000000e+000 1.71428571e+001 0.00000000e+000 4.20831458e-006 1.24318076e-005 1.34982880e-005 1.36066580e-005 1.36510626e-005 1.35638629e-005 1.35089872e-005 1.26159371e-005 1.09069171e-005 
1.50000000e+000 1.33928571e+001 0.00000000e+000 1.49196524e-006 6.99907433e-006 8.91358374e-006 9.33156457e-006 1.00887119e-005 1.02376795e-005 1.02853740e-005 1.00959488e-005 9.14419799e-006 
1.50000000e+000 9.28571429e+000 0.00000000e+000 5.14826356e-007 3.93610821e-006 5.89874546e-006 6.41635463e-006 7.47729732e-006 7.74728685e-006 7.85006212e-006 8.08246347e-006 7.63497424e-006 
1.50000000e+000 4.82142857e+000 0.00000000e+000 1.92928962e-007 2.39941281e-006 4.17672444e-006 4.70102956e-006 5.84592398e-006 6.16369892e-006 6.28981400e-006 6.73092861e-006 6.56523099e-006 
1.50000000e+000 0.00000000e+000 0.00000000e+000 1.20643842e-007 1.96494509e-006 3.65975645e-006 4.17837088e-006 5.33388986e-006 5.66269051e-006 5.79463087e-006 6.29544438e-006 6.21905900e-006 
1.75000000e+000 3.50000000e+001 0.00000000e+000 2.00650899e-003 3.90709100e-004 1.80637834e-004 1.49170232e-004 1.00805444e-004 8.94925587e-005 8.50521649e-005 6.04186085e-005 3.98724087e-005 
1.75000000e+000 3.48214286e+001 0.00000000e+000 1.71132738e-003 3.67717112e-004 1.73493105e-004 1.43837881e-004 9.78891665e-005 8.70636954e-005 8.28056314e-005 5.90682154e-005 3.91300392e-005 
1.75000000e+000 3.42857143e+001 0.00000000e+000 1.57039019e-003 3.46699039e-004 1.65494968e-004 1.37585986e-004 9.41462392e-005 8.38631879e-005 7.98120911e-005 5.71376209e-005 3.79754323e-005 
1.75000000e+000 3.33928571e+001 0.00000000e+000 1.50978179e-003 3.18910737e-004 1.53484644e-004 1.27931526e-004 8.80530075e-005 7.85821227e-005 7.48464246e-005 5.38540964e-005 3.59903426e-005 
1.75000000e+000 3.21428571e+001 0.00000000e+000 8.70554915e-004 2.49838257e-004 1.28634892e-004 1.08717438e-004 7.67804015e-005 6.89997555e-005 6.59064365e-005 4.81847229e-005 3.26758790e-005 
1.75000000e+000 3.05357143e+001 0.00000000e+000 4.53688640e-004 1.82429570e-004 1.01788098e-004 8.75273237e-005 6.38870047e-005 5.79376066e-005 5.55476730e-005 4.14866052e-005 2.87028685e-005 
1.75000000e+000 2.85714286e+001 0.00000000e+000 1.88287625e-004 1.14127043e-004 7.11708129e-005 6.27709534e-005 4.81505748e-005 4.42819517e-005 4.27019927e-005 3.29795608e-005 2.35718140e-005 
1.75000000e+000 2.62500000e+001 0.00000000e+000 5.92774762e-005 5.61989766e-005 4.10605148e-005 3.76313988e-005 3.11890437e-005 2.93324354e-005 2.85517361e-005 2.33048365e-005 1.76156212e-005 
1.75000000e+000 2.35714286e+001 0.00000000e+000 2.18780083e-005 3.12342018e-005 2.62803347e-005 2.49152050e-005 2.21057395e-005 2.12036801e-005 2.08101724e-005 1.78358772e-005 1.41689102e-005 
1.75000000e+000 2.05357143e+001 0.00000000e+000 7.59163429e-006 1.69356705e-005 1.66265370e-005 1.63571215e-005 1.56318312e-005 1.53183811e-005 1.51690264e-005 1.37034540e-005 1.14766554e-005 
1.75000000e+000 1.71428571e+001 0.00000000e+000 2.43976481e-006 8.87773116e-006 1.03267179e-005 1.05814779e-005 1.09708718e-005 1.10048774e-005 1.10039866e-005 1.05209570e-005 9.31530436e-006 
1.75000000e+000 1.33928571e+001 0.00000000e+000 7.27603601e-007 4.50315926e-006 6.29697186e-006 6.74256018e-006 7.62980006e-006 7.84566725e-006 7.92601020e-006 8.03925568e-006 7.52615222e-006 
1.75000000e+000 9.28571429e+000 0.00000000e+000 2.08377244e-007 2.27443339e-006 3.85242185e-006 4.31638580e-006 5.33999492e-006 5.62934885e-006 5.74538777e-006 6.17249972e-006 6.08311799e-006 
1.75000000e+000 4.82142857e+000 0.00000000e+000 6.40206869e-008 1.25288192e-006 2.54677102e-006 2.97464741e-006 3.98331724e-006 4.28978848e-006 4.41632662e-006 4.97557865e-006 5.10395492e-006 
1.75000000e+000 0.00000000e+000 0.00000000e+000 3.52471915e-008 9.75059197e-007 2.16245568e-006 2.57239799e-006 3.56189814e-006 3.86974769e-006 3.99801435e-006 4.59179303e-006 4.78741727e-006 
2.00000000e+000 3.50000000e+001 0.00000000e+000 3.27996840e-003 4.81871889e-004 2.07454880e-004 1.68771458e-004 1.10928008e-004 9.77439000e-005 9.26096798e-005 6.46546516e-005 4.19793081e-005 
2.00000000e+000 3.48214286e+001 0.00000000e+000 2.66924248e-003 4.46983993e-004 1.97599428e-004 1.61575213e-004 1.07156953e-004 9.46406889e-005 8.97537105e-005 6.29871604e-005 4.10887025e-005 
2.00000000e+000 3.42857143e+001 0.00000000e+000 2.44782482e-003 4.18465065e-004 1.87460859e-004 1.53786391e-004 1.02656509e-004 9.08319656e-005 8.62066190e-005 6.07568586e-005 3.97878407e-005 
2.00000000e+000 3.33928571e+001 0.00000000e+000 2.47650269e-003 3.84000161e-004 1.72877951e-004 1.42169883e-004 9.54776849e-005 8.46515002e-005 8.04119441e-005 5.69930965e-005 3.75563132e-005 
2.00000000e+000 3.21428571e+001 0.00000000e+000 1.24637413e-003 2.87284031e-004 1.40947297e-004 1.17942443e-004 8.17652799e-005 7.31099305e-005 6.96878945e-005 5.03498223e-005 3.37593912e-005 
2.00000000e+000 3.05357143e+001 0.00000000e+000 5.61087392e-004 1.99011597e-004 1.07875163e-004 9.21870985e-005 6.64902068e-005 6.00968153e-005 5.75377626e-005 4.26247469e-005 2.92517466e-005 
2.00000000e+000 2.85714286e+001 0.00000000e+000 1.96254558e-004 1.16340069e-004 7.20145858e-005 6.33953457e-005 4.84312373e-005 4.44831041e-005 4.28723473e-005 3.29964784e-005 2.34922923e-005 
2.00000000e+000 2.62500000e+001 0.00000000e+000 5.34057338e-005 5.25175336e-005 3.88153343e-005 3.56640570e-005 2.96970276e-005 2.79634282e-005 2.72325721e-005 2.22876121e-005 1.68859813e-005 
2.00000000e+000 2.35714286e+001 0.00000000e+000 1.72769522e-005 2.69593934e-005 2.33483068e-005 2.22828401e-005 2.00260454e-005 1.92776923e-005 1.89478630e-005 1.63780877e-005 1.31184173e-005 
2.00000000e+000 2.05357143e+001 0.00000000e+000 5.19262779e-006 1.34061299e-005 1.38071140e-005 1.37359695e-005 1.34189216e-005 1.32320561e-005 1.31369894e-005 1.20481686e-005 1.02427024e-005 
2.00000000e+000 1.71428571e+001 0.00000000e+000 1.42590684e-006 6.39233842e-006 7.96549035e-006 8.29573852e-006 8.88422473e-006 8.99492455e-006 9.02908913e-006 8.83152318e-006 8.00024443e-006 
2.00000000e+000 1.33928571e+001 0.00000000e+000 3.58392984e-007 2.92588739e-006 4.48784706e-006 4.91292582e-006 5.81247303e-006 6.05430306e-006 6.14926075e-006 6.43805856e-006 6.22238667e-006 
2.00000000e+000 9.28571429e+000 0.00000000e+000 8.53054165e-008 1.32674609e-006 2.53455584e-006 2.92330340e-006 3.83413980e-006 4.11074087e-006 4.22517286e-006 4.73172172e-006 4.86031260e-006 
2.00000000e+000 4.82142857e+000 0.00000000e+000 2.14566826e-008 6.57574538e-007 1.55798954e-006 1.88763029e-006 2.71979718e-006 2.99116441e-006 3.10640548e-006 3.68287492e-006 3.97162450e-006 
2.00000000e+000 0.00000000e+000 0.00000000e+000 1.02978100e-008 4.83851258e-007 1.27773982e-006 1.58368752e-006 2.37858709e-006 2.64449390e-006 2.75843664e-006 3.34917843e-006 3.68534315e-006 
2.25000000e+000 3.50000000e+001 0.00000000e+000 5.54810977e-003 6.02565230e-004 2.40262398e-004 1.92350550e-004 1.22735302e-004 1.07292152e-004 1.01327309e-004 6.94609205e-005 4.43430478e-005 
2.25000000e+000 3.48214286e+001 0.00000000e+000 4.27833138e-003 5.49757730e-004 2.26719750e-004 1.82677917e-004 1.17879972e-004 1.03344743e-004 9.77125804e-005 6.74111698e-005 4.32794461e-005 
2.25000000e+000 3.42857143e+001 0.00000000e+000 3.94369727e-003 5.11300546e-004 2.13889708e-004 1.72983128e-004 1.12467398e-004 9.88101763e-005 9.35073834e-005 6.48327482e-005 4.18129742e-005 
2.25000000e+000 3.33928571e+001 0.00000000e+000 4.27804987e-003 4.69790723e-004 1.96325241e-004 1.59086932e-004 1.04035666e-004 9.15962053e-005 8.67620957e-005 6.05268505e-005 3.93089824e-005 
2.25000000e+000 3.21428571e+001 0.00000000e+000 1.85500412e-003 3.33795172e-004 1.55288722e-004 1.28553042e-004 8.73816151e-005 7.77202689e-005 7.39227667e-005 5.27614326e-005 3.49718352e-005 
2.25000000e+000 3.05357143e+001 0.00000000e+000 7.09700329e-004 2.18263193e-004 1.14676131e-004 9.73611694e-005 6.93629632e-005 6.24808823e-005 5.97365297e-005 4.38960332e-005 2.98846055e-005 
2.25000000e+000 2.85714286e+001 0.00000000e+000 2.04928760e-004 1.18729912e-004 7.29662686e-005 6.41193035e-005 4.88007387e-005 4.47706570e-005 4.31280868e-005 3.30901498e-005 2.34762427e-005 
2.25000000e+000 2.62500000e+001 0.00000000e+000 4.82240147e-005 4.91915172e-005 3.67890389e-005 3.38922810e-005 2.83631203e-005 2.67430039e-005 2.60580924e-005 2.13893782e-005 1.62466602e-005 
2.25000000e+000 2.35714286e+001 0.00000000e+000 1.36926060e-005 2.33510766e-005 2.08218661e-005 2.00062868e-005 1.82176295e-005 1.76010591e-005 1.73259870e-005 1.51058129e-005 1.21992713e-005 
2.25000000e+000 2.05357143e+001 0.00000000e+000 3.56915506e-006 1.06630558e-005 1.15236828e-005 1.15939980e-005 1.15797250e-005 1.14899600e-005 1.14369425e-005 1.06474118e-005 9.18557597e-006 
2.25000000e+000 1.71428571e+001 0.00000000e+000 8.38571835e-007 4.63158517e-006 6.18317953e-006 6.54486763e-006 7.23846344e-006 7.39622125e-006 7.45270392e-006 7.45414849e-006 6.90390528e-006 
2.25000000e+000 1.33928571e+001 0.00000000e+000 1.77875419e-007 1.91566158e-006 3.22146886e-006 3.60461026e-006 4.45557306e-006 4.69979304e-006 4.79866160e-006 5.18177317e-006 5.16554993e-006 
2.25000000e+000 9.28571429e+000 0.00000000e+000 3.52260775e-008 7.80023304e-007 1.67824045e-006 1.99162628e-006 2.76635813e-006 3.01542963e-006 3.12086235e-006 3.64005513e-006 3.89366629e-006 
2.25000000e+000 4.82142857e+000 0.00000000e+000 7.25172747e-009 3.46769750e-007 9.56072121e-007 1.20111429e-006 1.86079852e-006 2.08944604e-006 2.18880546e-006 2.72956105e-006 3.09334011e-006 
2.25000000e+000 0.00000000e+000 0.00000000e+000 3.00861230e-009 2.40100514e-007 7.54984135e-007 9.74991842e-007 1.58838847e-006 1.80718488e-006 1.90318834e-006 2.44283611e-006 2.83696925e-006 
2.50000000e+000 3.50000000e+001 0.00000000e+000 9.68713436e-003 7.63591849e-004 2.80527186e-004 2.20776270e-004 1.36505697e-004 1.18330778e-004 1.11370103e-004 7.48933750e-005 4.69753594e-005 
2.50000000e+000 3.48214286e+001 0.00000000e+000 7.03341139e-003 6.83753538e-004 2.61969115e-004 2.07814145e-004 1.30275477e-004 1.13326898e-004 1.06811004e-004 7.23828282e-005 4.57097559e-005 
2.50000000e+000 3.42857143e+001 0.00000000e+000 6.55559892e-003 6.32262682e-004 2.45776489e-004 1.95769340e-004 1.23769288e-004 1.07929362e-004 1.01826155e-004 6.94008259e-005 4.40557105e-005 
2.50000000e+000 3.33928571e+001 0.00000000e+000 7.74063092e-003 5.84360789e-004 2.24830825e-004 1.79262673e-004 1.13900583e-004 9.95333935e-005 9.39953393e-005 6.44837192e-005 4.12501412e-005 
2.50000000e+000 3.21428571e+001 0.00000000e+000 2.86718521e-003 3.92082023e-004 1.72038734e-004 1.40770972e-004 9.36922500e-005 8.28704675e-005 7.86430085e-005 5.54225127e-005 3.63063026e-005 
2.50000000e+000 3.05357143e+001 0.00000000e+000 9.19388687e-004 2.40714666e-004 1.22264639e-004 1.03087647e-004 7.25054981e-005 6.50843314e-005 6.21366074e-005 4.52869465e-005 3.05881575e-005 
2.50000000e+000 2.85714286e+001 0.00000000e+000 2.14373408e-004 1.21276651e-004 7.40013072e-005 6.49177441e-005 4.92335864e-005 4.51193440e-005 4.34441065e-005 3.32379608e-005 2.35058688e-005 
2.50000000e+000 2.62500000e+001 0.00000000e+000 4.36238283e-005 4.61585530e-005 3.49364398e-005 3.22737454e-005 2.71500194e-005 2.56354366e-005 2.49932752e-005 2.05807388e-005 1.56758215e-005 
2.50000000e+000 2.35714286e+001 0.00000000e+000 1.08835267e-005 2.02808041e-005 1.86220908e-005 1.80152306e-005 1.66247250e-005 1.61219668e-005 1.58943835e-005 1.39798345e-005 1.13841634e-005 
2.50000000e+000 2.05357143e+001 0.00000000e+000 2.46299022e-006 8.51296799e-006 9.65525253e-006 9.82468149e-006 1.00333989e-005 1.00182561e-005 9.99794782e-006 9.44838517e-006 8.27042260e-006 
2.50000000e+000 1.71428571e+001 0.00000000e+000 4.95628063e-007 3.37224052e-006 4.82361134e-006 5.18933981e-006 5.92669555e-006 6.11138568e-006 6.18143636e-006 6.32057555e-006 5.98255304e-006 
2.50000000e+000 1.33928571e+001 0.00000000e+000 8.88108051e-008 1.26186647e-006 2.32601019e-006 2.65985846e-006 3.43348655e-006 3.66694957e-006 3.76351236e-006 4.18916332e-006 4.30409279e-006 
2.50000000e+000 9.28571429e+000 0.00000000e+000 1.46451224e-008 4.61587470e-007 1.11744328e-006 1.36399100e-006 2.00473271e-006 2.22109640e-006 2.31442327e-006 2.80943510e-006 3.12713583e-006 
2.50000000e+000 4.82142857e+000 0.00000000e+000 2.46816476e-009 1.83667791e-007 5.88433525e-007 7.66271904e-007 1.27556716e-006 1.46212269e-006 1.54484738e-006 2.02557391e-006 2.41145135e-006 
2.50000000e+000 0.00000000e+000 0.00000000e+000 8.78999389e-010 1.19144673e-007 4.46101215e-007 6.00250631e-007 1.06070472e-006 1.23498788e-006 1.31310851e-006 1.78176508e-006 2.18389306e-006 
0.00000000e+000 3.50000000e+001 1.00000000e+001 2.10593190e-004 1.43538814e-004 9.11212239e-005 8.04135866e-005 6.14574892e-005 5.64041692e-005 5.43401801e-005 4.17010062e-005 2.95803461e-005 
0.00000000e+000 3.48214286e+001 1.00000000e+001 2.09173720e-004 1.42615244e-004 9.05558864e-005 7.99209816e-005 6.10938835e-005 5.60745128e-005 5.40242510e-005 4.14655922e-005 2.94160203e-005 
0.00000000e+000 3.42857143e+001 1.00000000e+001 2.04838372e-004 1.39721063e-004 8.87679237e-005 7.83603130e-005 5.99381416e-005 5.50257017e-005 5.30187103e-005 4.07145865e-005 2.88907046e-005 
0.00000000e+000 3.33928571e+001 1.00000000e+001 1.98009241e-004 1.35184505e-004 8.59603774e-005 7.59105358e-005 5.81277778e-005 5.33841804e-005 5.14454621e-005 3.95417365e-005 2.80711153e-005 
0.00000000e+000 3.21428571e+001 1.00000000e+001 1.89421507e-004 1.29444982e-004 8.24160968e-005 7.28246623e-005 5.58617068e-005 5.13336060e-005 4.94818004e-005 3.80840824e-005 2.70549346e-005 
0.00000000e+000 3.05357143e+001 1.00000000e+001 1.79903308e-004 1.23124672e-004 7.85623831e-005 6.94885146e-005 5.34446876e-005 4.91548853e-005 4.73986422e-005 3.65493681e-005 2.59889116e-005 
0.00000000e+000 2.85714286e+001 1.00000000e+001 1.70455730e-004 1.16872623e-004 7.48544103e-005 6.63100844e-005 5.11890492e-005 4.71327082e-005 4.54692720e-005 3.51419899e-005 2.50150541e-005 
0.00000000e+000 2.62500000e+001 1.00000000e+001 1.63502586e-004 1.12260140e-004 7.22136904e-005 6.40726932e-005 4.96400652e-005 4.57533432e-005 4.41566912e-005 3.41966304e-005 2.43647712e-005 
0.00000000e+000 2.35714286e+001 1.00000000e+001 1.60097939e-004 1.09902488e-004 7.09041621e-005 6.29803671e-005 4.89130577e-005 4.51139150e-005 4.35513671e-005 3.37733786e-005 2.40814314e-005 
0.00000000e+000 2.05357143e+001 1.00000000e+001 1.59023269e-004 1.09131836e-004 7.05579862e-005 6.27187964e-005 4.87834359e-005 4.50126435e-005 4.34606497e-005 3.37314858e-005 2.40672381e-005 
0.00000000e+000 1.71428571e+001 1.00000000e+001 1.59183283e-004 1.09223356e-004 7.07287716e-005 6.29003387e-005 4.89734273e-005 4.52010506e-005 4.36477697e-005 3.38990487e-005 2.42004961e-005 
0.00000000e+000 1.33928571e+001 1.00000000e+001 1.56337985e-004 1.07213600e-004 6.95602601e-005 6.19131994e-005 4.83149984e-005 4.46271745e-005 4.31073082e-005 3.35364840e-005 2.39650644e-005 
0.00000000e+000 9.28571429e+000 1.00000000e+001 1.49404078e-004 1.02661006e-004 6.69471072e-005 5.97227469e-005 4.68718912e-005 4.33692250e-005 4.19216841e-005 3.27304853e-005 2.34290402e-005 
0.00000000e+000 4.82142857e+000 1.00000000e+001 1.41503450e-004 9.74855794e-005 6.41389519e-005 5.73999153e-005 4.53577105e-005 4.20464131e-005 4.06729112e-005 3.18677363e-005 2.28430148e-005 
0.00000000e+000 0.00000000e+000 1.00000000e+001 1.39159191e-004 9.57171329e-005 6.31041859e-005 5.65220864e-005 4.47523425e-005 4.15090199e-005 4.01623508e-005 3.15041463e-005 2.25941706e-005 
2.50000000e-001 3.50000000e+001 1.00000000e+001 2.12384288e-004 1.38375621e-004 8.73703754e-005 7.70785145e-005 5.89530006e-005 5.41387192e-005 5.21738750e-005 4.01389751e-005 2.85742726e-005 
2.50000000e-001 3.48214286e+001 1.00000000e+001 2.08487847e-004 1.36608362e-004 8.64162923e-005 7.62717882e-005 5.83919138e-005 5.36386753e-005 5.16981062e-005 3.97998974e-005 2.83492944e-005 
2.50000000e-001 3.42857143e+001 1.00000000e+001 2.02323101e-004 1.32988110e-004 8.42660293e-005 7.44119979e-005 5.70395799e-005 5.24180516e-005 5.05305274e-005 3.89405405e-005 2.77588117e-005 
2.50000000e-001 3.33928571e+001 1.00000000e+001 1.91704772e-004 1.26873068e-004 8.06688637e-005 7.13102401e-005 5.48000754e-005 5.04011621e-005 4.86031278e-005 3.75303898e-005 2.67965702e-005 
2.50000000e-001 3.21428571e+001 1.00000000e+001 1.74604654e-004 1.17878038e-004 7.55448743e-005 6.69305166e-005 5.16972821e-005 4.76226656e-005 4.59542538e-005 3.56195451e-005 2.55106631e-005 
2.50000000e-001 3.05357143e+001 1.00000000e+001 1.53637161e-004 1.06930493e-004 6.94114733e-005 6.17201240e-005 4.80584782e-005 4.43785546e-005 4.28672519e-005 3.34173114e-005 2.40454742e-005 
2.50000000e-001 2.85714286e+001 1.00000000e+001 1.25954065e-004 9.30304354e-005 6.18972001e-005 5.54051180e-005 4.37493501e-005 4.05637794e-005 3.92481126e-005 3.08838980e-005 2.23973660e-005 
2.50000000e-001 2.62500000e+001 1.00000000e+001 9.46628287e-005 7.80716440e-005 5.41178335e-005 4.89368184e-005 3.94365682e-005 3.67738427e-005 3.56641619e-005 2.84295704e-005 2.08476177e-005 
2.50000000e-001 2.35714286e+001 1.00000000e+001 7.86524793e-005 7.00528017e-005 4.99129397e-005 4.54402306e-005 3.71109131e-005 3.47331531e-005 3.37358478e-005 2.71182169e-005 2.00315293e-005 
2.50000000e-001 2.05357143e+001 1.00000000e+001 6.77785427e-005 6.47034459e-005 4.71848711e-005 4.31925173e-005 3.56494344e-005 3.34615560e-005 3.25390198e-005 2.63292600e-005 1.95666767e-005 
2.50000000e-001 1.71428571e+001 1.00000000e+001 5.98420909e-005 6.08822913e-005 4.52964068e-005 4.16516459e-005 3.46755434e-005 3.26245816e-005 3.17559407e-005 2.58373018e-005 1.93000181e-005 
2.50000000e-001 1.33928571e+001 1.00000000e+001 5.28733644e-005 5.68148787e-005 4.29967168e-005 3.97005085e-005 3.33328288e-005 3.14382873e-005 3.06322503e-005 2.50648471e-005 1.88122655e-005 
2.50000000e-001 9.28571429e+000 1.00000000e+001 4.64571683e-005 5.23070600e-005 4.02632611e-005 3.73566392e-005 3.16962066e-005 2.99857323e-005 2.92532207e-005 2.40956676e-005 1.81688722e-005 
2.50000000e-001 4.82142857e+000 1.00000000e+001 4.14876596e-005 4.83462382e-005 3.78581575e-005 3.52994469e-005 3.02559800e-005 2.87023393e-005 2.80320937e-005 2.32201393e-005 1.75680189e-005 
2.50000000e-001 0.00000000e+000 1.00000000e+001 3.99151676e-005 4.69991522e-005 3.69915528e-005 3.45432847e-005 2.97023882e-005 2.82026163e-005 2.75541294e-005 2.28682924e-005 1.73236077e-005 
5.00000000e-001 3.50000000e+001 1.00000000e+001 2.64652250e-004 1.48579403e-004 9.01862729e-005 7.89124211e-005 5.94815132e-005 5.44245615e-005 5.23735295e-005 3.99922405e-005 2.83110053e-005 
5.00000000e-001 3.48214286e+001 1.00000000e+001 2.55403230e-004 1.45595599e-004 8.87394737e-005 7.77189258e-005 5.86901999e-005 5.37287642e-005 5.17152125e-005 3.95385748e-005 2.80208532e-005 
5.00000000e-001 3.42857143e+001 1.00000000e+001 2.46439617e-004 1.41248409e-004 8.62629336e-005 7.55946321e-005 5.71684584e-005 5.23607346e-005 5.04088075e-005 3.85866544e-005 2.73743679e-005 
5.00000000e-001 3.33928571e+001 1.00000000e+001 2.30962039e-004 1.33636103e-004 8.19635642e-005 7.19187570e-005 5.45553136e-005 5.00173323e-005 4.81733761e-005 3.69694828e-005 2.62866747e-005 
5.00000000e-001 3.21428571e+001 1.00000000e+001 2.00610607e-004 1.21073208e-004 7.52596080e-005 6.62676590e-005 5.06536967e-005 4.65483019e-005 4.48760282e-005 3.46341980e-005 2.47492172e-005 
5.00000000e-001 3.05357143e+001 1.00000000e+001 1.65578437e-004 1.05732904e-004 6.70728489e-005 5.93827895e-005 4.59339233e-005 4.23625165e-005 4.09018874e-005 3.18407546e-005 2.29279132e-005 
5.00000000e-001 2.85714286e+001 1.00000000e+001 1.20901961e-004 8.54142603e-005 5.63810063e-005 5.04436313e-005 3.98909233e-005 3.70281809e-005 3.58477449e-005 2.83387666e-005 2.06904078e-005 
5.00000000e-001 2.62500000e+001 1.00000000e+001 7.21647283e-005 6.22141402e-005 4.43093543e-005 4.03979578e-005 3.31814255e-005 3.11321832e-005 3.02731244e-005 2.45371481e-005 1.83224791e-005 
5.00000000e-001 2.35714286e+001 1.00000000e+001 5.02757820e-005 5.03762999e-005 3.79102918e-005 3.50304699e-005 2.95466943e-005 2.79278075e-005 2.72397656e-005 2.24593030e-005 1.70323649e-005 
5.00000000e-001 2.05357143e+001 1.00000000e+001 3.64493729e-005 4.23493317e-005 3.35264358e-005 3.13493157e-005 2.70540394e-005 2.57327781e-005 2.51634045e-005 2.10499816e-005 1.61780643e-005 
5.00000000e-001 1.71428571e+001 1.00000000e+001 2.70995696e-005 3.65264182e-005 3.03144552e-005 2.86476687e-005 2.52244607e-005 2.41243067e-005 2.36434514e-005 2.00301003e-005 1.55755201e-005 
5.00000000e-001 1.33928571e+001 1.00000000e+001 2.03533712e-005 3.15806225e-005 2.73329313e-005 2.60771967e-005 2.33909921e-005 2.24864440e-005 2.20849041e-005 1.89328306e-005 1.48764780e-005 
5.00000000e-001 9.28571429e+000 1.00000000e+001 1.55106182e-005 2.73174886e-005 2.45625644e-005 2.36529526e-005 2.16176641e-005 2.08906932e-005 2.05614416e-005 1.78325787e-005 1.41410855e-005 
5.00000000e-001 4.82142857e+000 1.00000000e+001 1.24290690e-005 2.41479532e-005 2.24363689e-005 2.17830574e-005 2.02306429e-005 1.96349330e-005 1.93590480e-005 1.69439393e-005 1.35247711e-005 
5.00000000e-001 0.00000000e+000 1.00000000e+001 1.14504259e-005 2.30785873e-005 2.16849095e-005 2.11114542e-005 1.97139327e-005 1.91620480e-005 1.89042560e-005 1.65998292e-005 1.32825952e-005 
7.50000000e-001 3.50000000e+001 1.00000000e+001 3.63464738e-004 1.68030436e-004 9.68999773e-005 8.38486867e-005 6.19027654e-005 5.63268759e-005 5.40824867e-005 4.07902920e-005 2.85705380e-005 
7.50000000e-001 3.48214286e+001 1.00000000e+001 3.41879773e-004 1.63115610e-004 9.47695821e-005 8.21358239e-005 6.08217920e-005 5.53892927e-005 5.32004072e-005 4.02021666e-005 2.82069527e-005 
7.50000000e-001 3.42857143e+001 1.00000000e+001 3.27128043e-004 1.57733133e-004 9.19014624e-005 7.97071938e-005 5.91203070e-005 5.38681928e-005 5.17510789e-005 3.91591776e-005 2.75072175e-005 
7.50000000e-001 3.33928571e+001 1.00000000e+001 3.03404131e-004 1.48233033e-004 8.68229480e-005 7.54130033e-005 5.61263044e-005 5.11966125e-005 4.92077614e-005 3.73409503e-005 2.63002855e-005 
7.50000000e-001 3.21428571e+001 1.00000000e+001 2.46949257e-004 1.30785970e-004 7.82281715e-005 6.82878759e-005 5.13530791e-005 4.69862954e-005 4.52188388e-005 3.45687723e-005 2.45111877e-005 
7.50000000e-001 3.05357143e+001 1.00000000e+001 1.88850073e-004 1.10157751e-004 6.78277233e-005 5.96421055e-005 4.55470651e-005 4.18650961e-005 4.03674616e-005 3.12041596e-005 2.23514274e-005 
7.50000000e-001 2.85714286e+001 1.00000000e+001 1.22930863e-004 8.33018686e-005 5.40922704e-005 4.82200769e-005 3.78959639e-005 3.51274964e-005 3.39902380e-005 2.68149250e-005 1.95747314e-005 
7.50000000e-001 2.62500000e+001 1.00000000e+001 5.98210790e-005 5.31757280e-005 3.83313555e-005 3.50776250e-005 2.90771237e-005 2.73680717e-005 2.66502478e-005 2.18013479e-005 1.64594308e-005 
7.50000000e-001 2.35714286e+001 1.00000000e+001 3.54967231e-005 3.89152253e-005 3.03511104e-005 2.83211116e-005 2.44119377e-005 2.32325466e-005 2.27266614e-005 1.90816394e-005 1.47576200e-005 
7.50000000e-001 2.05357143e+001 1.00000000e+001 2.18209889e-005 2.96309681e-005 2.49482447e-005 2.37088924e-005 2.11803282e-005 2.03583417e-005 1.99965477e-005 1.71833365e-005 1.35796495e-005 
7.50000000e-001 1.71428571e+001 1.00000000e+001 1.36277098e-005 2.31727415e-005 2.10425022e-005 2.03461877e-005 1.87893063e-005 1.82252463e-005 1.79682818e-005 1.57697567e-005 1.27089297e-005 
7.50000000e-001 1.33928571e+001 1.00000000e+001 8.55764678e-006 1.82741793e-005 1.78152237e-005 1.75047972e-005 1.66741170e-005 1.63122551e-005 1.61386244e-005 1.44447851e-005 1.18471896e-005 
7.50000000e-001 9.28571429e+000 1.00000000e+001 5.48591475e-006 1.45928383e-005 1.51872375e-005 1.51505183e-005 1.48652628e-005 1.46614663e-005 1.45535550e-005 1.32652076e-005 1.10454765e-005 
7.50000000e-001 4.82142857e+000 1.00000000e+001 3.79974132e-006 1.21455394e-005 1.33497517e-005 1.34878567e-005 1.35592363e-005 1.34603424e-005 1.33962168e-005 1.23821200e-005 1.04225074e-005 
7.50000000e-001 0.00000000e+000 1.00000000e+001 3.28520560e-006 1.13330603e-005 1.27122755e-005 1.29027330e-005 1.30846303e-005 1.30196720e-005 1.29699352e-005 1.20497312e-005 1.01842765e-005 
1.00000000e+000 3.50000000e+001 1.00000000e+001 5.41240536e-004 1.96572632e-004 1.06753056e-004 9.11947985e-005 6.57241469e-005 5.94163667e-005 5.68976545e-005 4.22804834e-005 2.92200445e-005 
1.00000000e+000 3.48214286e+001 1.00000000e+001 4.91419072e-004 1.88548275e-004 1.03649615e-004 8.87647521e-005 6.42671974e-005 5.81705525e-005 5.57324607e-005 4.15295946e-005 2.87713369e-005 
1.00000000e+000 3.42857143e+001 1.00000000e+001 4.65302511e-004 1.81590709e-004 1.00256549e-004 8.59425078e-005 6.23507248e-005 5.64706423e-005 5.41178233e-005 4.03872006e-005 2.80165148e-005 
1.00000000e+000 3.33928571e+001 1.00000000e+001 4.28294107e-004 1.69525425e-004 9.42240093e-005 8.09124298e-005 5.89295838e-005 5.34372917e-005 5.12375205e-005 3.83577161e-005 2.66888650e-005 
1.00000000e+000 3.21428571e+001 1.00000000e+001 3.19096343e-004 1.44961793e-004 8.31888789e-005 7.19422291e-005 5.31317345e-005 4.83712260e-005 4.64562324e-005 3.51061763e-005 2.46344040e-005 
1.00000000e+000 3.05357143e+001 1.00000000e+001 2.21595204e-004 1.17422123e-004 7.01808949e-005 6.12758438e-005 4.61433313e-005 4.22468561e-005 4.06698111e-005 3.11532189e-005 2.21361523e-005 
1.00000000e+000 2.85714286e+001 1.00000000e+001 1.27055720e-004 8.32884908e-005 5.32851522e-005 4.73177142e-005 3.68999161e-005 3.41310848e-005 3.29974077e-005 2.59102108e-005 1.88471162e-005 
1.00000000e+000 2.62500000e+001 1.00000000e+001 5.11296658e-005 4.70564584e-005 3.42525334e-005 3.14207730e-005 2.61889111e-005 2.46948557e-005 2.40666238e-005 1.97942319e-005 1.50443173e-005 
1.00000000e+000 2.35714286e+001 1.00000000e+001 2.61119725e-005 3.12956553e-005 2.51519753e-005 2.36498931e-005 2.07254030e-005 1.98258551e-005 1.94369597e-005 1.65448678e-005 1.29896753e-005 
1.00000000e+000 2.05357143e+001 1.00000000e+001 1.37299886e-005 2.16269938e-005 1.91950333e-005 1.84887952e-005 1.69959346e-005 1.64786504e-005 1.62454791e-005 1.42757658e-005 1.15503344e-005 
1.00000000e+000 1.71428571e+001 1.00000000e+001 7.24710302e-006 1.52991197e-005 1.50356570e-005 1.48318057e-005 1.42805145e-005 1.40249369e-005 1.38997522e-005 1.25873690e-005 1.04747933e-005 
1.00000000e+000 1.33928571e+001 1.00000000e+001 3.80385751e-006 1.09205119e-005 1.18647950e-005 1.19762737e-005 1.20558146e-005 1.19864774e-005 1.19395298e-005 1.11237461e-005 9.49781021e-006 
1.00000000e+000 9.28571429e+000 1.00000000e+001 2.02691074e-006 7.95346858e-006 9.50810004e-006 9.80991759e-006 1.03019680e-005 1.03619533e-005 1.03701627e-005 9.91654788e-006 8.65748263e-006 
1.00000000e+000 4.82142857e+000 1.00000000e+001 1.18331020e-006 6.14990225e-006 7.97414253e-006 8.37938698e-006 9.10905252e-006 9.24667138e-006 9.28836216e-006 9.06150823e-006 8.03982170e-006 
1.00000000e+000 0.00000000e+000 1.00000000e+001 9.42671328e-007 5.56549614e-006 7.45245868e-006 7.88595500e-006 8.68472192e-006 8.84634251e-006 8.89859280e-006 8.74691581e-006 7.80872414e-006 
1.25000000e+000 3.50000000e+001 1.00000000e+001 8.66705314e-004 2.36587517e-004 1.19846279e-004 1.00900224e-004 7.07859548e-005 6.35317858e-005 6.06596602e-005 4.43371846e-005 3.01820267e-005 
1.25000000e+000 3.48214286e+001 1.00000000e+001 7.52534508e-004 2.23562020e-004 1.15350890e-004 9.74729839e-005 6.88356168e-005 6.18882626e-005 5.91317446e-005 4.33863467e-005 2.96330750e-005 
1.25000000e+000 3.42857143e+001 1.00000000e+001 7.05250898e-004 2.14232652e-004 1.11238083e-004 9.41252853e-005 6.66490878e-005 5.99680845e-005 5.73151777e-005 4.21287207e-005 2.88178268e-005 
1.25000000e+000 3.33928571e+001 1.00000000e+001 6.49349946e-004 1.98675259e-004 1.04001416e-004 8.81868503e-005 6.27262875e-005 5.65163854e-005 5.40477534e-005 3.98660952e-005 2.73623073e-005 
1.25000000e+000 3.21428571e+001 1.00000000e+001 4.32187939e-004 1.63577096e-004 8.97295856e-005 7.68357334e-005 5.56797628e-005 5.04250445e-005 4.83239040e-005 3.60680751e-005 2.50177677e-005 
1.25000000e+000 3.05357143e+001 1.00000000e+001 2.66483479e-004 1.26770119e-004 7.35323990e-005 6.37554364e-005 4.73467459e-005 4.31764069e-005 4.14959604e-005 3.14828891e-005 2.21680354e-005 
1.25000000e+000 2.85714286e+001 1.00000000e+001 1.32247686e-004 8.42076901e-005 5.32089277e-005 4.70910693e-005 3.64590932e-005 3.36506827e-005 3.25035663e-005 2.53882328e-005 1.83773656e-005 
1.25000000e+000 2.62500000e+001 1.00000000e+001 4.43639519e-005 4.24074688e-005 3.11984244e-005 2.86855969e-005 2.40195531e-005 2.26803711e-005 2.21163522e-005 1.82575407e-005 1.39370060e-005 
1.25000000e+000 2.35714286e+001 1.00000000e+001 1.96188885e-005 2.57568315e-005 2.13128087e-005 2.01803645e-005 1.79418022e-005 1.72375183e-005 1.69304612e-005 1.45741686e-005 1.15821609e-005 
1.25000000e+000 2.05357143e+001 1.00000000e+001 8.87144871e-006 1.62101005e-005 1.51199519e-005 1.47425239e-005 1.39004324e-005 1.35800330e-005 1.34309089e-005 1.20338448e-005 9.93689238e-006 
1.25000000e+000 1.71428571e+001 1.00000000e+001 3.97774729e-006 1.03848736e-005 1.09859557e-005 1.10368514e-005 1.10365674e-005 1.09614485e-005 1.09151155e-005 1.01686619e-005 8.71209497e-006 
1.25000000e+000 1.33928571e+001 1.00000000e+001 1.75070172e-006 6.69119148e-006 8.04647307e-006 8.32856167e-006 8.82703799e-006 8.90986425e-006 8.93137846e-006 8.63990185e-006 7.66205015e-006 
1.25000000e+000 9.28571429e+000 1.00000000e+001 7.73112751e-007 4.41084690e-006 6.02056266e-006 6.41546005e-006 7.19196142e-006 7.37186420e-006 7.43615463e-006 7.44841111e-006 6.80858157e-006 
1.25000000e+000 4.82142857e+000 1.00000000e+001 3.74624219e-007 3.13406213e-006 4.78122583e-006 5.22266927e-006 6.13346367e-006 6.36506597e-006 6.45270343e-006 6.64084573e-006 6.20795717e-006 
1.25000000e+000 0.00000000e+000 1.00000000e+001 2.70529398e-007 2.73324908e-006 4.36904408e-006 4.81987613e-006 5.76443357e-006 6.01081040e-006 6.10534431e-006 6.34945392e-006 5.98732212e-006 
1.50000000e+000 3.50000000e+001 1.00000000e+001 1.47760735e-003 2.92354537e-004 1.36761996e-004 1.13266669e-004 7.71135152e-005 6.86631411e-005 6.53477014e-005 4.69111518e-005 3.14146789e-005 
1.50000000e+000 3.48214286e+001 1.00000000e+001 1.21684036e-003 2.71308855e-004 1.30276670e-004 1.08452394e-004 7.45138139e-005 6.65045131e-005 6.33531408e-005 4.57131200e-005 3.07466928e-005 
1.50000000e+000 3.42857143e+001 1.00000000e+001 1.13176874e-003 2.58481445e-004 1.25182145e-004 1.04403041e-004 7.19835038e-005 6.43082333e-005 6.12851522e-005 4.43180467e-005 2.98627983e-005 
1.50000000e+000 3.33928571e+001 1.00000000e+001 1.05540641e-003 2.38260464e-004 1.16421652e-004 9.73345302e-005 6.74607911e-005 6.03626165e-005 5.75632043e-005 4.17910974e-005 2.82678016e-005 
1.50000000e+000 3.21428571e+001 1.00000000e+001 6.13802536e-004 1.87483667e-004 9.78151982e-005 8.28751848e-005 5.88675474e-005 5.30209235e-005 5.06974077e-005 3.73566359e-005 2.55988160e-005 
1.50000000e+000 3.05357143e+001 1.00000000e+001 3.28567550e-004 1.38137488e-004 7.76562224e-005 6.68593772e-005 4.89707360e-005 4.44821523e-005 4.26810293e-005 3.20741454e-005 2.23745195e-005 
1.50000000e+000 2.85714286e+001 1.00000000e+001 1.38238640e-004 8.56212106e-005 5.35259258e-005 4.72351063e-005 3.63405009e-005 3.34758321e-005 3.23078233e-005 2.51082963e-005 1.80814025e-005 
1.50000000e+000 2.62500000e+001 1.00000000e+001 3.88472011e-005 3.86236000e-005 2.87507229e-005 2.65022128e-005 2.22972114e-005 2.10815530e-005 2.05683724e-005 1.70331248e-005 1.30449561e-005 
1.50000000e+000 2.35714286e+001 1.00000000e+001 1.49343442e-005 2.15010303e-005 1.83254232e-005 1.74717541e-005 1.57492748e-005 1.51916579e-005 1.49460733e-005 1.29953683e-005 1.04356689e-005 
1.50000000e+000 2.05357143e+001 1.00000000e+001 5.82695877e-006 1.23609933e-005 1.21085879e-005 1.19455296e-005 1.15349633e-005 1.13482034e-005 1.12566464e-005 1.02648859e-005 8.63211588e-006 
1.50000000e+000 1.71428571e+001 1.00000000e+001 2.22670024e-006 7.18664691e-006 8.16426339e-006 8.34548316e-006 8.64671807e-006 8.67796507e-006 8.67927226e-006 8.30030115e-006 7.30488425e-006 
1.50000000e+000 1.33928571e+001 1.00000000e+001 8.24161941e-007 4.17882906e-006 5.53935472e-006 5.87197433e-006 6.53448210e-006 6.69067076e-006 6.74711382e-006 6.76311858e-006 6.21713668e-006 
1.50000000e+000 9.28571429e+000 1.00000000e+001 3.01719653e-007 2.48255632e-006 3.85129374e-006 4.23372207e-006 5.05513765e-006 5.27717448e-006 5.36400327e-006 5.61984553e-006 5.37188488e-006 
1.50000000e+000 4.82142857e+000 1.00000000e+001 1.20320251e-007 1.60690444e-006 2.87730508e-006 3.26545721e-006 4.13916068e-006 4.39027543e-006 4.49132540e-006 4.87365869e-006 4.79815956e-006 
1.50000000e+000 0.00000000e+000 1.00000000e+001 7.76469941e-008 1.34237266e-006 2.56143780e-006 2.94595721e-006 3.82616424e-006 4.08420817e-006 4.18894131e-006 4.60915849e-006 4.59079404e-006 
1.75000000e+000 3.50000000e+001 1.00000000e+001 2.65387130e-003 3.70393454e-004 1.58458523e-004 1.28847354e-004 8.48501642e-005 7.48956554e-005 7.10279479e-005 5.00015232e-005 3.28998079e-005 
1.75000000e+000 3.48214286e+001 1.00000000e+001 2.05853243e-003 3.36513035e-004 1.49133254e-004 1.22106332e-004 8.13958156e-005 7.20695296e-005 6.84325947e-005 4.84971837e-005 3.20899017e-005 
1.75000000e+000 3.42857143e+001 1.00000000e+001 1.90869967e-003 3.18623915e-004 1.42714934e-004 1.17128079e-004 7.84283079e-005 6.95265619e-005 6.60506413e-005 4.69364124e-005 3.11265796e-005 
1.75000000e+000 3.33928571e+001 1.00000000e+001 1.82926846e-003 2.92347872e-004 1.32041161e-004 1.08659036e-004 7.31850967e-005 6.49939155e-005 6.17909453e-005 4.41058278e-005 2.93767530e-005 
1.75000000e+000 3.21428571e+001 1.00000000e+001 9.13379133e-004 2.18144845e-004 1.07606707e-004 9.01227902e-005 6.26619284e-005 5.61147017e-005 5.35295203e-005 3.89215972e-005 2.63397640e-005 
1.75000000e+000 3.05357143e+001 1.00000000e+001 4.15816204e-004 1.51752253e-004 8.24922300e-005 7.05081413e-005 5.09256501e-005 4.60769464e-005 4.41394880e-005 3.28580581e-005 2.27093751e-005 
1.75000000e+000 2.85714286e+001 1.00000000e+001 1.44966864e-004 8.73472577e-005 5.40761753e-005 4.75994326e-005 3.64184922e-005 3.34898172e-005 3.22974309e-005 2.49854672e-005 1.79044492e-005 
1.75000000e+000 2.62500000e+001 1.00000000e+001 3.42310630e-005 3.54163974e-005 2.66957939e-005 2.46761780e-005 2.08683774e-005 1.97578536e-005 1.92877024e-005 1.60224908e-005 1.23064161e-005 
1.75000000e+000 2.35714286e+001 1.00000000e+001 1.14719096e-005 1.81176726e-005 1.59138669e-005 1.52788860e-005 1.39633500e-005 1.35216662e-005 1.33246884e-005 1.16961027e-005 9.48194019e-006 
1.75000000e+000 2.05357143e+001 1.00000000e+001 3.87071663e-006 9.53690715e-006 9.81207532e-006 9.79277673e-006 9.67830780e-006 9.58564771e-006 9.53498967e-006 8.84020322e-006 7.56019443e-006 
1.75000000e+000 1.71428571e+001 1.00000000e+001 1.26331731e-006 5.04211320e-006 6.14586767e-006 6.38913921e-006 6.84960858e-006 6.94301444e-006 6.97303233e-006 6.83545030e-006 6.16891165e-006 
1.75000000e+000 1.33928571e+001 1.00000000e+001 3.94029605e-007 2.64800791e-006 3.86040522e-006 4.18760667e-006 4.88357774e-006 5.06909431e-006 5.14120259e-006 5.33127209e-006 5.07185011e-006 
1.75000000e+000 9.28571429e+000 1.00000000e+001 1.19724326e-007 1.41465162e-006 2.48602311e-006 2.81678460e-006 3.57558899e-006 3.79946556e-006 3.89072495e-006 4.25830882e-006 4.25152603e-006 
1.75000000e+000 4.82142857e+000 1.00000000e+001 3.91247762e-008 8.28624717e-007 1.73765992e-006 2.04796307e-006 2.79942832e-006 3.03412223e-006 3.13198953e-006 3.58167317e-006 3.71209759e-006 
1.75000000e+000 0.00000000e+000 1.00000000e+001 2.22889921e-008 6.59303644e-007 1.50172949e-006 1.80063606e-006 2.53966721e-006 2.77516149e-006 2.87411188e-006 3.34588291e-006 3.52002408e-006 
2.00000000e+000 3.50000000e+001 1.00000000e+001 4.97439726e-003 4.80375616e-004 1.86287359e-004 1.48433077e-004 9.42305361e-005 8.23849713e-005 7.78298676e-005 5.36406671e-005 3.46354530e-005 
2.00000000e+000 3.48214286e+001 1.00000000e+001 3.61338686e-003 4.25978495e-004 1.72915383e-004 1.39019508e-004 8.96523822e-005 7.86944218e-005 7.44614043e-005 5.17565954e-005 3.36560443e-005 
2.00000000e+000 3.42857143e+001 1.00000000e+001 3.35790560e-003 4.00882801e-004 1.64732714e-004 1.32823920e-004 8.61321219e-005 7.57179642e-005 7.16887403e-005 4.99957181e-005 3.26000731e-005 
2.00000000e+000 3.33928571e+001 1.00000000e+001 3.35413887e-003 3.67032996e-004 1.51686473e-004 1.22634409e-004 8.00254382e-005 7.04878003e-005 6.67924926e-005 4.68145240e-005 3.06767060e-005 
2.00000000e+000 3.21428571e+001 1.00000000e+001 1.42051719e-003 2.57675544e-004 1.19397302e-004 9.87375663e-005 6.70858968e-005 5.97104175e-005 5.68181763e-005 4.07416133e-005 2.72188030e-005 
2.00000000e+000 3.05357143e+001 1.00000000e+001 5.40589911e-004 1.68019849e-004 8.80619087e-005 7.46927102e-005 5.31730835e-005 4.79194534e-005 4.58293429e-005 3.37952675e-005 2.31432019e-005 
2.00000000e+000 2.85714286e+001 1.00000000e+001 1.52448917e-004 8.93034478e-005 5.47795371e-005 4.81063665e-005 3.66232582e-005 3.36262245e-005 3.24075679e-005 2.49676515e-005 1.78104640e-005 
2.00000000e+000 2.62500000e+001 1.00000000e+001 3.03043997e-005 3.26293576e-005 2.49162743e-005 2.30989714e-005 1.96430718e-005 1.86253707e-005 1.81931044e-005 1.51631026e-005 1.16796937e-005 
2.00000000e+000 2.35714286e+001 1.00000000e+001 8.87194187e-006 1.53688133e-005 1.39171603e-005 1.34569932e-005 1.24706660e-005 1.21235673e-005 1.19663203e-005 1.06024064e-005 8.67352133e-006 
2.00000000e+000 2.05357143e+001 1.00000000e+001 2.59277465e-006 7.42005844e-006 8.02002438e-006 8.09759171e-006 8.18939801e-006 8.16452644e-006 8.14364428e-006 7.67223627e-006 6.66688852e-006 
2.00000000e+000 1.71428571e+001 1.00000000e+001 7.23793797e-007 3.57323455e-006 4.67219247e-006 4.93873678e-006 5.47458009e-006 5.60298363e-006 5.64990822e-006 5.67152836e-006 5.24237020e-006 
2.00000000e+000 1.33928571e+001 1.00000000e+001 1.90498528e-007 1.69677590e-006 2.71728444e-006 3.01479845e-006 3.67966718e-006 3.87025689e-006 3.94707154e-006 4.22900582e-006 4.15796490e-006 
2.00000000e+000 9.28571429e+000 1.00000000e+001 4.80948609e-008 8.14453865e-007 1.61755623e-006 1.88772270e-006 2.54366885e-006 2.75008637e-006 2.83656587e-006 3.23960751e-006 3.37482324e-006 
2.00000000e+000 4.82142857e+000 1.00000000e+001 1.28567887e-008 4.29581688e-007 1.05295989e-006 1.28818555e-006 1.89736720e-006 2.10090301e-006 2.18806397e-006 2.63575608e-006 2.87459945e-006 
2.00000000e+000 0.00000000e+000 1.00000000e+001 6.39898938e-009 3.23829396e-007 8.80460916e-007 1.10061235e-006 1.68576191e-006 1.88570690e-006 1.97200645e-006 2.42886657e-006 2.69901995e-006 
2.25000000e+000 3.50000000e+001 1.00000000e+001 9.65570874e-003 6.36632951e-004 2.22081543e-004 1.73085126e-004 1.05575144e-004 9.13491161e-005 8.59376567e-005 5.78864537e-005 3.66314483e-005 
2.25000000e+000 3.48214286e+001 1.00000000e+001 6.53725068e-003 5.49450018e-004 2.02949801e-004 1.59968926e-004 9.95208177e-005 8.65401670e-005 8.15752107e-005 5.55317786e-005 3.54494832e-005 
2.25000000e+000 3.42857143e+001 1.00000000e+001 6.12166403e-003 5.14238549e-004 1.92440195e-004 1.52193182e-004 9.53066045e-005 8.30249528e-005 7.83190412e-005 5.35297852e-005 3.42851847e-005 
2.25000000e+000 3.33928571e+001 1.00000000e+001 6.44611251e-003 4.71403480e-004 1.76497450e-004 1.39914412e-004 8.81705173e-005 7.69690066e-005 7.26715364e-005 4.99434049e-005 3.21663905e-005 
2.25000000e+000 3.21428571e+001 1.00000000e+001 2.29960216e-003 3.09030246e-004 1.33598562e-004 1.08955695e-004 7.21997635e-005 6.38432558e-005 6.05902558e-005 4.28136993e-005 2.82246678e-005 
2.25000000e+000 3.05357143e+001 1.00000000e+001 7.22125843e-004 1.87502526e-004 9.44342981e-005 7.94434079e-005 5.57031026e-005 4.99941522e-005 4.77333161e-005 3.48641806e-005 2.36574583e-005 
2.25000000e+000 2.85714286e+001 1.00000000e+001 1.60741643e-004 9.14502632e-005 5.55935994e-005 4.87138214e-005 3.69147439e-005 3.38461904e-005 3.25999727e-005 2.50223329e-005 1.77754752e-005 
2.25000000e+000 2.62500000e+001 1.00000000e+001 2.69258049e-005 3.01675451e-005 2.33426568e-005 2.17060471e-005 1.85663287e-005 1.76322041e-005 1.72340300e-005 1.44143844e-005 1.11362680e-005 
2.25000000e+000 2.35714286e+001 1.00000000e+001 6.89751235e-006 1.31025173e-005 1.22344744e-005 1.19151818e-005 1.11986166e-005 1.09300966e-005 1.08059759e-005 9.66448708e-006 7.97696756e-006 
2.25000000e+000 2.05357143e+001 1.00000000e+001 1.74803295e-006 5.80962230e-006 6.59800085e-006 6.73979044e-006 6.97502532e-006 6.99947000e-006 7.00054453e-006 6.70019130e-006 5.91289427e-006 
2.25000000e+000 1.71428571e+001 1.00000000e+001 4.17808966e-007 2.55158194e-006 3.57905906e-006 3.84652739e-006 4.40721613e-006 4.55351170e-006 4.60979918e-006 4.73574157e-006 4.47945277e-006 
2.25000000e+000 1.33928571e+001 1.00000000e+001 9.28783097e-008 1.09670557e-006 1.92823595e-006 2.18748945e-006 2.79192756e-006 2.97466065e-006 3.05008753e-006 3.37339487e-006 3.42410309e-006 
2.25000000e+000 9.28571429e+000 1.00000000e+001 1.95012920e-008 4.72915493e-007 1.05982131e-006 1.27325371e-006 1.81905711e-006 2.00023491e-006 2.07776958e-006 2.47388130e-006 2.68647692e-006 
2.25000000e+000 4.82142857e+000 1.00000000e+001 4.26257279e-009 2.23813011e-007 6.40117058e-007 8.12571011e-007 1.28863769e-006 1.45743130e-006 1.53134520e-006 1.94223280e-006 2.22814059e-006 
2.25000000e+000 0.00000000e+000 1.00000000e+001 1.83732973e-009 1.59061620e-007 5.16224841e-007 6.72746922e-007 1.11897882e-006 1.28134374e-006 1.35306372e-006 1.76319520e-006 2.06951789e-006 
2.50000000e+000 3.50000000e+001 1.00000000e+001 1.92904243e-002 8.60503175e-004 2.68303146e-004 2.04201610e-004 1.19297552e-004 1.02070220e-004 9.55904351e-005 6.28189361e-005 3.89068479e-005 
2.50000000e+000 3.48214286e+001 1.00000000e+001 1.21265453e-002 7.20916760e-004 2.40979068e-004 1.85959922e-004 1.11306008e-004 9.58155773e-005 8.99511536e-005 5.98813966e-005 3.74828408e-005 
2.50000000e+000 3.42857143e+001 1.00000000e+001 1.14996632e-002 6.71691779e-004 2.27428894e-004 1.76150549e-004 1.06226557e-004 9.16349664e-005 8.61002181e-005 5.75899872e-005 3.61919666e-005 
2.50000000e+000 3.33928571e+001 1.00000000e+001 1.28654858e-002 6.19068149e-004 2.08016021e-004 1.61369429e-004 9.78717521e-005 8.46066942e-005 7.95703691e-005 5.35360800e-005 3.38527319e-005 
2.50000000e+000 3.21428571e+001 1.00000000e+001 3.85547942e-003 3.76314586e-004 1.50751210e-004 1.21089649e-004 7.80932219e-005 6.85715789e-005 6.48937433e-005 4.51473129e-005 2.93532458e-005 
2.50000000e+000 3.05357143e+001 1.00000000e+001 9.90551580e-004 2.10936323e-004 1.01713027e-004 8.48165523e-005 5.85228203e-005 5.23009154e-005 4.98488832e-005 3.60541425e-005 2.42406888e-005 
2.50000000e+000 2.85714286e+001 1.00000000e+001 1.69929240e-004 9.37687940e-005 5.64948160e-005 4.93979505e-005 3.72691900e-005 3.41262949e-005 3.28514255e-005 2.51288271e-005 1.77833498e-005 
2.50000000e+000 2.62500000e+001 1.00000000e+001 2.39941605e-005 2.79680873e-005 2.19307253e-005 2.04565127e-005 1.76030672e-005 1.67449982e-005 1.63778748e-005 1.37493729e-005 1.06563442e-005 
2.50000000e+000 2.35714286e+001 1.00000000e+001 5.38537910e-006 1.12144668e-005 1.07984201e-005 1.05929316e-005 1.00986694e-005 9.89606438e-006 9.79987297e-006 8.84800069e-006 7.36835013e-006 
2.50000000e+000 2.05357143e+001 1.00000000e+001 1.18465373e-006 4.57122984e-006 5.45554793e-006 5.63825046e-006 5.97137272e-006 6.03162532e-006 6.04892753e-006 5.88094903e-006 5.26933907e-006 
2.50000000e+000 1.71428571e+001 1.00000000e+001 2.42623273e-007 1.83287247e-006 2.75821204e-006 3.01388826e-006 3.56878569e-006 3.72201846e-006 3.78275772e-006 3.97559455e-006 3.84584644e-006 
2.50000000e+000 1.33928571e+001 1.00000000e+001 4.55830744e-008 7.13716940e-007 1.37741419e-006 1.59750746e-006 2.13096794e-006 2.29942302e-006 2.37023098e-006 2.70420617e-006 2.83130159e-006 
2.50000000e+000 9.28571429e+000 1.00000000e+001 7.96493915e-009 2.76545702e-007 6.98604954e-007 8.63678069e-007 1.30704019e-006 1.46130473e-006 1.52851729e-006 1.89577003e-006 2.14426162e-006 
2.50000000e+000 4.82142857e+000 1.00000000e+001 1.42383940e-009 1.17141090e-007 3.90334970e-007 5.13945418e-007 8.76957400e-007 1.01287411e-006 1.07358812e-006 1.43305123e-006 1.72865664e-006 
2.50000000e+000 0.00000000e+000 1.00000000e+001 5.27615008e-010 7.81326941e-008 3.02676101e-007 4.11223511e-007 7.42768864e-007 8.70688132e-007 9.28396330e-007 1.27997339e-006 1.58684645e-006 
0.00000000e+000 3.50000000e+001 2.00000000e+001 2.45827008e-004 1.65534698e-004 1.04225692e-004 9.17044070e-005 6.95167528e-005 6.36129246e-005 6.12062055e-005 4.66168408e-005 3.29179692e-005 
0.00000000e+000 3.48214286e+001 2.00000000e+001 2.43837951e-004 1.64228748e-004 1.03409996e-004 9.09884382e-005 6.89773216e-005 6.31203343e-005 6.07326740e-005 4.62579306e-005 3.26648655e-005 
0.00000000e+000 3.42857143e+001 2.00000000e+001 2.38207972e-004 1.60534181e-004 1.01105848e-004 8.89668883e-005 6.74558626e-005 6.17315021e-005 5.93977952e-005 4.52471609e-005 3.19527150e-005 
0.00000000e+000 3.33928571e+001 2.00000000e+001 2.29137836e-004 1.54576293e-004 9.73895484e-005 8.57065707e-005 6.50028660e-005 5.94926900e-005 5.72461137e-005 4.36186442e-005 3.08055412e-005 
0.00000000e+000 3.21428571e+001 2.00000000e+001 2.17263005e-004 1.46785249e-004 9.25338975e-005 8.14480765e-005 6.18020836e-005 5.65725867e-005 5.44401818e-005 4.14974544e-005 2.93125201e-005 
0.00000000e+000 3.05357143e+001 2.00000000e+001 2.03579495e-004 1.37798612e-004 8.69395330e-005 7.65445025e-005 5.81230568e-005 5.32185735e-005 5.12183403e-005 3.90666541e-005 2.76038543e-005 
0.00000000e+000 2.85714286e+001 2.00000000e+001 1.88515974e-004 1.27909190e-004 8.07892914e-005 7.11567068e-005 5.40887081e-005 4.95436587e-005 4.76895563e-005 3.64103733e-005 2.57393721e-005 
0.00000000e+000 2.62500000e+001 2.00000000e+001 1.72920093e-004 1.17660641e-004 7.44250488e-005 6.55863529e-005 4.99301812e-005 4.57601436e-005 4.40584189e-005 3.36857315e-005 2.38306747e-005 
0.00000000e+000 2.35714286e+001 2.00000000e+001 1.57590874e-004 1.07576487e-004 6.81745063e-005 6.01223808e-005 4.58682616e-005 4.20705994e-005 4.05200431e-005 3.10421624e-005 2.19836731e-005 
0.00000000e+000 2.05357143e+001 2.00000000e+001 1.42854046e-004 9.78603515e-005 6.21602826e-005 5.48710751e-005 4.19808405e-005 3.85454696e-005 3.71418520e-005 2.85293269e-005 2.02326268e-005 
0.00000000e+000 1.71428571e+001 2.00000000e+001 1.29261207e-004 8.88753694e-005 5.66034709e-005 5.00251067e-005 3.84106065e-005 3.53141938e-005 3.40478880e-005 2.62391128e-005 1.86408904e-005 
0.00000000e+000 1.33928571e+001 2.00000000e+001 1.16608839e-004 8.05500209e-005 5.14552228e-005 4.55372308e-005 3.51124485e-005 3.23327418e-005 3.11946947e-005 2.41341630e-005 1.71810303e-005 
0.00000000e+000 9.28571429e+000 2.00000000e+001 1.07661578e-004 7.47628228e-005 4.79137034e-005 4.24645358e-005 3.28878462e-005 3.03331003e-005 2.92858065e-005 2.27462870e-005 1.62283543e-005 
0.00000000e+000 4.82142857e+000 2.00000000e+001 1.02547443e-004 7.15761639e-005 4.59759754e-005 4.07916697e-005 3.17013528e-005 2.92755330e-005 2.82800118e-005 2.20315714e-005 1.57465921e-005 
0.00000000e+000 0.00000000e+000 2.00000000e+001 1.00517151e-004 7.03420099e-005 4.52173181e-005 4.01312722e-005 3.12255779e-005 2.88498534e-005 2.78745890e-005 2.17416425e-005 1.55509033e-005 
2.50000000e-001 3.50000000e+001 2.00000000e+001 2.83866471e-004 1.72869710e-004 1.06237101e-004 9.30117191e-005 6.98905259e-005 6.38154940e-005 6.13486696e-005 4.65283860e-005 3.27714810e-005 
2.50000000e-001 3.48214286e+001 2.00000000e+001 2.77121142e-004 1.70098492e-004 1.04771872e-004 9.17763860e-005 6.90322529e-005 6.30498758e-005 6.06198346e-005 4.60069810e-005 3.24247219e-005 
2.50000000e-001 3.42857143e+001 2.00000000e+001 2.67109531e-004 1.64976709e-004 1.01817316e-004 8.92306334e-005 6.71831378e-005 6.13788651e-005 5.90204531e-005 4.48253974e-005 3.16128302e-005 
2.50000000e-001 3.33928571e+001 2.00000000e+001 2.49531750e-004 1.56104105e-004 9.67545534e-005 8.48820392e-005 6.40463741e-005 5.85503796e-005 5.63157265e-005 4.28386141e-005 3.02558757e-005 
2.50000000e-001 3.21428571e+001 2.00000000e+001 2.22973512e-004 1.43278001e-004 8.95752330e-005 7.87464358e-005 5.96681031e-005 5.46154711e-005 5.25583022e-005 4.01022041e-005 2.84031527e-005 
2.50000000e-001 3.05357143e+001 2.00000000e+001 1.91882163e-004 1.27895232e-004 8.09617222e-005 7.13909004e-005 5.44345806e-005 4.99176875e-005 4.80749535e-005 3.68498968e-005 2.62110363e-005 
2.50000000e-001 2.85714286e+001 2.00000000e+001 1.52685141e-004 1.08449325e-004 7.02032953e-005 6.22431677e-005 4.79952322e-005 4.41586285e-005 4.25876044e-005 3.29106470e-005 2.35874420e-005 
2.50000000e-001 2.62500000e+001 2.00000000e+001 1.08104247e-004 8.61967806e-005 5.80128066e-005 5.19160482e-005 4.07934332e-005 3.77382438e-005 3.64786943e-005 2.85642350e-005 2.07205501e-005 
2.50000000e-001 2.35714286e+001 2.00000000e+001 8.18832906e-005 7.12114545e-005 4.93255579e-005 4.44501145e-005 3.54319533e-005 3.29173701e-005 3.18751158e-005 2.52155471e-005 1.84542283e-005 
2.50000000e-001 2.05357143e+001 2.00000000e+001 6.29211759e-005 5.93033075e-005 4.21756434e-005 3.82546603e-005 3.09129945e-005 2.88367462e-005 2.79715631e-005 2.23459760e-005 1.64878857e-005 
2.50000000e-001 1.71428571e+001 2.00000000e+001 4.90240210e-005 4.98265098e-005 3.63183365e-005 3.31468797e-005 2.71452272e-005 2.54246098e-005 2.47036360e-005 1.99264555e-005 1.48146061e-005 
2.50000000e-001 1.33928571e+001 2.00000000e+001 3.87830271e-005 4.22565011e-005 3.14995580e-005 2.89160792e-005 2.39850822e-005 2.25532454e-005 2.19498786e-005 1.78708690e-005 1.33789784e-005 
2.50000000e-001 9.28571429e+000 2.00000000e+001 3.21463516e-005 3.71998690e-005 2.82745309e-005 2.60889286e-005 2.18889908e-005 2.06548268e-005 2.01318524e-005 1.65258002e-005 1.24457312e-005 
2.50000000e-001 4.82142857e+000 2.00000000e+001 2.84050472e-005 3.43630969e-005 2.64787625e-005 2.45216602e-005 2.07458001e-005 1.96261959e-005 1.91496550e-005 1.58124138e-005 1.19591653e-005 
2.50000000e-001 0.00000000e+000 2.00000000e+001 2.70528345e-005 3.33129628e-005 2.58009982e-005 2.39254555e-005 2.03041394e-005 1.92271737e-005 1.87680266e-005 1.55328944e-005 1.17674439e-005 
5.00000000e-001 3.50000000e+001 2.00000000e+001 4.01030601e-004 1.98562745e-004 1.15446938e-004 9.98770026e-005 7.34090754e-005 6.66377480e-005 6.39109518e-005 4.78564006e-005 3.33542327e-005 
5.00000000e-001 3.48214286e+001 2.00000000e+001 3.81831800e-004 1.93325525e-004 1.13038435e-004 9.79130358e-005 7.21327889e-005 6.55209048e-005 6.28562498e-005 4.71366125e-005 3.28977250e-005 
5.00000000e-001 3.42857143e+001 2.00000000e+001 3.61913878e-004 1.86075561e-004 1.09243073e-004 9.47116375e-005 6.98990809e-005 6.35243535e-005 6.09538544e-005 4.57667118e-005 3.19792975e-005 
5.00000000e-001 3.33928571e+001 2.00000000e+001 3.27817634e-004 1.73269853e-004 1.02564259e-004 8.90909187e-005 6.60019817e-005 6.00488577e-005 5.76455690e-005 4.34001159e-005 3.04050143e-005 
5.00000000e-001 3.21428571e+001 2.00000000e+001 2.72869155e-004 1.53699975e-004 9.26063107e-005 8.07667305e-005 6.03147020e-005 5.50000523e-005 5.28490954e-005 4.00102557e-005 2.81786546e-005 
5.00000000e-001 3.05357143e+001 2.00000000e+001 2.15504508e-004 1.31023055e-004 8.08084060e-005 7.08669900e-005 5.35146446e-005 4.89579491e-005 4.71073403e-005 3.59501228e-005 2.55153904e-005 
5.00000000e-001 2.85714286e+001 2.00000000e+001 1.50197511e-004 1.02553487e-004 6.58053000e-005 5.82686031e-005 4.48774947e-005 4.12949113e-005 3.98307221e-005 3.08364431e-005 2.21927165e-005 
5.00000000e-001 2.62500000e+001 2.00000000e+001 8.35230663e-005 7.03182493e-005 4.85803145e-005 4.37912048e-005 3.49672368e-005 3.25140340e-005 3.14982954e-005 2.50131315e-005 1.84398259e-005 
5.00000000e-001 2.35714286e+001 2.00000000e+001 5.24746992e-005 5.20344610e-005 3.80406185e-005 3.47612904e-005 2.85363808e-005 2.67488783e-005 2.60004262e-005 2.10525537e-005 1.57982190e-005 
5.00000000e-001 2.05357143e+001 2.00000000e+001 3.36648423e-005 3.91353533e-005 3.01887260e-005 2.79454384e-005 2.35545800e-005 2.22495423e-005 2.16963826e-005 1.78939036e-005 1.36479828e-005 
5.00000000e-001 1.71428571e+001 2.00000000e+001 2.19314512e-005 2.98784372e-005 2.42791838e-005 2.27587631e-005 1.96823041e-005 1.87315542e-005 1.83228190e-005 1.53814840e-005 1.19092436e-005 
5.00000000e-001 1.33928571e+001 2.00000000e+001 1.45758135e-005 2.32177602e-005 1.98204590e-005 1.88012548e-005 1.66619808e-005 1.59704298e-005 1.56681562e-005 1.33732939e-005 1.04950380e-005 
5.00000000e-001 9.28571429e+000 2.00000000e+001 1.02929467e-005 1.89711052e-005 1.69249484e-005 1.62251430e-005 1.46940082e-005 1.41725976e-005 1.39403333e-005 1.20703463e-005 9.57989905e-006 
5.00000000e-001 4.82142857e+000 2.00000000e+001 8.03936136e-006 1.66160269e-005 1.53120175e-005 1.47922480e-005 1.36091380e-005 1.31856114e-005 1.29935932e-005 1.13656380e-005 9.09197034e-006 
5.00000000e-001 0.00000000e+000 2.00000000e+001 7.28477999e-006 1.57792603e-005 1.47234840e-005 1.42650582e-005 1.32033358e-005 1.28147307e-005 1.26371704e-005 1.10975640e-005 8.90469639e-006 
7.50000000e-001 3.50000000e+001 2.00000000e+001 6.36132519e-004 2.40567789e-004 1.30326143e-004 1.11038785e-004 7.93062913e-005 7.14377322e-005 6.82997749e-005 5.02610025e-005 3.45027556e-005 
7.50000000e-001 3.48214286e+001 2.00000000e+001 5.83919276e-004 2.31025622e-004 1.26492493e-004 1.08011633e-004 7.74612265e-005 6.98524634e-005 6.68140697e-005 4.92912048e-005 3.39141969e-005 
7.50000000e-001 3.42857143e+001 2.00000000e+001 5.41418490e-004 2.20305505e-004 1.21498592e-004 1.03907000e-004 7.47336452e-005 6.74463326e-005 6.45336715e-005 4.76976872e-005 3.28749365e-005 
7.50000000e-001 3.33928571e+001 2.00000000e+001 4.73287360e-004 2.01593066e-004 1.12673333e-004 9.66472435e-005 6.99152398e-005 6.32004697e-005 6.05119478e-005 4.49003180e-005 3.10632017e-005 
7.50000000e-001 3.21428571e+001 2.00000000e+001 3.57625904e-004 1.71934628e-004 9.90496753e-005 8.55218217e-005 6.26504128e-005 5.68318857e-005 5.44929836e-005 4.07716550e-005 2.84292609e-005 
7.50000000e-001 3.05357143e+001 2.00000000e+001 2.54137487e-004 1.39689742e-004 8.34833870e-005 7.26836772e-005 5.41249061e-005 4.93282985e-005 4.73904177e-005 3.58632840e-005 2.52833182e-005 
7.50000000e-001 2.85714286e+001 2.00000000e+001 1.54288778e-004 1.01409256e-004 6.41393330e-005 5.66029359e-005 4.33225920e-005 3.98009861e-005 3.83660616e-005 2.96162816e-005 2.12911786e-005 
7.50000000e-001 2.62500000e+001 2.00000000e+001 6.89126001e-005 6.05356611e-005 4.24707768e-005 3.84406547e-005 3.09753125e-005 2.88871835e-005 2.80208215e-005 2.24406667e-005 1.67166429e-005 
7.50000000e-001 2.35714286e+001 2.00000000e+001 3.64081860e-005 4.02412894e-005 3.06180971e-005 2.82647457e-005 2.37092873e-005 2.23714304e-005 2.18069108e-005 1.79694103e-005 1.37493352e-005 
7.50000000e-001 2.05357143e+001 2.00000000e+001 1.96645064e-005 2.72963670e-005 2.24774322e-005 2.11509573e-005 1.84474898e-005 1.76050264e-005 1.72420876e-005 1.46013156e-005 1.14539714e-005 
7.50000000e-001 1.71428571e+001 2.00000000e+001 1.07254313e-005 1.88185238e-005 1.67760520e-005 1.60905824e-005 1.45890619e-005 1.40797900e-005 1.38538898e-005 1.20481556e-005 9.67476609e-006 
7.50000000e-001 1.33928571e+001 2.00000000e+001 5.93142259e-006 1.32474027e-005 1.27740443e-005 1.24832644e-005 1.17534008e-005 1.14663492e-005 1.13328972e-005 1.01068814e-005 8.29034053e-006 
7.50000000e-001 9.28571429e+000 2.00000000e+001 3.48247520e-006 9.89183400e-006 1.02670628e-005 1.02073331e-005 9.94517968e-006 9.79635119e-006 9.72076911e-006 8.86155951e-006 7.40043737e-006 
7.50000000e-001 4.82142857e+000 2.00000000e+001 2.32149442e-006 8.09064033e-006 8.89000404e-006 8.95363698e-006 8.94882554e-006 8.87741741e-006 8.83435455e-006 8.18138632e-006 6.91918717e-006 
7.50000000e-001 0.00000000e+000 2.00000000e+001 1.96268481e-006 7.47540653e-006 8.40285728e-006 8.50595102e-006 8.58633255e-006 8.54133384e-006 8.50946281e-006 7.92899500e-006 6.73855138e-006 
1.00000000e+000 3.50000000e+001 2.00000000e+001 1.11002360e-003 3.03353879e-004 1.51165432e-004 1.26515746e-004 8.73997495e-005 7.80259046e-005 7.43267033e-005 5.35942865e-005 3.61295514e-005 
1.00000000e+000 3.48214286e+001 2.00000000e+001 9.70787913e-004 2.86294660e-004 1.45163662e-004 1.21923846e-004 8.47716687e-005 7.58080971e-005 7.22636620e-005 5.23050567e-005 3.53799330e-005 
1.00000000e+000 3.42857143e+001 2.00000000e+001 8.79340924e-004 2.69960595e-004 1.38436064e-004 1.16549844e-004 8.13911266e-005 7.28703205e-005 6.94964044e-005 5.04366469e-005 3.41989324e-005 
1.00000000e+000 3.33928571e+001 2.00000000e+001 7.43332908e-004 2.42276503e-004 1.26679417e-004 1.07111564e-004 7.54155778e-005 6.76730051e-005 6.45997336e-005 4.71325692e-005 3.21190339e-005 
1.00000000e+000 3.21428571e+001 2.00000000e+001 4.95266107e-004 1.97132189e-004 1.08053712e-004 9.22719118e-005 6.61777796e-005 5.96816305e-005 5.70882277e-005 4.21385493e-005 2.90263460e-005 
1.00000000e+000 3.05357143e+001 2.00000000e+001 3.08758455e-004 1.51798787e-004 8.78078965e-005 7.58709401e-005 5.56592888e-005 5.05134578e-005 4.84447530e-005 3.63014849e-005 2.53681679e-005 
1.00000000e+000 2.85714286e+001 2.00000000e+001 1.60638097e-004 1.02177607e-004 6.37649355e-005 5.60788723e-005 4.26185270e-005 3.90748593e-005 3.76347068e-005 2.89181580e-005 2.07150920e-005 
1.00000000e+000 2.62500000e+001 2.00000000e+001 5.83593465e-005 5.35521713e-005 3.80808080e-005 3.45771991e-005 2.80464276e-005 2.62087981e-005 2.54450193e-005 2.04937332e-005 1.53745099e-005 
1.00000000e+000 2.35714286e+001 2.00000000e+001 2.61616472e-005 3.21374451e-005 2.53367551e-005 2.35925183e-005 2.01470693e-005 1.91126303e-005 1.86729655e-005 1.56058660e-005 1.21298518e-005 
1.00000000e+000 2.05357143e+001 2.00000000e+001 1.19808049e-005 1.97118511e-005 1.72109435e-005 1.64293859e-005 1.47601950e-005 1.42111019e-005 1.39702665e-005 1.21029640e-005 9.72800734e-006 
1.00000000e+000 1.71428571e+001 2.00000000e+001 5.49994513e-006 1.22656916e-005 1.18925341e-005 1.16442491e-005 1.10147987e-005 1.07644715e-005 1.06479143e-005 9.55941133e-006 7.93460084e-006 
1.00000000e+000 1.33928571e+001 2.00000000e+001 2.53440225e-006 7.78439131e-006 8.40124141e-006 8.43923016e-006 8.40491513e-006 8.33560422e-006 8.29563744e-006 7.70819990e-006 6.59185898e-006 
1.00000000e+000 9.28571429e+000 2.00000000e+001 1.22739334e-006 5.25877658e-006 6.30479363e-006 6.49022797e-006 6.78335424e-006 6.81873538e-006 6.82365762e-006 6.53804631e-006 5.73672722e-006 
1.00000000e+000 4.82142857e+000 2.00000000e+001 6.82698706e-007 3.96591868e-006 5.18160442e-006 5.43768840e-006 5.89820906e-006 5.98938226e-006 6.01846274e-006 5.89780795e-006 5.27094556e-006 
1.00000000e+000 0.00000000e+000 2.00000000e+001 5.29071526e-007 3.54207427e-006 4.79607153e-006 5.07233773e-006 5.58414469e-006 5.69329986e-006 5.73027536e-006 5.66531192e-006 5.09946264e-006 
1.25000000e+000 3.50000000e+001 2.00000000e+001 2.09776791e-003 3.96107762e-004 1.79319728e-004 1.47062356e-004 9.78448491e-005 8.64775818e-005 8.20417115e-005 5.78267613e-005 3.81969770e-005 
1.25000000e+000 3.48214286e+001 2.00000000e+001 1.72867572e-003 3.65967519e-004 1.70022758e-004 1.40167496e-004 9.41362375e-005 8.34029475e-005 7.92026539e-005 5.61272838e-005 3.72496473e-005 
1.25000000e+000 3.42857143e+001 2.00000000e+001 1.53459603e-003 3.40727669e-004 1.60806464e-004 1.33016682e-004 8.98889150e-005 7.97706503e-005 7.58036915e-005 5.39166397e-005 3.58996466e-005 
1.25000000e+000 3.33928571e+001 2.00000000e+001 1.26758318e-003 2.99534682e-004 1.45035882e-004 1.20666316e-004 8.24427155e-005 7.33822681e-005 6.98187103e-005 5.00060887e-005 3.35111539e-005 
1.25000000e+000 3.21428571e+001 2.00000000e+001 7.24104640e-004 2.30439519e-004 1.19508384e-004 1.00839552e-004 7.06980884e-005 6.33619127e-005 6.04536122e-005 4.39794025e-005 2.98923096e-005 
1.25000000e+000 3.05357143e+001 2.00000000e+001 3.85677469e-004 1.66961451e-004 9.33396124e-005 8.00282796e-005 5.78226385e-005 5.22513777e-005 5.00221760e-005 3.70999832e-005 2.56776428e-005 
1.25000000e+000 2.85714286e+001 2.00000000e+001 1.68309197e-004 1.03859839e-004 6.40546552e-005 5.61592315e-005 4.23980559e-005 3.87953904e-005 3.73342488e-005 2.85466712e-005 2.03569855e-005 
1.25000000e+000 2.62500000e+001 2.00000000e+001 5.01011691e-005 4.80874885e-005 3.46682290e-005 3.15759203e-005 2.57662347e-005 2.41194838e-005 2.34335759e-005 1.89583598e-005 1.42977070e-005 
1.25000000e+000 2.35714286e+001 2.00000000e+001 1.91631171e-005 2.61601351e-005 2.13491588e-005 2.00421023e-005 1.73978714e-005 1.65838567e-005 1.62351179e-005 1.37359417e-005 1.08199058e-005 
1.25000000e+000 2.05357143e+001 2.00000000e+001 7.47315453e-006 1.45528741e-005 1.34401295e-005 1.30033111e-005 1.20050435e-005 1.16514355e-005 1.14927259e-005 1.01618607e-005 8.34669959e-006 
1.25000000e+000 1.71428571e+001 2.00000000e+001 2.89850284e-006 8.18568110e-006 8.59639809e-006 8.58092376e-006 8.44271638e-006 8.34685419e-006 8.29678164e-006 7.66975341e-006 6.56297464e-006 
1.25000000e+000 1.33928571e+001 2.00000000e+001 1.11618740e-006 4.67780578e-006 5.61871108e-006 5.79276802e-006 6.08283470e-006 6.12686506e-006 6.13726801e-006 5.92786464e-006 5.27348170e-006 
1.25000000e+000 9.28571429e+000 2.00000000e+001 4.45484056e-007 2.84241922e-006 3.91455838e-006 4.16706771e-006 4.66031256e-006 4.77734093e-006 4.82009993e-006 4.84659101e-006 4.46200289e-006 
1.25000000e+000 4.82142857e+000 2.00000000e+001 2.04040321e-007 1.95647202e-006 3.03158279e-006 3.31315196e-006 3.89649081e-006 4.04921473e-006 4.10815906e-006 4.25771915e-006 4.01933532e-006 
1.25000000e+000 0.00000000e+000 2.00000000e+001 1.42694432e-007 1.67863025e-006 2.73770419e-006 3.02502768e-006 3.63187181e-006 3.79511152e-006 3.85895631e-006 4.04803903e-006 3.85915941e-006 
1.50000000e+000 3.50000000e+001 2.00000000e+001 4.23439437e-003 5.33858097e-004 2.17055606e-004 1.74013747e-004 1.11033011e-004 9.70493237e-005 9.16568510e-005 6.30083227e-005 4.07015982e-005 
1.50000000e+000 3.48214286e+001 2.00000000e+001 3.25432538e-003 4.80998670e-004 2.02760764e-004 1.63735285e-004 1.05834157e-004 9.28141826e-005 8.77746380e-005 6.07812335e-005 3.95109076e-005 
1.50000000e+000 3.42857143e+001 2.00000000e+001 2.84971115e-003 4.41866603e-004 1.90012235e-004 1.54120531e-004 1.00441335e-004 8.82771419e-005 8.35577546e-005 5.81435498e-005 3.79581080e-005 
1.50000000e+000 3.33928571e+001 2.00000000e+001 2.33814060e-003 3.80562808e-004 1.68771113e-004 1.37888073e-004 9.11227664e-005 8.03930548e-005 7.62140280e-005 5.35019620e-005 3.52109945e-005 
1.50000000e+000 3.21428571e+001 2.00000000e+001 1.11753315e-003 2.74223814e-004 1.33678444e-004 1.11332188e-004 7.61715598e-005 6.78170251e-005 6.45291598e-005 4.62311723e-005 3.09820423e-005 
1.50000000e+000 3.05357143e+001 2.00000000e+001 4.95798087e-004 1.85434282e-004 9.99522500e-005 8.50119019e-005 6.04763467e-005 5.44119214e-005 5.19967345e-005 3.81650116e-005 2.61536641e-005 
1.50000000e+000 2.85714286e+001 2.00000000e+001 1.77069598e-004 1.06068020e-004 6.47207636e-005 5.65861468e-005 4.24665887e-005 3.87872257e-005 3.72974459e-005 2.83851109e-005 2.01473502e-005 
1.50000000e+000 2.62500000e+001 2.00000000e+001 4.33812329e-005 4.35743014e-005 3.18662812e-005 2.91168575e-005 2.39045978e-005 2.24144115e-005 2.17921111e-005 1.77025579e-005 1.34095029e-005 
1.50000000e+000 2.35714286e+001 2.00000000e+001 1.42105876e-005 2.15556696e-005 1.82089509e-005 1.72322318e-005 1.51985899e-005 1.45536314e-005 1.42747436e-005 1.22151885e-005 9.73768807e-006 
1.50000000e+000 2.05357143e+001 2.00000000e+001 4.73210703e-006 1.09027594e-005 1.06428168e-005 1.04324104e-005 9.88679505e-006 9.66855775e-006 9.56720046e-006 8.62150474e-006 7.22346439e-006 
1.50000000e+000 1.71428571e+001 2.00000000e+001 1.55439090e-006 5.55361389e-006 6.30586826e-006 6.41274287e-006 6.55087450e-006 6.54776648e-006 6.53845828e-006 6.21262244e-006 5.46945799e-006 
1.50000000e+000 1.33928571e+001 2.00000000e+001 5.01372998e-007 2.85881323e-006 3.80945140e-006 4.02684175e-006 4.44817059e-006 4.54706769e-006 4.58310590e-006 4.59306313e-006 4.24269014e-006 
1.50000000e+000 9.28571429e+000 2.00000000e+001 1.65119626e-007 1.55787710e-006 2.45446299e-006 2.69905166e-006 3.22322157e-006 3.36757687e-006 3.42482456e-006 3.60886077e-006 3.48175282e-006 
1.50000000e+000 4.82142857e+000 2.00000000e+001 6.18483515e-008 9.71003174e-007 1.78016786e-006 2.02506119e-006 2.57990943e-006 2.74305872e-006 2.80959384e-006 3.07805898e-006 3.06794466e-006 
1.50000000e+000 0.00000000e+000 2.00000000e+001 3.85059138e-008 7.95658707e-007 1.56289401e-006 1.80420713e-006 2.36226828e-006 2.52992193e-006 2.59887400e-006 2.89254897e-006 2.92059571e-006 
1.75000000e+000 3.50000000e+001 2.00000000e+001 9.02766387e-003 7.40479591e-004 2.67691274e-004 2.09318908e-004 1.27563305e-004 1.10149642e-004 1.03517553e-004 6.92489350e-005 4.36650491e-005 
1.75000000e+000 3.48214286e+001 2.00000000e+001 6.41104035e-003 6.48169606e-004 2.45827537e-004 1.94076839e-004 1.20311668e-004 1.04344292e-004 9.82343785e-005 6.63434005e-005 4.21745574e-005 
1.75000000e+000 3.42857143e+001 2.00000000e+001 5.58191840e-003 5.87644943e-004 2.28117478e-004 1.81077175e-004 1.13414972e-004 9.86352306e-005 9.29638990e-005 6.31739997e-005 4.03781024e-005 
1.75000000e+000 3.33928571e+001 2.00000000e+001 4.63287354e-003 4.96723924e-004 1.99467817e-004 1.59695813e-004 1.01717681e-004 8.88750675e-005 8.39250462e-005 5.76495508e-005 3.72123378e-005 
1.75000000e+000 3.21428571e+001 2.00000000e+001 1.81776481e-003 3.32094962e-004 1.51079202e-004 1.24035225e-004 8.26518807e-005 7.30687507e-005 6.93264172e-005 4.88726513e-005 3.22715021e-005 
1.75000000e+000 3.05357143e+001 2.00000000e+001 6.56798964e-004 2.07817905e-004 1.07669716e-004 9.08023947e-005 6.35634321e-005 5.69356354e-005 5.43087544e-005 3.94443252e-005 2.67598794e-005 
1.75000000e+000 2.85714286e+001 2.00000000e+001 1.86895991e-004 1.08636466e-004 6.56237118e-005 5.72299134e-005 4.27178551e-005 3.89520775e-005 3.74295062e-005 2.83626098e-005 2.00407580e-005 
1.75000000e+000 2.62500000e+001 2.00000000e+001 3.77878324e-005 3.97244629e-005 2.94798031e-005 2.70259142e-005 2.23286987e-005 2.09729301e-005 2.04050983e-005 1.66432369e-005 1.26583708e-005 
1.75000000e+000 2.35714286e+001 2.00000000e+001 1.06301342e-005 1.79110303e-005 1.56630003e-005 1.49428581e-005 1.33898365e-005 1.28792762e-005 1.26560501e-005 1.09492793e-005 8.82661109e-006 
1.75000000e+000 2.05357143e+001 2.00000000e+001 3.02830120e-006 8.25221599e-006 8.51323598e-006 8.45380266e-006 8.22034717e-006 8.09832221e-006 8.03809867e-006 7.37651566e-006 6.29678626e-006 
1.75000000e+000 1.71428571e+001 2.00000000e+001 8.43745000e-007 3.81266258e-006 4.67753652e-006 4.84458434e-006 5.13329814e-006 5.18536182e-006 5.20093571e-006 5.07326719e-006 4.58837871e-006 
1.75000000e+000 1.33928571e+001 2.00000000e+001 2.28301676e-007 1.76956054e-006 2.61148595e-006 2.82860697e-006 3.28183208e-006 3.40297464e-006 3.45049030e-006 3.58281099e-006 3.43114606e-006 
1.75000000e+000 9.28571429e+000 2.00000000e+001 6.21404772e-008 8.63763053e-007 1.55232908e-006 1.76195522e-006 2.24300828e-006 2.38724970e-006 2.44669212e-006 2.69859991e-006 2.72526218e-006 
1.75000000e+000 4.82142857e+000 2.00000000e+001 1.89762599e-008 4.84643954e-007 1.04900329e-006 1.24153208e-006 1.71193815e-006 1.86189441e-006 1.92511335e-006 2.22833376e-006 2.34402998e-006 
1.75000000e+000 0.00000000e+000 2.00000000e+001 1.03961953e-008 3.77200981e-007 8.92307620e-007 1.07616591e-006 1.53657141e-006 1.68659871e-006 1.75033652e-006 2.06695917e-006 2.21034763e-006 
2.00000000e+000 3.50000000e+001 2.00000000e+001 2.01508707e-002 1.05398935e-003 3.35940228e-004 2.55692408e-004 1.48255983e-004 1.26340631e-004 1.18101090e-004 7.67109626e-005 4.71290013e-005 
2.00000000e+000 3.48214286e+001 2.00000000e+001 1.31172476e-002 8.93103461e-004 3.02622092e-004 2.33175824e-004 1.38179820e-004 1.18412996e-004 1.10938367e-004 7.29336197e-005 4.52691955e-005 
2.00000000e+000 3.42857143e+001 2.00000000e+001 1.14468187e-002 7.99960213e-004 2.78002816e-004 2.15563618e-004 1.29321679e-004 1.11194709e-004 1.04318409e-004 6.91046445e-005 4.31803758e-005 
2.00000000e+000 3.33928571e+001 2.00000000e+001 9.76670417e-003 6.65860545e-004 2.39383709e-004 1.87390521e-004 1.14612853e-004 9.90879470e-005 9.31700618e-005 6.25145992e-005 3.95251162e-005 
2.00000000e+000 3.21428571e+001 2.00000000e+001 3.10555728e-003 4.09292910e-004 1.72454719e-004 1.39379908e-004 9.02570151e-005 7.91905549e-005 7.49041775e-005 5.19097029e-005 3.37506795e-005 
2.00000000e+000 3.05357143e+001 2.00000000e+001 8.97364159e-004 2.34994226e-004 1.16600863e-004 9.74484515e-005 6.70718617e-005 5.98025867e-005 5.69359055e-005 4.09104715e-005 2.74738800e-005 
2.00000000e+000 2.85714286e+001 2.00000000e+001 1.97852779e-004 1.11489360e-004 6.66919280e-005 5.80220667e-005 4.30918937e-005 3.92332635e-005 3.76752424e-005 2.84353503e-005 2.00071789e-005 
2.00000000e+000 2.62500000e+001 2.00000000e+001 3.30630829e-005 3.63724365e-005 2.73965758e-005 2.52019677e-005 2.09585500e-005 1.97213078e-005 1.92014650e-005 1.57268821e-005 1.20092178e-005 
2.00000000e+000 2.35714286e+001 2.00000000e+001 8.00410701e-006 1.49741021e-005 1.35567129e-005 1.30386294e-005 1.18708166e-005 1.14694928e-005 1.12916700e-005 9.87514286e-006 8.04694969e-006 
2.00000000e+000 2.05357143e+001 2.00000000e+001 1.95337507e-006 6.29318978e-006 6.86117915e-006 6.90205977e-006 6.88531654e-006 6.83264680e-006 6.80239914e-006 6.35442793e-006 5.52236774e-006 
2.00000000e+000 1.71428571e+001 2.00000000e+001 4.62131923e-007 2.64048848e-006 3.49951792e-006 3.69088251e-006 4.05455570e-006 4.13828585e-006 4.16867924e-006 4.17134280e-006 3.87153597e-006 
2.00000000e+000 1.33928571e+001 2.00000000e+001 1.05001208e-007 1.10605768e-006 1.80629977e-006 2.00401447e-006 2.43971333e-006 2.56516866e-006 2.61614217e-006 2.81150936e-006 2.78801414e-006 
2.00000000e+000 9.28571429e+000 2.00000000e+001 2.36516652e-008 4.83500652e-007 9.89214482e-007 1.15822759e-006 1.56964180e-006 1.70108993e-006 1.75668298e-006 2.02594537e-006 2.13942972e-006 
2.00000000e+000 4.82142857e+000 2.00000000e+001 5.88286387e-009 2.43171513e-007 6.20227465e-007 7.63397116e-007 1.13840784e-006 1.26621951e-006 1.32149573e-006 1.61538407e-006 1.79264974e-006 
2.00000000e+000 0.00000000e+000 2.00000000e+001 2.80832067e-009 1.78851608e-007 5.09497043e-007 6.41959753e-007 9.99542042e-007 1.12444557e-006 1.17890503e-006 1.47706023e-006 1.67286203e-006 
2.25000000e+000 3.50000000e+001 2.00000000e+001 4.67541827e-002 1.53544028e-003 4.28466334e-004 3.16872709e-004 1.74195254e-004 1.46360170e-004 1.36032835e-004 8.56088438e-005 5.11527970e-005 
2.25000000e+000 3.48214286e+001 2.00000000e+001 2.77174204e-002 1.25512960e-003 3.77813801e-004 2.83698431e-004 1.60235683e-004 1.35566438e-004 1.26350593e-004 8.07120669e-005 4.88382343e-005 
2.25000000e+000 3.42857143e+001 2.00000000e+001 2.44158342e-002 1.11263640e-003 3.43640474e-004 2.59843099e-004 1.48834293e-004 1.26415393e-004 1.18011404e-004 7.60682754e-005 4.63994446e-005 
2.25000000e+000 3.33928571e+001 2.00000000e+001 2.16685169e-002 9.16211058e-004 2.91686157e-004 2.22758546e-004 1.30327214e-004 1.11383206e-004 1.04246028e-004 6.81942709e-005 4.21718887e-005 
2.25000000e+000 3.21428571e+001 2.00000000e+001 5.54448004e-003 5.13377473e-004 1.98807141e-004 1.57947635e-004 9.91583944e-005 8.62965179e-005 8.13575746e-005 5.53672614e-005 3.54192853e-005 
2.25000000e+000 3.05357143e+001 2.00000000e+001 1.26443517e-003 2.68152275e-004 1.26915550e-004 1.05043527e-004 7.10165353e-005 6.30164195e-005 5.98781535e-005 4.25512329e-005 2.82823315e-005 
2.25000000e+000 2.85714286e+001 2.00000000e+001 2.10055385e-004 1.14591490e-004 6.78868464e-005 5.89247829e-005 4.35537180e-005 3.95971086e-005 3.80016073e-005 2.85757084e-005 2.00265149e-005 
2.25000000e+000 2.62500000e+001 2.00000000e+001 2.90305735e-005 3.34131315e-005 2.55470564e-005 2.35823082e-005 1.97437525e-005 1.86126684e-005 1.81358268e-005 1.49181532e-005 1.14377703e-005 
2.25000000e+000 2.35714286e+001 2.00000000e+001 6.05794923e-006 1.25778249e-005 1.17890129e-005 1.14310440e-005 1.05749057e-005 1.02635270e-005 1.01232689e-005 8.94951603e-006 7.37036333e-006 
2.25000000e+000 2.05357143e+001 2.00000000e+001 1.26784769e-006 4.82699487e-006 5.56172056e-006 5.66782865e-006 5.80048518e-006 5.79799139e-006 5.78972707e-006 5.50429695e-006 4.86784892e-006 
2.25000000e+000 1.71428571e+001 2.00000000e+001 2.54890291e-007 1.84100660e-006 2.63573882e-006 2.83067045e-006 3.22316520e-006 3.32356850e-006 3.36227538e-006 3.44965168e-006 3.28315881e-006 
2.25000000e+000 1.33928571e+001 2.00000000e+001 4.86638494e-008 6.96597768e-007 1.25844289e-006 1.42983622e-006 1.82537654e-006 1.94562031e-006 1.99562096e-006 2.21794280e-006 2.27520417e-006 
2.25000000e+000 9.28571429e+000 2.00000000e+001 9.08046607e-009 2.72780842e-007 6.34521288e-007 7.66035640e-007 1.10400381e-006 1.21789666e-006 1.26706337e-006 1.52659328e-006 1.68423455e-006 
2.25000000e+000 4.82142857e+000 2.00000000e+001 1.83985870e-009 1.22608888e-007 3.67886891e-007 4.70720379e-007 7.58587175e-007 8.62727829e-007 9.08763182e-007 1.17260465e-006 1.37226564e-006 
2.25000000e+000 0.00000000e+000 2.00000000e+001 7.59001761e-010 8.48177468e-008 2.90944831e-007 3.82976427e-007 6.50240673e-007 7.49699317e-007 7.94066724e-007 1.05555198e-006 1.26610597e-006 
2.50000000e+000 3.50000000e+001 2.00000000e+001 1.12063776e-001 2.28380881e-003 5.54715242e-004 3.98006206e-004 2.06798317e-004 1.71161171e-004 1.58116802e-004 9.62139136e-005 5.58128880e-005 
2.50000000e+000 3.48214286e+001 2.00000000e+001 6.02148740e-002 1.79504155e-003 4.77816033e-004 3.49215089e-004 1.87501669e-004 1.56498836e-004 1.45059038e-004 8.98806829e-005 5.29386494e-005 
2.50000000e+000 3.42857143e+001 2.00000000e+001 5.38533114e-002 1.57836386e-003 4.30507088e-004 3.16956628e-004 1.72819320e-004 1.44884630e-004 1.34539932e-004 8.42342775e-005 5.00821001e-005 
2.50000000e+000 3.33928571e+001 2.00000000e+001 5.00547995e-002 1.29292298e-003 3.60816695e-004 2.68237642e-004 1.49539635e-004 1.26217679e-004 1.17538281e-004 7.48165525e-005 4.51860465e-005 
2.50000000e+000 3.21428571e+001 2.00000000e+001 1.02815787e-002 6.55297089e-004 2.31460563e-004 1.80496092e-004 1.09580113e-004 9.45383285e-005 8.88145249e-005 5.92852514e-005 3.72841423e-005 
2.50000000e+000 3.05357143e+001 2.00000000e+001 1.83551629e-003 3.08861022e-004 1.38838846e-004 1.13717392e-004 7.54305569e-005 6.65962368e-005 6.31499495e-005 4.43641436e-005 2.91779150e-005 
2.50000000e+000 2.85714286e+001 2.00000000e+001 2.23658719e-004 1.17928108e-004 6.91869340e-005 5.99163582e-005 4.40822399e-005 4.00230066e-005 3.83882448e-005 2.87659118e-005 2.00851371e-005 
2.50000000e+000 2.62500000e+001 2.00000000e+001 2.55623285e-005 3.07745427e-005 2.38851520e-005 2.21255867e-005 1.86510637e-005 1.76159702e-005 1.71780610e-005 1.41930788e-005 1.09269528e-005 
2.50000000e+000 2.35714286e+001 2.00000000e+001 4.60420326e-006 1.06047541e-005 1.02898520e-005 1.00589794e-005 9.45612007e-006 9.21933770e-006 9.11041603e-006 8.14191886e-006 6.77628167e-006 
2.50000000e+000 2.05357143e+001 2.00000000e+001 8.27041649e-007 3.71941419e-006 4.52896303e-006 4.67562304e-006 4.90910579e-006 4.94269301e-006 4.95051293e-006 4.78948994e-006 4.30923238e-006 
2.50000000e+000 1.71428571e+001 2.00000000e+001 1.41376959e-007 1.29041981e-006 1.99575054e-006 2.18251523e-006 2.57572583e-006 2.68313850e-006 2.72589849e-006 2.86678805e-006 2.79639729e-006 
2.50000000e+000 1.33928571e+001 2.00000000e+001 2.26916853e-008 4.41364499e-007 8.81941995e-007 1.02611001e-006 1.37320202e-006 1.48354164e-006 1.53024729e-006 1.75786197e-006 1.86396508e-006 
2.50000000e+000 9.28571429e+000 2.00000000e+001 3.51010237e-009 1.54900614e-007 4.09325629e-007 5.09370847e-007 7.80053684e-007 8.75709777e-007 9.17738100e-007 1.15428263e-006 1.32940291e-006 
2.50000000e+000 4.82142857e+000 2.00000000e+001 5.79720548e-010 6.20990379e-008 2.18874912e-007 2.91031987e-007 5.06501919e-007 5.88877606e-007 6.26020844e-007 8.52304777e-007 1.05144072e-006 
2.50000000e+000 0.00000000e+000 2.00000000e+001 2.05239577e-010 4.02303905e-008 1.66158074e-007 2.28492468e-007 4.23030718e-007 4.99870789e-007 5.34879617e-007 7.54355627e-007 9.58275471e-007 
END