TITLE="2RS_E_WD000.dat"
VARIABLES= "Density" "Radius" "Height" "0.1053" "0.356" "0.6617" "0.7889" "1.1732" "1.3325" "1.408" "2" "3" 
ZONE T="3D Data" I=11 J=15 K=3 F=POINT
0.00000000e+000 3.50000000e+001 0.00000000e+000 2.38749424e-004 1.61711844e-004 1.03132111e-004 9.12031512e-005 7.00388528e-005 6.43636615e-005 6.20395779e-005 4.77164248e-005 3.38735106e-005 
0.00000000e+000 3.48214286e+001 0.00000000e+000 2.37551457e-004 1.60958786e-004 1.02667561e-004 9.07965831e-005 6.97341250e-005 6.40858327e-005 6.17726835e-005 4.75151111e-005 3.37326023e-005 
0.00000000e+000 3.42857143e+001 0.00000000e+000 2.33529722e-004 1.58289038e-004 1.01010705e-004 8.93425391e-005 6.86378035e-005 6.30845314e-005 6.08100916e-005 4.67858636e-005 3.32196448e-005 
0.00000000e+000 3.33928571e+001 0.00000000e+000 2.27820545e-004 1.54500114e-004 9.86341436e-005 8.72546955e-005 6.70643431e-005 6.16485264e-005 5.94301273e-005 4.57433473e-005 3.24882987e-005 
0.00000000e+000 3.21428571e+001 0.00000000e+000 2.19857245e-004 1.49246679e-004 9.53810651e-005 8.44068705e-005 6.49335208e-005 5.97079640e-005 5.75669443e-005 4.43426608e-005 3.15086393e-005 
0.00000000e+000 3.05357143e+001 0.00000000e+000 2.11036805e-004 1.43418911e-004 9.17612705e-005 8.12391238e-005 6.25716414e-005 5.75606755e-005 5.55069063e-005 4.28015686e-005 3.04342919e-005 
0.00000000e+000 2.85714286e+001 0.00000000e+000 2.02364181e-004 1.37735735e-004 8.82862792e-005 7.82154690e-005 6.03512300e-005 5.55527072e-005 5.35849418e-005 4.13826913e-005 2.94540946e-005 
0.00000000e+000 2.62500000e+001 0.00000000e+000 1.94886805e-004 1.32763388e-004 8.52930463e-005 7.56340851e-005 5.85082364e-005 5.39034578e-005 5.20135226e-005 4.02527498e-005 2.86866875e-005 
0.00000000e+000 2.35714286e+001 0.00000000e+000 1.90627594e-004 1.29979620e-004 8.37641128e-005 7.43761396e-005 5.77401844e-005 5.32581987e-005 5.14159976e-005 3.98941104e-005 2.84742612e-005 
0.00000000e+000 2.05357143e+001 0.00000000e+000 1.91528149e-004 1.30535534e-004 8.44799856e-005 7.51606329e-005 5.86392713e-005 5.41662003e-005 5.23229060e-005 4.07127518e-005 2.91006573e-005 
0.00000000e+000 1.71428571e+001 0.00000000e+000 2.06132768e-004 1.40246231e-004 9.13798436e-005 8.14798294e-005 6.37970606e-005 5.89650392e-005 5.69683707e-005 4.43422336e-005 3.16932677e-005 
0.00000000e+000 1.33928571e+001 0.00000000e+000 2.49499227e-004 1.68710685e-004 1.09273324e-004 9.71663439e-005 7.55091466e-005 6.96158064e-005 6.71880758e-005 5.20090923e-005 3.70931021e-005 
0.00000000e+000 9.28571429e+000 0.00000000e+000 3.05230012e-004 2.06207110e-004 1.32445119e-004 1.17342016e-004 9.03613824e-005 8.30736337e-005 8.00835382e-005 6.16270675e-005 4.38659211e-005 
0.00000000e+000 4.82142857e+000 0.00000000e+000 3.61229854e-004 2.43538718e-004 1.55319598e-004 1.37206947e-004 1.04902679e-004 9.62280495e-005 9.26796951e-005 7.09857129e-005 5.04335554e-005 
0.00000000e+000 0.00000000e+000 0.00000000e+000 3.79184580e-004 2.55230618e-004 1.62390560e-004 1.43327390e-004 1.09351504e-004 1.00243938e-004 9.65216394e-005 7.38243878e-005 5.24144328e-005 
2.50000000e-001 3.50000000e+001 0.00000000e+000 2.47569639e-004 1.58631585e-004 1.00345898e-004 8.86577209e-005 6.80469535e-005 6.25437818e-005 6.02922658e-005 4.64263226e-005 3.30211966e-005 
2.50000000e-001 3.48214286e+001 0.00000000e+000 2.43294028e-004 1.56838202e-004 9.93986514e-005 8.78599739e-005 6.74944551e-005 6.20516360e-005 5.98241045e-005 4.60936768e-005 3.28031740e-005 
2.50000000e-001 3.42857143e+001 0.00000000e+000 2.36934720e-004 1.53220043e-004 9.72574323e-005 8.60019941e-005 6.61258572e-005 6.08105521e-005 5.86346744e-005 4.52104592e-005 3.21970252e-005 
2.50000000e-001 3.33928571e+001 0.00000000e+000 2.23302924e-004 1.46522103e-004 9.34732838e-005 8.27598292e-005 6.38025326e-005 5.87211835e-005 5.66392975e-005 4.37597934e-005 3.12229072e-005 
2.50000000e-001 3.21428571e+001 0.00000000e+000 2.06251220e-004 1.37723878e-004 8.84676902e-005 7.84672282e-005 6.07229314e-005 5.59513827e-005 5.39940513e-005 4.18367449e-005 2.99305600e-005 
2.50000000e-001 3.05357143e+001 0.00000000e+000 1.84853799e-004 1.26809935e-004 8.23189925e-005 7.32130908e-005 5.69896285e-005 5.26051938e-005 5.08032033e-005 3.95396927e-005 2.84029129e-005 
2.50000000e-001 2.85714286e+001 0.00000000e+000 1.57053438e-004 1.13096527e-004 7.48311427e-005 6.68787166e-005 5.25958671e-005 4.86983046e-005 4.70905567e-005 3.69248145e-005 2.67053184e-005 
2.50000000e-001 2.62500000e+001 0.00000000e+000 1.24660153e-004 9.76094544e-005 6.66204813e-005 6.00040621e-005 4.79509445e-005 4.46051328e-005 4.32161659e-005 3.42631991e-005 2.50234778e-005 
2.50000000e-001 2.35714286e+001 0.00000000e+000 1.05706095e-004 8.83321866e-005 6.17641305e-005 5.59764188e-005 4.53232026e-005 4.23233784e-005 4.10708998e-005 3.28553158e-005 2.41775513e-005 
2.50000000e-001 2.05357143e+001 0.00000000e+000 9.26179324e-005 8.24588420e-005 5.90796722e-005 5.38972765e-005 4.42500473e-005 4.14844524e-005 4.03214874e-005 3.25380620e-005 2.41134267e-005 
2.50000000e-001 1.71428571e+001 0.00000000e+000 8.66215440e-005 8.25752177e-005 6.07897831e-005 5.58338542e-005 4.64068974e-005 4.36367714e-005 4.24628328e-005 3.44712976e-005 2.56808045e-005 
2.50000000e-001 1.33928571e+001 0.00000000e+000 9.10749620e-005 9.29208654e-005 6.94029001e-005 6.38532291e-005 5.31196691e-005 4.99382765e-005 4.85894217e-005 3.94356818e-005 2.94598222e-005 
2.50000000e-001 9.28571429e+000 0.00000000e+000 9.91298383e-005 1.07494186e-004 8.09784351e-005 7.45066053e-005 6.18494226e-005 5.80906165e-005 5.64995726e-005 4.57848434e-005 3.42721490e-005 
2.50000000e-001 4.82142857e+000 0.00000000e+000 1.08506727e-004 1.22427979e-004 9.26053050e-005 8.51622809e-005 7.05109626e-005 6.61609365e-005 6.43227391e-005 5.20287837e-005 3.89764613e-005 
2.50000000e-001 0.00000000e+000 0.00000000e+000 1.10779172e-004 1.26651000e-004 9.59515755e-005 8.82382361e-005 7.30228792e-005 6.85038186e-005 6.65947738e-005 5.38459430e-005 4.03482947e-005 
5.00000000e-001 3.50000000e+001 0.00000000e+000 3.08958879e-004 1.72013625e-004 1.04701402e-004 9.17565721e-005 6.93952542e-005 6.35405910e-005 6.11597145e-005 4.67093877e-005 3.29987443e-005 
5.00000000e-001 3.48214286e+001 0.00000000e+000 2.97905954e-004 1.68714133e-004 1.03141417e-004 9.04766532e-005 6.85537494e-005 6.28021025e-005 6.04615793e-005 4.62314741e-005 3.26977959e-005 
5.00000000e-001 3.42857143e+001 0.00000000e+000 2.89261697e-004 1.64300165e-004 1.00600347e-004 8.82844380e-005 6.69571786e-005 6.13592919e-005 5.90809092e-005 4.52167049e-005 3.20108975e-005 
5.00000000e-001 3.33928571e+001 0.00000000e+000 2.62155204e-004 1.54119577e-004 9.52923021e-005 8.38181383e-005 6.38666243e-005 5.86072180e-005 5.64634372e-005 4.33604824e-005 3.07985525e-005 
5.00000000e-001 3.21428571e+001 0.00000000e+000 2.33133773e-004 1.41730435e-004 8.86190181e-005 7.81653452e-005 5.99073537e-005 5.50707110e-005 5.30957815e-005 4.09563639e-005 2.92179563e-005 
5.00000000e-001 3.05357143e+001 0.00000000e+000 1.97770236e-004 1.26147680e-004 8.02250448e-005 7.10662657e-005 5.49645138e-005 5.06664214e-005 4.89064490e-005 3.79884257e-005 2.72845425e-005 
5.00000000e-001 2.85714286e+001 0.00000000e+000 1.52720313e-004 1.05773750e-004 6.94081507e-005 6.19762172e-005 4.87416360e-005 4.51544161e-005 4.36771916e-005 3.43468892e-005 2.49609599e-005 
5.00000000e-001 2.62500000e+001 0.00000000e+000 1.01968653e-004 8.18391634e-005 5.68266378e-005 5.14649756e-005 4.16674554e-005 3.89275375e-005 3.77862197e-005 3.03201239e-005 2.24492140e-005 
5.00000000e-001 2.35714286e+001 0.00000000e+000 7.51631077e-005 6.80179322e-005 4.94079399e-005 4.52558489e-005 3.75085714e-005 3.52814819e-005 3.43439666e-005 2.80064527e-005 2.10406522e-005 
5.00000000e-001 2.05357143e+001 0.00000000e+000 5.68038484e-005 5.82729120e-005 4.43567886e-005 4.11168793e-005 3.49240258e-005 3.30802045e-005 3.22935356e-005 2.67595999e-005 2.03891650e-005 
5.00000000e-001 1.71428571e+001 0.00000000e+000 4.47556785e-005 5.31792425e-005 4.27099545e-005 4.01057715e-005 3.49059267e-005 3.32744814e-005 3.25664077e-005 2.73643077e-005 2.11159403e-005 
5.00000000e-001 1.33928571e+001 0.00000000e+000 3.84871596e-005 5.41938051e-005 4.55937350e-005 4.31931337e-005 3.81356038e-005 3.64774155e-005 3.57499099e-005 3.02797227e-005 2.36023331e-005 
5.00000000e-001 9.28571429e+000 0.00000000e+000 3.48030365e-005 5.76085946e-005 5.03059285e-005 4.79551442e-005 4.27364089e-005 4.09644063e-005 4.01813997e-005 3.42132469e-005 2.68842098e-005 
5.00000000e-001 4.82142857e+000 0.00000000e+000 3.33201497e-005 6.19972676e-005 5.54430092e-005 5.30457793e-005 4.75105270e-005 4.55876258e-005 4.47345406e-005 3.81914753e-005 3.01531404e-005 
5.00000000e-001 0.00000000e+000 0.00000000e+000 3.23643309e-005 6.28470392e-005 5.66948533e-005 5.43231080e-005 4.87633193e-005 4.68135468e-005 4.59468459e-005 3.92740954e-005 3.10598622e-005 
7.50000000e-001 3.50000000e+001 0.00000000e+000 4.16770540e-004 1.94785696e-004 1.13111948e-004 9.81065263e-005 7.27588137e-005 6.62666729e-005 6.36449660e-005 4.80164579e-005 3.35484018e-005 
7.50000000e-001 3.48214286e+001 0.00000000e+000 3.89213875e-004 1.89053631e-004 1.10695431e-004 9.61755031e-005 7.15527977e-005 6.52233589e-005 6.26644869e-005 4.73679640e-005 3.31539846e-005 
7.50000000e-001 3.42857143e+001 0.00000000e+000 3.78249135e-004 1.83785191e-004 1.07750842e-004 9.36510079e-005 6.97356680e-005 6.35867365e-005 6.11005923e-005 4.62290419e-005 3.23918240e-005 
7.50000000e-001 3.33928571e+001 0.00000000e+000 3.24121679e-004 1.68659239e-004 1.00537259e-004 8.76998191e-005 6.57677752e-005 6.00889692e-005 5.77877055e-005 4.39356543e-005 3.09307015e-005 
7.50000000e-001 3.21428571e+001 0.00000000e+000 2.75522922e-004 1.51809494e-004 9.19962433e-005 8.05598199e-005 6.08890434e-005 5.57605021e-005 5.36773820e-005 4.10493864e-005 2.90670664e-005 
7.50000000e-001 3.05357143e+001 0.00000000e+000 2.20166336e-004 1.30951633e-004 8.12688416e-005 7.15784983e-005 5.47527044e-005 5.03208436e-005 4.85142310e-005 3.74380236e-005 2.67490624e-005 
7.50000000e-001 2.85714286e+001 0.00000000e+000 1.54966864e-004 1.03942675e-004 6.72955560e-005 5.99014019e-005 4.68400294e-005 4.33311157e-005 4.18905029e-005 3.28573340e-005 2.38532620e-005 
7.50000000e-001 2.62500000e+001 0.00000000e+000 8.86316922e-005 7.27745203e-005 5.09124094e-005 4.62101915e-005 3.76139628e-005 3.52059921e-005 3.42021109e-005 2.75990513e-005 2.05826048e-005 
7.50000000e-001 2.35714286e+001 0.00000000e+000 5.74146875e-005 5.57867050e-005 4.15527521e-005 3.83133868e-005 3.22180600e-005 3.04436733e-005 2.96930409e-005 2.45167900e-005 1.86817584e-005 
7.50000000e-001 2.05357143e+001 0.00000000e+000 3.77253093e-005 4.38941918e-005 3.49406182e-005 3.27623679e-005 2.85178868e-005 2.72160937e-005 2.66542777e-005 2.25293237e-005 1.75409255e-005 
7.50000000e-001 1.71428571e+001 0.00000000e+000 2.52053144e-005 3.63189796e-005 3.12658403e-005 2.98805970e-005 2.69874271e-005 2.60148692e-005 2.55819950e-005 2.21215005e-005 1.75920810e-005 
7.50000000e-001 1.33928571e+001 0.00000000e+000 1.76830566e-005 3.30371303e-005 3.08174865e-005 2.99531893e-005 2.78775525e-005 2.70819112e-005 2.67150514e-005 2.35198386e-005 1.90647764e-005 
7.50000000e-001 9.28571429e+000 0.00000000e+000 1.29622020e-005 3.16411562e-005 3.17149173e-005 3.12592060e-005 2.97958662e-005 2.91198849e-005 2.87953083e-005 2.57096020e-005 2.11711506e-005 
7.50000000e-001 4.82142857e+000 0.00000000e+000 1.04434552e-005 3.16189306e-005 3.33290819e-005 3.31558202e-005 3.20901529e-005 3.14793591e-005 3.11751917e-005 2.80758535e-005 2.33510631e-005 
7.50000000e-001 0.00000000e+000 0.00000000e+000 9.45531962e-006 3.11861215e-005 3.34992711e-005 3.34435650e-005 3.25632454e-005 3.19910441e-005 3.17008829e-005 2.86457017e-005 2.39096884e-005 
1.00000000e+000 3.50000000e+001 0.00000000e+000 6.04401000e-004 2.26616026e-004 1.24701149e-004 1.06912864e-004 7.75739759e-005 7.02304868e-005 6.72862935e-005 5.00570949e-005 3.45166390e-005 
1.00000000e+000 3.48214286e+001 0.00000000e+000 5.36151675e-004 2.16852947e-004 1.21047738e-004 1.04072473e-004 7.58919657e-005 6.87967159e-005 6.59470381e-005 4.92016715e-005 3.40137749e-005 
1.00000000e+000 3.42857143e+001 0.00000000e+000 5.25284437e-004 2.10657702e-004 1.17665134e-004 1.01190624e-004 7.38436479e-005 6.69587154e-005 6.41934894e-005 4.79372554e-005 3.31773962e-005 
1.00000000e+000 3.33928571e+001 0.00000000e+000 4.15699829e-004 1.88214274e-004 1.07941595e-004 9.33392122e-005 6.88170070e-005 6.25761315e-005 6.00612112e-005 4.51492244e-005 3.14453878e-005 
1.00000000e+000 3.21428571e+001 0.00000000e+000 3.34368097e-004 1.65493755e-004 9.71612461e-005 8.44577097e-005 6.29120501e-005 5.73757988e-005 5.51379218e-005 4.17520604e-005 2.92906946e-005 
1.00000000e+000 3.05357143e+001 0.00000000e+000 2.49242708e-004 1.38231853e-004 8.38191145e-005 7.34088472e-005 5.55158327e-005 5.08552923e-005 4.89628131e-005 3.74889713e-005 2.65917616e-005 
1.00000000e+000 2.85714286e+001 0.00000000e+000 1.59043309e-004 1.04083693e-004 6.66280490e-005 5.91281595e-005 4.59441175e-005 4.24243123e-005 4.09826506e-005 3.20076180e-005 2.31530807e-005 
1.00000000e+000 2.62500000e+001 0.00000000e+000 7.86072677e-005 6.64199211e-005 4.68226669e-005 4.25695950e-005 3.47676245e-005 3.25751101e-005 3.16602080e-005 2.56221998e-005 1.91816603e-005 
1.00000000e+000 2.35714286e+001 0.00000000e+000 4.49497021e-005 4.71693984e-005 3.59747927e-005 3.33558106e-005 2.83702245e-005 2.68990490e-005 2.62737988e-005 2.18899104e-005 1.68523026e-005 
1.00000000e+000 2.05357143e+001 0.00000000e+000 2.57600994e-005 3.41939313e-005 2.83699778e-005 2.68656376e-005 2.38644460e-005 2.29138381e-005 2.24988279e-005 1.93219164e-005 1.53091648e-005 
1.00000000e+000 1.71428571e+001 0.00000000e+000 1.46810983e-005 2.56945800e-005 2.35610135e-005 2.28660191e-005 2.13213529e-005 2.07505680e-005 2.04882104e-005 1.81600182e-005 1.48262308e-005 
1.00000000e+000 1.33928571e+001 0.00000000e+000 8.48616357e-006 2.07951408e-005 2.13139560e-005 2.12028657e-005 2.06998064e-005 2.03947577e-005 2.02382398e-005 1.84609269e-005 1.55165600e-005 
1.00000000e+000 9.28571429e+000 0.00000000e+000 5.03195127e-006 1.77474545e-005 2.02623000e-005 2.06136066e-005 2.09486425e-005 2.08567595e-005 2.07847202e-005 1.94229098e-005 1.67349252e-005 
1.00000000e+000 4.82142857e+000 0.00000000e+000 3.33416851e-006 1.62360153e-005 2.01149972e-005 2.07940883e-005 2.17262353e-005 2.17833025e-005 2.17695566e-005 2.06697696e-005 1.81017560e-005 
1.00000000e+000 0.00000000e+000 0.00000000e+000 2.76240187e-006 1.54752708e-005 1.97937132e-005 2.05892577e-005 2.17451406e-005 2.18617732e-005 2.18719300e-005 2.08935776e-005 1.84055311e-005 
1.25000000e+000 3.50000000e+001 0.00000000e+000 9.47299481e-004 2.69883090e-004 1.39539986e-004 1.18095772e-004 8.36553153e-005 7.52467282e-005 7.19010437e-005 5.26881457e-005 3.58148486e-005 
1.25000000e+000 3.48214286e+001 0.00000000e+000 7.78301388e-004 2.53393426e-004 1.34080488e-004 1.13969518e-004 8.13423930e-005 7.33049663e-005 7.00986197e-005 5.15774190e-005 3.51839998e-005 
1.25000000e+000 3.42857143e+001 0.00000000e+000 7.77933208e-004 2.46322107e-004 1.30225341e-004 1.10699752e-004 7.90444128e-005 7.12506121e-005 6.81418364e-005 5.01811340e-005 3.42716005e-005 
1.25000000e+000 3.33928571e+001 0.00000000e+000 5.52491473e-004 2.12929913e-004 1.17137719e-004 1.00368835e-004 7.27096838e-005 6.57920736e-005 6.30197627e-005 4.68185232e-005 3.22368921e-005 
1.25000000e+000 3.21428571e+001 0.00000000e+000 4.15983935e-004 1.82368638e-004 1.03604959e-004 8.93913804e-005 6.56225515e-005 5.96003033e-005 5.71770253e-005 4.28618623e-005 2.97734833e-005 
1.25000000e+000 3.05357143e+001 0.00000000e+000 2.85958027e-004 1.47146163e-004 8.72365044e-005 7.59925222e-005 5.68471367e-005 5.19095520e-005 4.99112975e-005 3.79150955e-005 2.66852006e-005 
1.25000000e+000 2.85714286e+001 0.00000000e+000 1.64014744e-004 1.05063518e-004 6.66421241e-005 5.89921141e-005 4.55856591e-005 4.20212504e-005 4.05636966e-005 3.15412354e-005 2.27168030e-005 
1.25000000e+000 2.62500000e+001 0.00000000e+000 7.03984807e-005 6.13931106e-005 4.36771763e-005 3.97861423e-005 3.26063635e-005 3.05773810e-005 2.97293334e-005 2.41098124e-005 1.80917960e-005 
1.25000000e+000 2.35714286e+001 0.00000000e+000 3.56027300e-005 4.05052660e-005 3.16708903e-005 2.95305989e-005 2.53907557e-005 2.41476795e-005 2.36163993e-005 1.98259739e-005 1.53893659e-005 
1.25000000e+000 2.05357143e+001 0.00000000e+000 1.78070153e-005 2.71152848e-005 2.34676678e-005 2.24387245e-005 2.03146379e-005 1.96125863e-005 1.93017294e-005 1.68083059e-005 1.35185597e-005 
1.25000000e+000 1.71428571e+001 0.00000000e+000 8.67810142e-006 1.85551376e-005 1.81075815e-005 1.78315643e-005 1.71245516e-005 1.68114181e-005 1.66597767e-005 1.50979181e-005 1.26199612e-005 
1.25000000e+000 1.33928571e+001 0.00000000e+000 4.16706321e-006 1.33845507e-005 1.50079621e-005 1.52582771e-005 1.55744242e-005 1.55473195e-005 1.55132753e-005 1.46253725e-005 1.27164169e-005 
1.25000000e+000 9.28571429e+000 0.00000000e+000 2.00885500e-006 1.01296852e-005 1.30990265e-005 1.37358683e-005 1.48428648e-005 1.50434565e-005 1.51035999e-005 1.47478101e-005 1.32760549e-005 
1.25000000e+000 4.82142857e+000 0.00000000e+000 1.08184149e-006 8.39114255e-006 1.21865962e-005 1.30842988e-005 1.47437053e-005 1.51050861e-005 1.52317054e-005 1.52393170e-005 1.40465624e-005 
1.25000000e+000 0.00000000e+000 0.00000000e+000 8.07046520e-007 7.67919139e-006 1.16955159e-005 1.26756132e-005 1.45210117e-005 1.49397200e-005 1.50904766e-005 1.52393424e-005 1.41684663e-005 
1.50000000e+000 3.50000000e+001 0.00000000e+000 1.60938453e-003 3.29003950e-004 1.58210577e-004 1.31952197e-004 9.10200956e-005 8.12971010e-005 7.74600745e-005 5.58527189e-005 3.73954535e-005 
1.50000000e+000 3.48214286e+001 0.00000000e+000 1.19053763e-003 3.01259683e-004 1.50102541e-004 1.25998692e-004 8.78653763e-005 7.86896887e-005 7.50552824e-005 5.44242453e-005 3.66120711e-005 
1.50000000e+000 3.42857143e+001 0.00000000e+000 1.23324739e-003 2.93671736e-004 1.45766249e-004 1.22321276e-004 8.52980716e-005 7.64017515e-005 7.28791641e-005 5.28870271e-005 3.56200519e-005 
1.50000000e+000 3.33928571e+001 0.00000000e+000 7.61438140e-004 2.43801667e-004 1.28139776e-004 1.08730510e-004 7.73307161e-005 6.96203087e-005 6.65477196e-005 4.88478239e-005 3.32418771e-005 
1.50000000e+000 3.21428571e+001 0.00000000e+000 5.30946724e-004 2.02723889e-004 1.11194231e-004 9.52039831e-005 6.88620675e-005 6.22835252e-005 5.96483787e-005 4.42671056e-005 3.04445497e-005 
1.50000000e+000 3.05357143e+001 0.00000000e+000 3.32473098e-004 1.57515962e-004 9.12737084e-005 7.90921574e-005 5.85481681e-005 5.33006001e-005 5.11835513e-005 3.85876818e-005 2.69497364e-005 
1.50000000e+000 2.85714286e+001 0.00000000e+000 1.69622256e-004 1.06476245e-004 6.70101889e-005 5.91930709e-005 4.55279736e-005 4.19060736e-005 4.04267628e-005 3.13098510e-005 2.24538027e-005 
1.50000000e+000 2.62500000e+001 0.00000000e+000 6.34189496e-005 5.71491217e-005 4.10771503e-005 3.75012374e-005 3.08568039e-005 2.89656584e-005 2.81734613e-005 2.28959800e-005 1.72134946e-005 
1.50000000e+000 2.35714286e+001 0.00000000e+000 2.83942222e-005 3.50866454e-005 2.81611547e-005 2.64133971e-005 2.29664172e-005 2.19089447e-005 2.14538610e-005 1.81414471e-005 1.41853006e-005 
1.50000000e+000 2.05357143e+001 0.00000000e+000 1.23938407e-005 2.17167740e-005 1.96367277e-005 1.89622678e-005 1.74975486e-005 1.69832845e-005 1.67512150e-005 1.47794783e-005 1.20496730e-005 
1.50000000e+000 1.71428571e+001 0.00000000e+000 5.16968345e-006 1.35620697e-005 1.41005795e-005 1.40885826e-005 1.39238813e-005 1.37828061e-005 1.37059233e-005 1.26814790e-005 1.08329474e-005 
1.50000000e+000 1.33928571e+001 0.00000000e+000 2.07302992e-006 8.74750898e-006 1.07136617e-005 1.11235607e-005 1.18471782e-005 1.19744114e-005 1.20106865e-005 1.16815146e-005 1.04870548e-005 
1.50000000e+000 9.28571429e+000 0.00000000e+000 8.17191412e-007 5.86434542e-006 8.55579441e-006 9.23781695e-006 1.05912822e-005 1.09206601e-005 1.10434923e-005 1.12512939e-005 1.05683832e-005 
1.50000000e+000 4.82142857e+000 0.00000000e+000 3.55953263e-007 4.36321547e-006 7.41052666e-006 8.25933633e-006 1.00279930e-005 1.04955363e-005 1.06779522e-005 1.12515517e-005 1.09106204e-005 
1.50000000e+000 0.00000000e+000 0.00000000e+000 2.35782376e-007 3.81059745e-006 6.91053533e-006 7.80364374e-006 9.69687154e-006 1.02093862e-005 1.04116342e-005 1.11152622e-005 1.09068007e-005 
1.75000000e+000 3.50000000e+001 0.00000000e+000 2.95495957e-003 4.10938114e-004 1.81694325e-004 1.49044463e-004 9.98110524e-005 8.84652454e-005 8.40276651e-005 5.95470679e-005 3.92374254e-005 
1.75000000e+000 3.48214286e+001 0.00000000e+000 1.91651866e-003 3.64336574e-004 1.69694429e-004 1.40488329e-004 9.55295765e-005 8.49825252e-005 8.08366019e-005 5.77213011e-005 3.82712153e-005 
1.75000000e+000 3.42857143e+001 0.00000000e+000 2.09264868e-003 3.57212588e-004 1.64926450e-004 1.36412395e-004 9.26778450e-005 8.24456988e-005 7.84261905e-005 5.60330712e-005 3.71949114e-005 
1.75000000e+000 3.33928571e+001 0.00000000e+000 1.08867978e-003 2.82408608e-004 1.41153401e-004 1.18519594e-004 8.26631308e-005 7.40292164e-005 7.06090260e-005 5.11915261e-005 3.44235530e-005 
1.75000000e+000 3.21428571e+001 0.00000000e+000 6.96026673e-004 2.27192795e-004 1.19962428e-004 1.01880304e-004 7.25696588e-005 6.53604595e-005 6.24862069e-005 4.59078405e-005 3.12607074e-005 
1.75000000e+000 3.05357143e+001 0.00000000e+000 3.92016921e-004 1.69400276e-004 9.58452513e-005 8.26129746e-005 6.05227116e-005 5.49356025e-005 5.26886052e-005 3.94332367e-005 2.73354256e-005 
1.75000000e+000 2.85714286e+001 0.00000000e+000 1.75785474e-004 1.08157266e-004 6.75831363e-005 5.95889004e-005 4.56481234e-005 4.19632796e-005 4.04597321e-005 3.12265289e-005 2.23064321e-005 
1.75000000e+000 2.62500000e+001 0.00000000e+000 5.73604389e-005 5.34367964e-005 3.88283726e-005 3.55351045e-005 2.93710738e-005 2.76027584e-005 2.68601006e-005 2.18807654e-005 1.64820985e-005 
1.75000000e+000 2.35714286e+001 0.00000000e+000 2.27497584e-005 3.05591099e-005 2.51979003e-005 2.37799884e-005 2.09204246e-005 2.00207561e-005 1.96304019e-005 1.67221287e-005 1.31682899e-005 
1.75000000e+000 2.05357143e+001 0.00000000e+000 8.66464520e-006 1.74980728e-005 1.65512649e-005 1.61467641e-005 1.51938019e-005 1.48272012e-005 1.46572607e-005 1.31004112e-005 1.08203181e-005 
1.75000000e+000 1.71428571e+001 0.00000000e+000 3.09468250e-006 9.98587018e-006 1.10774111e-005 1.12322481e-005 1.14246736e-005 1.14014632e-005 1.13764273e-005 1.07394623e-005 9.36498103e-006 
1.75000000e+000 1.33928571e+001 0.00000000e+000 1.03973842e-006 5.77738470e-006 7.72790507e-006 8.19126992e-006 9.09313567e-006 9.30171151e-006 9.37688298e-006 9.39639264e-006 8.69722314e-006 
1.75000000e+000 9.28571429e+000 0.00000000e+000 3.36727033e-007 3.43392061e-006 5.63809649e-006 6.26318259e-006 7.60595374e-006 7.97450478e-006 8.12070252e-006 8.62186476e-006 8.44046982e-006 
1.75000000e+000 4.82142857e+000 0.00000000e+000 1.18509479e-007 2.28170523e-006 4.52222753e-006 5.22965417e-006 6.83564875e-006 7.30711868e-006 7.49976988e-006 8.31888508e-006 8.48307033e-006 
1.75000000e+000 0.00000000e+000 0.00000000e+000 6.88850809e-008 1.89091061e-006 4.08323329e-006 4.80425505e-006 6.47539889e-006 6.97681027e-006 7.18348096e-006 8.10724446e-006 8.39599095e-006 
2.00000000e+000 3.50000000e+001 0.00000000e+000 5.81034442e-003 5.26437873e-004 2.11405240e-004 1.70191173e-004 1.10267151e-004 9.69090279e-005 9.17348817e-005 6.38030656e-005 4.13375766e-005 
2.00000000e+000 3.48214286e+001 0.00000000e+000 3.23724215e-003 4.48213253e-004 1.93679644e-004 1.57923070e-004 1.04474865e-004 9.22731049e-005 8.75154541e-005 6.14792677e-005 4.01514922e-005 
2.00000000e+000 3.42857143e+001 0.00000000e+000 3.78218199e-003 4.43695054e-004 1.88634059e-004 1.53511037e-004 1.01334556e-004 8.94783331e-005 8.48606142e-005 5.96303543e-005 3.89857297e-005 
2.00000000e+000 3.33928571e+001 0.00000000e+000 1.61426219e-003 3.30947563e-004 1.56511179e-004 1.29924908e-004 8.87454366e-005 7.90352534e-005 7.52128577e-005 5.38337489e-005 3.57619714e-005 
2.00000000e+000 3.21428571e+001 0.00000000e+000 9.37906172e-004 2.56678446e-004 1.30030693e-004 1.09477701e-004 7.67354634e-005 6.88117940e-005 6.56682111e-005 4.77540603e-005 3.21961544e-005 
2.00000000e+000 3.05357143e+001 0.00000000e+000 4.69208113e-004 1.82970050e-004 1.00937445e-004 8.65254797e-005 6.27259215e-005 5.67685052e-005 5.43802737e-005 4.04098658e-005 2.78108821e-005 
2.00000000e+000 2.85714286e+001 0.00000000e+000 1.82490264e-004 1.10031376e-004 6.82883119e-005 6.01084993e-005 4.58801295e-005 4.21293424e-005 4.06002737e-005 3.12395052e-005 2.22376794e-005 
2.00000000e+000 2.62500000e+001 0.00000000e+000 5.20323254e-005 5.01211852e-005 3.68278502e-005 3.37912404e-005 2.80659367e-005 2.64099561e-005 2.57125521e-005 2.10028270e-005 1.58551410e-005 
2.00000000e+000 2.35714286e+001 0.00000000e+000 1.82877123e-005 2.67156572e-005 2.26413929e-005 2.15030803e-005 1.91487084e-005 1.83861290e-005 1.80521080e-005 1.54955267e-005 1.22898697e-005 
2.00000000e+000 2.05357143e+001 0.00000000e+000 6.07670116e-006 1.41548962e-005 1.40178925e-005 1.38194156e-005 1.32681598e-005 1.30200399e-005 1.29002204e-005 1.16820941e-005 9.77326849e-006 
2.00000000e+000 1.71428571e+001 0.00000000e+000 1.85893517e-006 7.38768771e-006 8.75470743e-006 9.01150373e-006 9.43701358e-006 9.49522028e-006 9.50658113e-006 9.15419362e-006 8.14370773e-006 
2.00000000e+000 1.33928571e+001 0.00000000e+000 5.24419218e-007 3.84390214e-006 5.61807267e-006 6.07901663e-006 7.03034121e-006 7.27662247e-006 7.37152068e-006 7.60436653e-006 7.24898462e-006 
2.00000000e+000 9.28571429e+000 0.00000000e+000 1.40012442e-007 2.02910381e-006 3.74360331e-006 4.27629833e-006 5.49346376e-006 5.85421990e-006 6.00227654e-006 6.63413055e-006 6.76184201e-006 
2.00000000e+000 4.82142857e+000 0.00000000e+000 3.98488991e-008 1.19949274e-006 2.76898380e-006 3.32107873e-006 4.66954610e-006 5.09711055e-006 5.27723840e-006 6.15901600e-006 6.60198559e-006 
2.00000000e+000 0.00000000e+000 0.00000000e+000 2.01251935e-008 9.38316318e-007 2.41266426e-006 2.95770491e-006 4.32415771e-006 4.76775898e-006 4.95622581e-006 5.91325892e-006 6.46318511e-006 
2.25000000e+000 3.50000000e+001 0.00000000e+000 1.20783040e-002 6.92184750e-004 2.49311220e-004 1.96514283e-004 1.22719360e-004 1.06852558e-004 1.00770746e-004 6.86795329e-005 4.37054175e-005 
2.25000000e+000 3.48214286e+001 0.00000000e+000 5.71151191e-003 5.60902594e-004 2.23155051e-004 1.78947281e-004 1.14899078e-004 1.00695513e-004 9.52046757e-005 6.57304632e-005 4.22543650e-005 
2.25000000e+000 3.42857143e+001 0.00000000e+000 7.21647631e-003 5.63220320e-004 2.18160775e-004 1.74350173e-004 1.11485171e-004 9.76452561e-005 9.23044689e-005 6.37130350e-005 4.09939381e-005 
2.25000000e+000 3.33928571e+001 0.00000000e+000 2.47892658e-003 3.92400502e-004 1.74659088e-004 1.43209303e-004 9.56523218e-005 8.46852808e-005 8.03967427e-005 5.67770478e-005 3.72480735e-005 
2.25000000e+000 3.21428571e+001 0.00000000e+000 1.29944448e-003 2.92376169e-004 1.41580204e-004 1.18098613e-004 8.13786270e-005 7.26441604e-005 6.91968443e-005 4.97935156e-005 3.32361202e-005 
2.25000000e+000 3.05357143e+001 0.00000000e+000 5.70626988e-004 1.98472480e-004 1.06572491e-004 9.08325846e-005 6.51396718e-005 5.87781788e-005 5.62364960e-005 4.14939909e-005 2.83563936e-005 
2.25000000e+000 2.85714286e+001 0.00000000e+000 1.89754173e-004 1.12060954e-004 6.90877138e-005 6.07141008e-005 4.61872271e-005 4.23681927e-005 4.08126950e-005 3.13173852e-005 2.22235267e-005 
2.25000000e+000 2.62500000e+001 0.00000000e+000 4.73045605e-005 4.71199903e-005 3.50158294e-005 3.22137814e-005 2.68923034e-005 2.53402645e-005 2.46847677e-005 2.02236646e-005 1.53043750e-005 
2.25000000e+000 2.35714286e+001 0.00000000e+000 1.47374403e-005 2.34199248e-005 2.04051832e-005 1.95045143e-005 1.75869122e-005 1.69445661e-005 1.66601322e-005 1.44145191e-005 1.15168910e-005 
2.25000000e+000 2.05357143e+001 0.00000000e+000 4.27186786e-006 1.14826817e-005 1.19119220e-005 1.18693967e-005 1.16332436e-005 1.14808735e-005 1.14018845e-005 1.04644439e-005 8.86812609e-006 
2.25000000e+000 1.71428571e+001 0.00000000e+000 1.11958485e-006 5.48335239e-006 6.94800760e-006 7.26212070e-006 7.83393873e-006 7.94783740e-006 7.98466751e-006 7.84317745e-006 7.11624022e-006 
2.25000000e+000 1.33928571e+001 0.00000000e+000 2.65605648e-007 2.57102612e-006 4.10857734e-006 4.53862412e-006 5.46761637e-006 5.72539008e-006 5.82823787e-006 6.18615295e-006 6.06864885e-006 
2.25000000e+000 9.28571429e+000 0.00000000e+000 5.86051473e-008 1.20769563e-006 2.50167856e-006 2.93742185e-006 3.98799037e-006 4.31828518e-006 4.45713194e-006 5.12403731e-006 5.43280790e-006 
2.25000000e+000 4.82142857e+000 0.00000000e+000 1.35103385e-008 6.33633767e-007 1.70089701e-006 2.11497993e-006 3.19644926e-006 3.56215642e-006 3.71998432e-006 4.56602040e-006 5.14288867e-006 
2.25000000e+000 0.00000000e+000 0.00000000e+000 5.87971148e-009 4.65615988e-007 1.42557405e-006 1.82089035e-006 2.88759738e-006 3.25815527e-006 3.41953713e-006 4.31301128e-006 4.97532294e-006 
2.50000000e+000 3.50000000e+001 0.00000000e+000 2.61880253e-002 9.34268919e-004 2.98135668e-004 2.29529179e-004 1.37601387e-004 1.18589692e-004 1.11383705e-004 7.42587609e-005 4.63602430e-005 
2.50000000e+000 3.48214286e+001 0.00000000e+000 1.04655323e-002 7.13948588e-004 2.59558806e-004 2.04392887e-004 1.27056737e-004 1.10424562e-004 1.04052712e-004 7.05238809e-005 4.45894626e-005 
2.50000000e+000 3.42857143e+001 0.00000000e+000 1.43808325e-002 7.30995749e-004 2.55225772e-004 1.99902115e-004 1.23414422e-004 1.07139699e-004 1.00921044e-004 6.83335885e-005 4.32295966e-005 
2.50000000e+000 3.33928571e+001 0.00000000e+000 3.93302395e-003 4.70805469e-004 1.96166389e-004 1.58708757e-004 1.03486768e-004 9.10485469e-005 8.62186321e-005 6.00362405e-005 3.88800451e-005 
2.50000000e+000 3.21428571e+001 0.00000000e+000 1.85013246e-003 3.35841386e-004 1.54845415e-004 1.27880896e-004 8.65369724e-005 7.68803982e-005 7.30898930e-005 5.20248921e-005 3.43729434e-005 
2.50000000e+000 3.05357143e+001 0.00000000e+000 7.05681525e-004 2.16225227e-004 1.12794032e-004 9.55554244e-005 6.77604685e-005 6.09573009e-005 5.82486647e-005 4.26728333e-005 2.89596528e-005 
2.50000000e+000 2.85714286e+001 0.00000000e+000 1.97613591e-004 1.14226280e-004 6.99601210e-005 6.13844230e-005 4.65480762e-005 4.26586174e-005 4.10758732e-005 3.14407256e-005 2.22481977e-005 
2.50000000e+000 2.62500000e+001 0.00000000e+000 4.30823695e-005 4.43780998e-005 3.33545742e-005 3.07678483e-005 2.58196960e-005 2.43643738e-005 2.37479394e-005 1.95184837e-005 1.48107346e-005 
2.50000000e+000 2.35714286e+001 0.00000000e+000 1.18994176e-005 2.05742919e-005 1.84310820e-005 1.77324722e-005 1.61930393e-005 1.56565359e-005 1.54159627e-005 1.34476228e-005 1.08263237e-005 
2.50000000e+000 2.05357143e+001 0.00000000e+000 3.00868694e-006 9.33460382e-006 1.01468885e-005 1.02206555e-005 1.02297286e-005 1.01546739e-005 1.01089986e-005 9.40580622e-006 8.07592228e-006 
2.50000000e+000 1.71428571e+001 0.00000000e+000 6.75724542e-007 4.07956819e-006 5.53077008e-006 5.87130137e-006 6.52739054e-006 6.67822307e-006 6.73252233e-006 6.74732943e-006 6.24339965e-006 
2.50000000e+000 1.33928571e+001 0.00000000e+000 1.34960549e-007 1.72638976e-006 3.01834836e-006 3.40442129e-006 4.27255766e-006 4.52619834e-006 4.62977594e-006 5.05472465e-006 5.10028716e-006 
2.50000000e+000 9.28571429e+000 0.00000000e+000 2.46544088e-008 7.22966428e-007 1.68083166e-006 2.02822549e-006 2.90820059e-006 3.19897516e-006 3.32357674e-006 3.97146720e-006 4.37688625e-006 
2.50000000e+000 4.82142857e+000 0.00000000e+000 4.61209703e-009 3.36203812e-007 1.04796894e-006 1.35050087e-006 2.19243492e-006 2.49394190e-006 2.62679811e-006 3.38946127e-006 4.00999135e-006 
2.50000000e+000 0.00000000e+000 0.00000000e+000 1.71780168e-009 2.31050463e-007 8.42331163e-007 1.12101885e-006 1.92828786e-006 2.22653415e-006 2.35930266e-006 3.14582357e-006 3.82997559e-006 
0.00000000e+000 3.50000000e+001 1.00000000e+001 2.11465966e-004 1.44322347e-004 9.14619578e-005 8.06595371e-005 6.15269183e-005 5.64275537e-005 5.43455999e-005 4.16269875e-005 2.94905411e-005 
0.00000000e+000 3.48214286e+001 1.00000000e+001 2.09823554e-004 1.43267671e-004 9.08276157e-005 8.01095137e-005 6.11237429e-005 5.60625338e-005 5.39959724e-005 4.13673474e-005 2.93099641e-005 
0.00000000e+000 3.42857143e+001 1.00000000e+001 2.04392082e-004 1.39701255e-004 8.86625263e-005 7.82244555e-005 5.97287587e-005 5.47958605e-005 5.27812165e-005 4.04588325e-005 2.86743244e-005 
0.00000000e+000 3.33928571e+001 1.00000000e+001 1.96427910e-004 1.34490011e-004 8.54665948e-005 7.54357092e-005 5.76596658e-005 5.29167071e-005 5.09790611e-005 3.91117364e-005 2.77325788e-005 
0.00000000e+000 3.21428571e+001 1.00000000e+001 1.86536222e-004 1.27948943e-004 8.14281152e-005 7.19093362e-005 5.50457030e-005 5.05447464e-005 4.87052616e-005 3.74172546e-005 2.65513263e-005 
0.00000000e+000 3.05357143e+001 1.00000000e+001 1.75423260e-004 1.20570389e-004 7.68607606e-005 6.79250461e-005 5.21065246e-005 4.78830216e-005 4.61559615e-005 3.55275779e-005 2.52389220e-005 
0.00000000e+000 2.85714286e+001 1.00000000e+001 1.63883436e-004 1.12930284e-004 7.21861999e-005 6.38701016e-005 4.91577677e-005 4.52250944e-005 4.36153222e-005 3.36647789e-005 2.39536537e-005 
0.00000000e+000 2.62500000e+001 1.00000000e+001 1.52470682e-004 1.05409079e-004 6.77071861e-005 6.00163651e-005 4.64096402e-005 4.27638077e-005 4.12689918e-005 3.19695448e-005 2.27928155e-005 
0.00000000e+000 2.35714286e+001 1.00000000e+001 1.43569921e-004 9.94953717e-005 6.42238632e-005 5.70473882e-005 4.43672369e-005 4.09605953e-005 3.95607769e-005 3.07794870e-005 2.19949022e-005 
0.00000000e+000 2.05357143e+001 1.00000000e+001 1.38097598e-004 9.58009594e-005 6.22255343e-005 5.54405529e-005 4.34626890e-005 4.02249531e-005 3.88895028e-005 3.04127399e-005 2.17885898e-005 
0.00000000e+000 1.71428571e+001 1.00000000e+001 1.39126152e-004 9.64234137e-005 6.33394801e-005 5.66715166e-005 4.48139460e-005 4.15655017e-005 4.02186285e-005 3.15674270e-005 2.26488760e-005 
0.00000000e+000 1.33928571e+001 1.00000000e+001 1.56081429e-004 1.07286168e-004 7.05634680e-005 6.31423266e-005 4.98789958e-005 4.62317285e-005 4.47189660e-005 3.50262754e-005 2.51044224e-005 
0.00000000e+000 9.28571429e+000 1.00000000e+001 1.82913130e-004 1.24826235e-004 8.16796628e-005 7.29317621e-005 5.72750123e-005 5.29822631e-005 5.12060103e-005 3.99299824e-005 2.85694141e-005 
0.00000000e+000 4.82142857e+000 1.00000000e+001 2.08834146e-004 1.41789716e-004 9.23148662e-005 8.22542571e-005 6.42417327e-005 5.93204335e-005 5.72887536e-005 4.44962003e-005 3.17816611e-005 
0.00000000e+000 0.00000000e+000 1.00000000e+001 2.10907695e-004 1.42390773e-004 9.25724266e-005 8.24515989e-005 6.43386076e-005 5.93939091e-005 5.73533631e-005 4.45201793e-005 3.17873475e-005 
2.50000000e-001 3.50000000e+001 1.00000000e+001 2.18841215e-004 1.41057845e-004 8.85431131e-005 7.79814611e-005 5.94074511e-005 5.44855884e-005 5.24792145e-005 4.02461731e-005 2.85852541e-005 
2.50000000e-001 3.48214286e+001 1.00000000e+001 2.13366083e-004 1.38767214e-004 8.73541493e-005 7.69864370e-005 5.87287233e-005 5.38838878e-005 5.19079709e-005 3.98442737e-005 2.83220824e-005 
2.50000000e-001 3.42857143e+001 1.00000000e+001 2.06397904e-004 1.34547806e-004 8.48636700e-005 7.48324045e-005 5.71556625e-005 5.24610676e-005 5.05457305e-005 3.88362184e-005 2.76261420e-005 
2.50000000e-001 3.33928571e+001 1.00000000e+001 1.90172527e-004 1.26448600e-004 8.03175062e-005 7.09478076e-005 5.43908248e-005 4.99797610e-005 4.81779486e-005 3.71193162e-005 2.64663578e-005 
2.50000000e-001 3.21428571e+001 1.00000000e+001 1.72426009e-004 1.16841604e-004 7.47839452e-005 6.61954137e-005 5.09817434e-005 4.69153647e-005 4.52520415e-005 3.49922577e-005 2.50269746e-005 
2.50000000e-001 3.05357143e+001 1.00000000e+001 1.50489911e-004 1.05060644e-004 6.80464966e-005 6.04272493e-005 4.68798908e-005 4.32396361e-005 4.17472140e-005 3.24665385e-005 2.33339022e-005 
2.50000000e-001 2.85714286e+001 1.00000000e+001 1.21841471e-004 9.01752141e-005 5.97686514e-005 5.34058829e-005 4.19934978e-005 3.88910852e-005 3.76131798e-005 2.95421477e-005 2.14125259e-005 
2.50000000e-001 2.62500000e+001 1.00000000e+001 8.80239556e-005 7.30673171e-005 5.05453809e-005 4.56538037e-005 3.67101458e-005 3.42208181e-005 3.31861455e-005 2.64659752e-005 1.94283287e-005 
2.50000000e-001 2.35714286e+001 1.00000000e+001 6.99493045e-005 6.28920954e-005 4.48499215e-005 4.08364972e-005 3.34137395e-005 3.13099272e-005 3.04286005e-005 2.45578568e-005 1.81949390e-005 
2.50000000e-001 2.05357143e+001 1.00000000e+001 5.80981150e-005 5.60269897e-005 4.11051856e-005 3.77359902e-005 3.14393281e-005 2.96148036e-005 2.88429213e-005 2.35469115e-005 1.75919819e-005 
2.50000000e-001 1.71428571e+001 1.00000000e+001 5.14859954e-005 5.29233824e-005 4.00519438e-005 3.70878587e-005 3.14254335e-005 2.97308864e-005 2.90055647e-005 2.38843367e-005 1.79513343e-005 
2.50000000e-001 1.33928571e+001 1.00000000e+001 5.21004511e-005 5.62022937e-005 4.32267296e-005 4.01573112e-005 3.41853527e-005 3.23690433e-005 3.15886219e-005 2.60489179e-005 1.96248939e-005 
2.50000000e-001 9.28571429e+000 1.00000000e+001 5.63645708e-005 6.31814401e-005 4.88799970e-005 4.54129423e-005 3.85912725e-005 3.65091460e-005 3.56154469e-005 2.93163053e-005 2.21052516e-005 
2.50000000e-001 4.82142857e+000 1.00000000e+001 6.10655944e-005 7.02003063e-005 5.44207055e-005 5.05262166e-005 4.28127247e-005 4.04589255e-005 3.94504581e-005 3.23987787e-005 2.44281366e-005 
2.50000000e-001 0.00000000e+000 1.00000000e+001 6.05659845e-005 6.99660682e-005 5.42915129e-005 5.04110073e-005 4.27150045e-005 4.03654389e-005 3.93588510e-005 3.23231592e-005 2.43763966e-005 
5.00000000e-001 3.50000000e+001 1.00000000e+001 2.82920648e-004 1.53868498e-004 9.24087389e-005 8.06346610e-005 6.04113992e-005 5.51710484e-005 5.30495553e-005 4.03241894e-005 2.84461891e-005 
5.00000000e-001 3.48214286e+001 1.00000000e+001 2.67438305e-004 1.49571765e-004 9.04457335e-005 7.90398573e-005 5.93855112e-005 5.42766522e-005 5.22063239e-005 3.97549861e-005 2.80895173e-005 
5.00000000e-001 3.42857143e+001 1.00000000e+001 2.59065052e-004 1.44823450e-004 8.77013185e-005 7.66764777e-005 5.76731676e-005 5.27311914e-005 5.07280021e-005 3.86672866e-005 2.73442480e-005 
5.00000000e-001 3.33928571e+001 1.00000000e+001 2.25984022e-004 1.32826121e-004 8.15530342e-005 7.15281503e-005 5.41472393e-005 4.96001659e-005 4.77532579e-005 3.65649086e-005 2.59622549e-005 
5.00000000e-001 3.21428571e+001 1.00000000e+001 1.96411910e-004 1.19925325e-004 7.45492331e-005 6.55904684e-005 4.99903796e-005 4.58884552e-005 4.42190822e-005 3.40380715e-005 2.42849473e-005 
5.00000000e-001 3.05357143e+001 1.00000000e+001 1.61448740e-004 1.03973963e-004 6.58553779e-005 5.82267922e-005 4.48589886e-005 4.13158895e-005 3.98693384e-005 3.09489516e-005 2.22522648e-005 
5.00000000e-001 2.85714286e+001 1.00000000e+001 1.17106620e-004 8.30546075e-005 5.45883255e-005 4.87390253e-005 3.83469102e-005 3.55433755e-005 3.43908100e-005 2.71171961e-005 1.97780819e-005 
5.00000000e-001 2.62500000e+001 1.00000000e+001 6.71313241e-005 5.82816577e-005 4.13951297e-005 3.76867200e-005 3.08648481e-005 2.89435496e-005 2.81407662e-005 2.28090033e-005 1.70455857e-005 
5.00000000e-001 2.35714286e+001 1.00000000e+001 4.50790158e-005 4.53138729e-005 3.40541307e-005 3.14545822e-005 2.65543007e-005 2.51232032e-005 2.45163113e-005 2.02864611e-005 1.54272536e-005 
5.00000000e-001 2.05357143e+001 1.00000000e+001 3.18847320e-005 3.67795117e-005 2.91671578e-005 2.73307536e-005 2.37817024e-005 2.26960163e-005 2.22266079e-005 1.87541166e-005 1.44886036e-005 
5.00000000e-001 1.71428571e+001 1.00000000e+001 2.39306771e-005 3.18267134e-005 2.67458302e-005 2.54363366e-005 2.27780362e-005 2.19033630e-005 2.15153176e-005 1.84461403e-005 1.44328714e-005 
5.00000000e-001 1.33928571e+001 1.00000000e+001 2.03600220e-005 3.12134585e-005 2.73947099e-005 2.62906670e-005 2.39084639e-005 2.30751849e-005 2.26992300e-005 1.96149058e-005 1.54739339e-005 
5.00000000e-001 9.28571429e+000 1.00000000e+001 1.88298040e-005 3.28856520e-005 2.97218336e-005 2.86642910e-005 2.62487919e-005 2.53697259e-005 2.49699906e-005 2.16483769e-005 1.71718341e-005 
5.00000000e-001 4.82142857e+000 1.00000000e+001 1.82588532e-005 3.50124624e-005 3.22151404e-005 3.11464509e-005 2.86016739e-005 2.76547268e-005 2.72228013e-005 2.36256489e-005 1.87953639e-005 
5.00000000e-001 0.00000000e+000 1.00000000e+001 1.73948010e-005 3.43803964e-005 3.18414208e-005 3.08219701e-005 2.83592927e-005 2.74336081e-005 2.70104085e-005 2.34679149e-005 1.86933593e-005 
7.50000000e-001 3.50000000e+001 1.00000000e+001 4.13837845e-004 1.77522662e-004 1.00544705e-004 8.66409559e-005 6.34166548e-005 5.75575376e-005 5.52053181e-005 4.13865984e-005 2.88490494e-005 
7.50000000e-001 3.48214286e+001 1.00000000e+001 3.70757354e-004 1.69700967e-004 9.74180095e-005 8.41776524e-005 6.19244220e-005 5.62782820e-005 5.40076134e-005 4.06102136e-005 2.83820296e-005 
7.50000000e-001 3.42857143e+001 1.00000000e+001 3.61566580e-004 1.64391913e-004 9.44228455e-005 8.16118595e-005 6.00826949e-005 5.46200345e-005 5.24229526e-005 3.94509191e-005 2.75929057e-005 
7.50000000e-001 3.33928571e+001 1.00000000e+001 2.89640318e-004 1.46304937e-004 8.61044076e-005 7.48104774e-005 5.56283350e-005 5.07119062e-005 4.87281171e-005 3.69117357e-005 2.59692328e-005 
7.50000000e-001 3.21428571e+001 1.00000000e+001 2.37926263e-004 1.28984842e-004 7.73652391e-005 6.75159729e-005 5.06646014e-005 4.63127633e-005 4.45521191e-005 3.39774384e-005 2.40560507e-005 
7.50000000e-001 3.05357143e+001 1.00000000e+001 1.82336363e-004 1.08079904e-004 6.65753130e-005 5.84824605e-005 4.45013525e-005 4.08512594e-005 3.93685730e-005 3.03447039e-005 2.17008091e-005 
7.50000000e-001 2.85714286e+001 1.00000000e+001 1.18823654e-004 8.10685790e-005 5.24602497e-005 4.66722472e-005 3.64879447e-005 3.37693268e-005 3.26556523e-005 2.56852868e-005 1.87229804e-005 
7.50000000e-001 2.62500000e+001 1.00000000e+001 5.55217376e-005 4.98334409e-005 3.58471615e-005 3.27578321e-005 2.70692819e-005 2.54614367e-005 2.47883666e-005 2.02691387e-005 1.53073387e-005 
7.50000000e-001 2.35714286e+001 1.00000000e+001 3.20413359e-005 3.51645754e-005 2.73506891e-005 2.54990689e-005 2.19740106e-005 2.09246279e-005 2.04759023e-005 1.72380412e-005 1.33576928e-005 
7.50000000e-001 2.05357143e+001 1.00000000e+001 1.95358829e-005 2.60099319e-005 2.18239628e-005 2.07580268e-005 1.86542414e-005 1.79792562e-005 1.76814559e-005 1.53053772e-005 1.21457495e-005 
7.50000000e-001 1.71428571e+001 1.00000000e+001 1.24744118e-005 2.04633872e-005 1.86719162e-005 1.81405633e-005 1.69921170e-005 1.65614048e-005 1.63608167e-005 1.45137578e-005 1.17588068e-005 
7.50000000e-001 1.33928571e+001 1.00000000e+001 8.79740276e-006 1.81941824e-005 1.78912869e-005 1.76666159e-005 1.70358727e-005 1.67271445e-005 1.65735373e-005 1.49445788e-005 1.23018720e-005 
7.50000000e-001 9.28571429e+000 1.00000000e+001 6.70988066e-006 1.75602997e-005 1.83473059e-005 1.83281629e-005 1.80167298e-005 1.77725733e-005 1.76420326e-005 1.60761826e-005 1.33915559e-005 
7.50000000e-001 4.82142857e+000 1.00000000e+001 5.57531052e-006 1.75883502e-005 1.91484739e-005 1.92670379e-005 1.91541586e-005 1.89435475e-005 1.88236678e-005 1.72537698e-005 1.44762329e-005 
7.50000000e-001 0.00000000e+000 1.00000000e+001 4.99647812e-006 1.68947584e-005 1.86751067e-005 1.88453457e-005 1.88285317e-005 1.86449683e-005 1.85363875e-005 1.70388001e-005 1.43353341e-005 
1.00000000e+000 3.50000000e+001 1.00000000e+001 6.79970806e-004 2.13418539e-004 1.12489172e-004 9.54940546e-005 6.79941788e-005 6.12599745e-005 5.85810430e-005 4.31929540e-005 2.96634446e-005 
1.00000000e+000 3.48214286e+001 1.00000000e+001 5.60990484e-004 1.99318154e-004 1.07575403e-004 9.17439703e-005 6.58593202e-005 5.94613865e-005 5.69091763e-005 4.21532763e-005 2.90630320e-005 
1.00000000e+000 3.42857143e+001 1.00000000e+001 5.55855114e-004 1.93446868e-004 1.04313101e-004 8.89640465e-005 6.38846611e-005 5.76885262e-005 5.52169725e-005 4.09236796e-005 2.82320522e-005 
1.00000000e+000 3.33928571e+001 1.00000000e+001 3.93962889e-004 1.65581595e-004 9.29305412e-005 7.99022679e-005 5.82419391e-005 5.28048347e-005 5.06254534e-005 3.78658792e-005 2.63343482e-005 
1.00000000e+000 3.21428571e+001 1.00000000e+001 3.00446563e-004 1.41983123e-004 8.19865101e-005 7.09327711e-005 5.23399083e-005 4.76201230e-005 4.57213199e-005 3.44883100e-005 2.41742795e-005 
1.00000000e+000 3.05357143e+001 1.00000000e+001 2.11072241e-004 1.14721014e-004 6.87551344e-005 6.00012870e-005 4.50605366e-005 4.12105108e-005 3.96536027e-005 3.02975336e-005 2.14970871e-005 
1.00000000e+000 2.85714286e+001 1.00000000e+001 1.22465586e-004 8.10066796e-005 5.17030225e-005 4.58326391e-005 3.55669030e-005 3.28476899e-005 3.17369978e-005 2.48444041e-005 1.80421958e-005 
1.00000000e+000 2.62500000e+001 1.00000000e+001 4.73230907e-005 4.40667038e-005 3.20508862e-005 2.93674874e-005 2.44086751e-005 2.30011019e-005 2.24109508e-005 1.84201008e-005 1.39981977e-005 
1.00000000e+000 2.35714286e+001 1.00000000e+001 2.36855154e-005 2.83995210e-005 2.27587402e-005 2.13771470e-005 1.87160863e-005 1.79088651e-005 1.75610846e-005 1.49743593e-005 1.17673335e-005 
1.00000000e+000 2.05357143e+001 1.00000000e+001 1.25356853e-005 1.92254914e-005 1.69399093e-005 1.63127712e-005 1.50474826e-005 1.46184870e-005 1.44248878e-005 1.27462682e-005 1.03391782e-005 
1.00000000e+000 1.71428571e+001 1.00000000e+001 6.85512738e-006 1.37589404e-005 1.34852517e-005 1.33413821e-005 1.29831715e-005 1.28002957e-005 1.27068798e-005 1.16082993e-005 9.69614044e-006 
1.00000000e+000 1.33928571e+001 1.00000000e+001 4.02441407e-006 1.10085275e-005 1.19859621e-005 1.21415898e-005 1.23433136e-005 1.23101597e-005 1.22773208e-005 1.15109481e-005 9.85648378e-006 
1.00000000e+000 9.28571429e+000 1.00000000e+001 2.50689637e-006 9.59069525e-006 1.14848909e-005 1.18615093e-005 1.24736113e-005 1.25471469e-005 1.25568999e-005 1.20032460e-005 1.04832339e-005 
1.00000000e+000 4.82142857e+000 1.00000000e+001 1.73539644e-006 8.89703298e-006 1.14275006e-005 1.19594068e-005 1.28580225e-005 1.30040658e-005 1.30423640e-005 1.26189659e-005 1.11609696e-005 
1.00000000e+000 0.00000000e+000 1.00000000e+001 1.43536337e-006 8.30253468e-006 1.09532718e-005 1.15227592e-005 1.25009672e-005 1.26720191e-005 1.27210875e-005 1.23710711e-005 1.09933714e-005 
1.25000000e+000 3.50000000e+001 1.00000000e+001 1.24591557e-003 2.66528147e-004 1.28775974e-004 1.07411475e-004 7.40777075e-005 6.61837819e-005 6.30749286e-005 4.56393491e-005 3.08183730e-005 
1.25000000e+000 3.48214286e+001 1.00000000e+001 9.19148609e-004 2.41236015e-004 1.21103890e-004 1.01742646e-004 7.10490306e-005 6.36772624e-005 6.07621197e-005 4.42609604e-005 3.00545793e-005 
1.25000000e+000 3.42857143e+001 1.00000000e+001 9.37677181e-004 2.35014347e-004 1.17570691e-004 9.87395249e-005 6.89336516e-005 6.17834280e-005 5.89566307e-005 4.29587407e-005 2.91815872e-005 
1.25000000e+000 3.33928571e+001 1.00000000e+001 5.66483750e-004 1.91391890e-004 1.01815025e-004 8.65457622e-005 6.17413886e-005 5.56502487e-005 5.32252655e-005 3.92705927e-005 2.69655032e-005 
1.25000000e+000 3.21428571e+001 1.00000000e+001 3.94312639e-004 1.58781547e-004 8.80008836e-005 7.54498634e-005 5.47097385e-005 4.95347866e-005 4.74642362e-005 3.53920318e-005 2.45374382e-005 
1.25000000e+000 3.05357143e+001 1.00000000e+001 2.49334617e-004 1.23168861e-004 7.18239204e-005 6.22781132e-005 4.61722438e-005 4.20709742e-005 4.04190431e-005 3.06048170e-005 2.15270927e-005 
1.25000000e+000 2.85714286e+001 1.00000000e+001 1.27088762e-004 8.17989923e-005 5.16133718e-005 4.56112402e-005 3.51580126e-005 3.24038168e-005 3.12811511e-005 2.43627064e-005 1.76064310e-005 
1.25000000e+000 2.62500000e+001 1.00000000e+001 4.09612028e-005 3.96596253e-005 2.91918532e-005 2.68198302e-005 2.24083667e-005 2.11476334e-005 2.06178678e-005 1.70097000e-005 1.29795229e-005 
1.25000000e+000 2.35714286e+001 1.00000000e+001 1.78708755e-005 2.34529503e-005 1.93606825e-005 1.83139827e-005 1.62640972e-005 1.56274667e-005 1.53507960e-005 1.32280009e-005 1.05116020e-005 
1.25000000e+000 2.05357143e+001 1.00000000e+001 8.23420345e-006 1.45866264e-005 1.34761449e-005 1.31261516e-005 1.23938546e-005 1.21238467e-005 1.19981504e-005 1.07900860e-005 8.91658696e-006 
1.25000000e+000 1.71428571e+001 1.00000000e+001 3.86766532e-006 9.52070912e-006 9.98429436e-006 1.00425599e-005 1.01131725e-005 1.00729049e-005 1.00425551e-005 9.41606877e-006 8.08151237e-006 
1.25000000e+000 1.33928571e+001 1.00000000e+001 1.90076786e-006 6.84644198e-006 8.19853868e-006 8.50291489e-006 9.07481075e-006 9.18141206e-006 9.21242840e-006 8.95473086e-006 7.95479722e-006 
1.25000000e+000 9.28571429e+000 1.00000000e+001 9.68081843e-007 5.33991737e-006 7.28063571e-006 7.76193216e-006 8.70613408e-006 8.92297640e-006 9.00006793e-006 9.00893696e-006 8.23678923e-006 
1.25000000e+000 4.82142857e+000 1.00000000e+001 5.49475897e-007 4.53060063e-006 6.84646830e-006 7.44833878e-006 8.65182495e-006 8.94559363e-006 9.05475026e-006 9.24264087e-006 8.61363162e-006 
1.25000000e+000 0.00000000e+000 1.00000000e+001 4.12394232e-007 4.08025140e-006 6.42443178e-006 7.04559215e-006 8.29997661e-006 8.61262285e-006 8.73028772e-006 8.98213089e-006 8.43056334e-006 
1.50000000e+000 3.50000000e+001 1.00000000e+001 2.50625248e-003 3.45598384e-004 1.50623536e-004 1.23074848e-004 8.18179910e-005 7.24077438e-005 6.87426869e-005 4.87057530e-005 3.22813776e-005 
1.50000000e+000 3.48214286e+001 1.00000000e+001 1.61268239e-003 3.00387073e-004 1.38692211e-004 1.14541642e-004 7.75424033e-005 6.89327251e-005 6.55601389e-005 4.68892399e-005 3.13160799e-005 
1.50000000e+000 3.42857143e+001 1.00000000e+001 1.71895660e-003 2.94544798e-004 1.34932191e-004 1.11329551e-004 7.52814809e-005 6.69123585e-005 6.36357958e-005 4.55106395e-005 3.03996765e-005 
1.50000000e+000 3.33928571e+001 1.00000000e+001 8.57381783e-004 2.25520462e-004 1.12921695e-004 9.47818593e-005 6.60556412e-005 5.91666929e-005 5.64437653e-005 4.10478932e-005 2.78086774e-005 
1.50000000e+000 3.21428571e+001 1.00000000e+001 5.37133624e-004 1.79975213e-004 9.53469390e-005 8.09622540e-005 5.76441682e-005 5.19304737e-005 4.96571467e-005 3.65913536e-005 2.50830262e-005 
1.50000000e+000 3.05357143e+001 1.00000000e+001 3.00361464e-004 1.33317408e-004 7.55653547e-005 6.51024326e-005 4.76584089e-005 4.32682130e-005 4.15065880e-005 3.11507783e-005 2.17193122e-005 
1.50000000e+000 2.85714286e+001 1.00000000e+001 1.32428636e-004 8.30478525e-005 5.18817180e-005 4.57266668e-005 3.50425889e-005 3.22389600e-005 3.10978923e-005 2.41047735e-005 1.73334986e-005 
1.50000000e+000 2.62500000e+001 1.00000000e+001 3.57972559e-005 3.60650435e-005 2.68887268e-005 2.47756874e-005 2.08147384e-005 1.96728302e-005 1.91915892e-005 1.58864999e-005 1.21612568e-005 
1.50000000e+000 2.35714286e+001 1.00000000e+001 1.36587755e-005 1.96319474e-005 1.67042077e-005 1.59135178e-005 1.43309040e-005 1.38243414e-005 1.36018197e-005 1.18332927e-005 9.49412880e-006 
1.50000000e+000 2.05357143e+001 1.00000000e+001 5.48610390e-006 1.12465066e-005 1.08984113e-005 1.07351763e-005 1.03653939e-005 1.02049887e-005 1.01263731e-005 9.25333187e-006 7.77360650e-006 
1.50000000e+000 1.71428571e+001 1.00000000e+001 2.21542234e-006 6.71072468e-006 7.52503706e-006 7.69033010e-006 7.99798252e-006 8.04167972e-006 8.04933485e-006 7.72897820e-006 6.79946968e-006 
1.50000000e+000 1.33928571e+001 1.00000000e+001 9.14854414e-007 4.34299655e-006 5.70156510e-006 6.04685822e-006 6.75571513e-006 6.92773360e-006 6.99059591e-006 7.02865367e-006 6.46325607e-006 
1.50000000e+000 9.28571429e+000 1.00000000e+001 3.82435131e-007 3.02131476e-006 4.66763514e-006 5.13028946e-006 6.12235664e-006 6.38901064e-006 6.49299381e-006 6.79509976e-006 6.49472358e-006 
1.50000000e+000 4.82142857e+000 1.00000000e+001 1.76589240e-007 2.32171543e-006 4.11744032e-006 4.65398425e-006 5.83503534e-006 6.16644704e-006 6.29868445e-006 6.77942240e-006 6.65433277e-006 
1.50000000e+000 0.00000000e+000 1.00000000e+001 1.18499266e-007 2.00530561e-006 3.76821454e-006 4.30811330e-006 5.51081953e-006 5.85370005e-006 5.99153418e-006 6.52161612e-006 6.46524368e-006 
1.75000000e+000 3.50000000e+001 1.00000000e+001 5.42804676e-003 4.64953742e-004 1.79944332e-004 1.43586189e-004 9.15268046e-005 8.01341199e-005 7.57506451e-005 5.24283786e-005 3.40460966e-005 
1.75000000e+000 3.48214286e+001 1.00000000e+001 2.99292965e-003 3.84348748e-004 1.61441346e-004 1.30778787e-004 8.55107088e-005 7.53328474e-005 7.13865466e-005 5.00438618e-005 3.28313954e-005 
1.75000000e+000 3.42857143e+001 1.00000000e+001 3.37727640e-003 3.80695675e-004 1.57597562e-004 1.27422666e-004 8.31100117e-005 7.31864596e-005 6.93424670e-005 4.85854827e-005 3.18696323e-005 
1.75000000e+000 3.33928571e+001 1.00000000e+001 1.35810589e-003 2.70685053e-004 1.26638397e-004 1.04818894e-004 7.12101477e-005 6.33545105e-005 6.02733159e-005 4.31662640e-005 2.88339963e-005 
1.75000000e+000 3.21428571e+001 1.00000000e+001 7.58000412e-004 2.06601825e-004 1.04131936e-004 8.75032226e-005 6.11040146e-005 5.47597351e-005 5.22503674e-005 3.80359415e-005 2.57734332e-005 
1.75000000e+000 3.05357143e+001 1.00000000e+001 3.69016806e-004 1.45302944e-004 7.99140166e-005 6.83951060e-005 4.94336167e-005 4.47192656e-005 4.28347770e-005 3.18692020e-005 2.20287609e-005 
1.75000000e+000 2.85714286e+001 1.00000000e+001 1.38408793e-004 8.45868559e-005 5.23632250e-005 4.60423543e-005 3.51049322e-005 3.22449993e-005 3.10824936e-005 2.39903101e-005 1.71706781e-005 
1.75000000e+000 2.62500000e+001 1.00000000e+001 3.14948800e-005 3.30197962e-005 2.49489799e-005 2.30594472e-005 1.94873228e-005 1.84473164e-005 1.80075231e-005 1.49579308e-005 1.14842716e-005 
1.75000000e+000 2.35714286e+001 1.00000000e+001 1.05343257e-005 1.65821031e-005 1.45490397e-005 1.39607291e-005 1.27509702e-005 1.23486919e-005 1.21696003e-005 1.06857157e-005 8.64997219e-006 
1.75000000e+000 2.05357143e+001 1.00000000e+001 3.69085212e-006 8.76339460e-006 8.91327639e-006 8.87959236e-006 8.76628277e-006 8.68494622e-006 8.64051026e-006 8.01656306e-006 6.83797498e-006 
1.75000000e+000 1.71428571e+001 1.00000000e+001 1.28162805e-006 4.78809751e-006 5.74412230e-006 5.96362746e-006 6.40007523e-006 6.49352548e-006 6.52434868e-006 6.40700225e-006 5.76768185e-006 
1.75000000e+000 1.33928571e+001 1.00000000e+001 4.45677231e-007 2.79423079e-006 4.01691934e-006 4.35360686e-006 5.08255846e-006 5.27932553e-006 5.35600899e-006 5.56077876e-006 5.28372337e-006 
1.75000000e+000 9.28571429e+000 1.00000000e+001 1.53480629e-007 1.73211955e-006 3.02211359e-006 3.42123576e-006 4.33513461e-006 4.60355410e-006 4.71274903e-006 5.14926082e-006 5.13853591e-006 
1.75000000e+000 4.82142857e+000 1.00000000e+001 5.74804575e-008 1.19685619e-006 2.48526973e-006 2.91716728e-006 3.94419494e-006 4.25929787e-006 4.38994845e-006 4.97971153e-006 5.14578742e-006 
1.75000000e+000 0.00000000e+000 1.00000000e+001 3.40541931e-008 9.85579238e-007 2.21027610e-006 2.63430046e-006 3.65899286e-006 3.97860578e-006 4.11199594e-006 4.73516209e-006 4.95810595e-006 
2.00000000e+000 3.50000000e+001 1.00000000e+001 1.24260770e-002 6.47940641e-004 2.19536709e-004 1.70539199e-004 1.03667789e-004 8.96743794e-005 8.43604858e-005 5.68863226e-005 3.61250112e-005 
2.00000000e+000 3.48214286e+001 1.00000000e+001 5.80932044e-003 5.04536615e-004 1.90904562e-004 1.51359253e-004 9.52228887e-005 8.30570627e-005 7.83911747e-005 5.37648543e-005 3.46010940e-005 
2.00000000e+000 3.42857143e+001 1.00000000e+001 7.00758780e-003 5.06998507e-004 1.87299668e-004 1.48015740e-004 9.27085878e-005 8.07976259e-005 7.62365015e-005 5.22254559e-005 3.35920696e-005 
2.00000000e+000 3.33928571e+001 1.00000000e+001 2.23724833e-003 3.30744413e-004 1.43535117e-004 1.16987308e-004 7.72909460e-005 6.82644338e-005 6.47529702e-005 4.56228491e-005 3.00272049e-005 
2.00000000e+000 3.21428571e+001 1.00000000e+001 1.10520756e-003 2.40118210e-004 1.14565509e-004 9.51849014e-005 6.51000962e-005 5.80189696e-005 5.52356386e-005 3.97031327e-005 2.65868294e-005 
2.00000000e+000 3.05357143e+001 1.00000000e+001 4.62397370e-004 1.59392294e-004 8.48748716e-005 7.21394195e-005 5.14599314e-005 4.63841244e-005 4.43631719e-005 3.27224993e-005 2.24271280e-005 
2.00000000e+000 2.85714286e+001 1.00000000e+001 1.45024554e-004 8.63385665e-005 5.29854607e-005 4.64882634e-005 3.52816923e-005 3.23613736e-005 3.11757051e-005 2.39708738e-005 1.70837981e-005 
2.00000000e+000 2.62500000e+001 1.00000000e+001 2.78486493e-005 3.03783618e-005 2.32669132e-005 2.15736899e-005 1.83449598e-005 1.73950674e-005 1.69918890e-005 1.41662089e-005 1.09092648e-005 
2.00000000e+000 2.35714286e+001 1.00000000e+001 8.17970382e-006 1.40969150e-005 1.27566611e-005 1.23306745e-005 1.14247381e-005 1.11084669e-005 1.09652911e-005 9.71791504e-006 7.93481434e-006 
2.00000000e+000 2.05357143e+001 1.00000000e+001 2.50087439e-006 6.87947009e-006 7.34773852e-006 7.40418544e-006 7.47512430e-006 7.45232599e-006 7.43342073e-006 7.00050343e-006 6.05906946e-006 
2.00000000e+000 1.71428571e+001 1.00000000e+001 7.46702035e-007 3.44512093e-006 4.42510503e-006 4.66762885e-006 5.16816599e-006 5.29042564e-006 5.33523432e-006 5.35439521e-006 4.92685029e-006 
2.00000000e+000 1.33928571e+001 1.00000000e+001 2.18940065e-007 1.81625763e-006 2.85880803e-006 3.16543431e-006 3.85755029e-006 4.05701725e-006 4.13742002e-006 4.43023533e-006 4.34357489e-006 
2.00000000e+000 9.28571429e+000 1.00000000e+001 6.22909391e-008 1.00369536e-006 1.97352671e-006 2.29950654e-006 3.08891015e-006 3.33626759e-006 3.43971967e-006 3.91917176e-006 4.07873788e-006 
2.00000000e+000 4.82142857e+000 1.00000000e+001 1.89133057e-008 6.20415302e-007 1.50535799e-006 1.83408491e-006 2.67194000e-006 2.94779588e-006 3.06539346e-006 3.66285746e-006 3.98311607e-006 
2.00000000e+000 0.00000000e+000 1.00000000e+001 9.78761518e-009 4.84417429e-007 1.29648470e-006 1.61083865e-006 2.42947799e-006 2.70418717e-006 2.82210035e-006 3.43809781e-006 3.80232563e-006 
2.25000000e+000 3.50000000e+001 1.00000000e+001 2.96168498e-002 9.32856230e-004 2.73436436e-004 2.06176538e-004 1.18875603e-004 1.01455948e-004 9.49325475e-005 6.21966696e-005 3.85454632e-005 
2.25000000e+000 3.48214286e+001 1.00000000e+001 1.16834456e-002 6.78164830e-004 2.29206991e-004 1.77503867e-004 1.07043333e-004 9.23530034e-005 8.67832727e-005 5.81189739e-005 3.66378932e-005 
2.25000000e+000 3.42857143e+001 1.00000000e+001 1.51548430e-002 6.94665443e-004 2.26471625e-004 1.74484212e-004 1.04475678e-004 9.00145325e-005 8.45442144e-005 5.65015531e-005 3.55803392e-005 
2.25000000e+000 3.33928571e+001 1.00000000e+001 3.80919018e-003 4.11108490e-004 1.64372536e-004 1.31732711e-004 8.44298042e-005 7.39833138e-005 6.99546426e-005 4.84337529e-005 3.13844632e-005 
2.25000000e+000 3.21428571e+001 1.00000000e+001 1.65961764e-003 2.82481029e-004 1.26939833e-004 1.04176221e-004 6.96741241e-005 6.17311857e-005 5.86297400e-005 4.15871787e-005 2.75115468e-005 
2.25000000e+000 3.05357143e+001 1.00000000e+001 5.90842768e-004 1.75954373e-004 9.04909712e-005 7.63515149e-005 5.37248400e-005 4.82462089e-005 4.60739098e-005 3.36898836e-005 2.28966710e-005 
2.25000000e+000 2.85714286e+001 1.00000000e+001 1.52306560e-004 8.82641847e-005 5.37097392e-005 4.70263620e-005 3.55368438e-005 3.25530368e-005 3.13429677e-005 2.40166590e-005 1.70504487e-005 
2.25000000e+000 2.62500000e+001 1.00000000e+001 2.47210700e-005 2.80507084e-005 2.17794059e-005 2.02603157e-005 1.73384804e-005 1.64695572e-005 1.60993073e-005 1.34743845e-005 1.04097388e-005 
2.25000000e+000 2.35714286e+001 1.00000000e+001 6.38494414e-006 1.20432764e-005 1.12405441e-005 1.09454930e-005 1.02894580e-005 1.00451591e-005 9.93218024e-006 8.88541598e-006 7.31797318e-006 
2.25000000e+000 2.05357143e+001 1.00000000e+001 1.70391013e-006 5.43052116e-006 6.09249906e-006 6.21062406e-006 6.41351010e-006 6.43447212e-006 6.43489332e-006 6.15137027e-006 5.40095366e-006 
2.25000000e+000 1.71428571e+001 1.00000000e+001 4.37399361e-007 2.49391756e-006 3.43205007e-006 3.67855251e-006 4.20281711e-006 4.34049593e-006 4.39336402e-006 4.50453319e-006 4.23379610e-006 
2.25000000e+000 1.33928571e+001 1.00000000e+001 1.08223841e-007 1.18949962e-006 2.05068008e-006 2.31954256e-006 2.94920008e-006 3.13972763e-006 3.21828243e-006 3.55106829e-006 3.58866232e-006 
2.25000000e+000 9.28571429e+000 1.00000000e+001 2.54907843e-008 5.86646397e-007 1.29829681e-006 1.55620694e-006 2.21340328e-006 2.43058578e-006 2.52337382e-006 2.99512549e-006 3.24749560e-006 
2.25000000e+000 4.82142857e+000 1.00000000e+001 6.27996693e-009 3.23261632e-007 9.14863699e-007 1.15650197e-006 1.81393033e-006 2.04404551e-006 2.14441878e-006 2.69791736e-006 3.08611453e-006 
2.25000000e+000 0.00000000e+000 1.00000000e+001 2.81341653e-009 2.38103138e-007 7.60498208e-007 9.85025081e-007 1.61313381e-006 1.83801041e-006 1.93685609e-006 2.49634931e-006 2.91598578e-006 
2.50000000e+000 3.50000000e+001 1.00000000e+001 7.26616250e-002 1.38301948e-003 3.47462895e-004 2.53638133e-004 1.37996808e-004 1.16043917e-004 1.07941999e-004 6.85149932e-005 4.13477811e-005 
2.50000000e+000 3.48214286e+001 1.00000000e+001 2.41662285e-002 9.31325114e-004 2.79236756e-004 2.10836161e-004 1.21443227e-004 1.03540735e-004 9.68337225e-005 6.31968272e-005 3.89640999e-005 
2.50000000e+000 3.42857143e+001 1.00000000e+001 3.37971620e-002 9.77161105e-004 2.78512772e-004 2.08702740e-004 1.18936062e-004 1.01190224e-004 9.45632326e-005 6.15112345e-005 3.78580264e-005 
2.50000000e+000 3.33928571e+001 1.00000000e+001 6.66609431e-003 5.19362689e-004 1.90138529e-004 1.49628681e-004 9.28000781e-005 8.06287511e-005 7.59774847e-005 5.16289214e-005 3.29091900e-005 
2.50000000e+000 3.21428571e+001 1.00000000e+001 2.55774435e-003 3.36292609e-004 1.41630167e-004 1.14697520e-004 7.48901549e-005 6.59377232e-005 6.24664170e-005 4.36932494e-005 2.85426112e-005 
2.50000000e+000 3.05357143e+001 1.00000000e+001 7.69474773e-004 1.95461377e-004 9.68306278e-005 8.10676341e-005 5.62303623e-005 5.03023654e-005 4.79621105e-005 3.47606438e-005 2.34264143e-005 
2.50000000e+000 2.85714286e+001 1.00000000e+001 1.60307358e-004 9.03437551e-005 5.45141719e-005 4.76348565e-005 3.58490734e-005 3.27989909e-005 3.15634534e-005 2.41089249e-005 1.70557405e-005 
2.50000000e+000 2.62500000e+001 1.00000000e+001 2.20142297e-005 2.59762977e-005 2.04457657e-005 1.90821773e-005 1.64365681e-005 1.56410387e-005 1.53006932e-005 1.28581847e-005 9.96754264e-006 
2.50000000e+000 2.35714286e+001 1.00000000e+001 5.00514533e-006 1.03290063e-005 9.94265065e-006 9.75336579e-006 9.30360440e-006 9.11994772e-006 9.03256968e-006 8.15804764e-006 6.77786080e-006 
2.50000000e+000 2.05357143e+001 1.00000000e+001 1.16601380e-006 4.30527579e-006 5.07414185e-006 5.23298904e-006 5.52861795e-006 5.58219290e-006 5.59726415e-006 5.43179145e-006 4.83774031e-006 
2.50000000e+000 1.71428571e+001 1.00000000e+001 2.57318023e-007 1.81364619e-006 2.67541872e-006 2.91427178e-006 3.43654902e-006 3.58080467e-006 3.63777698e-006 3.81018440e-006 3.65670515e-006 
2.50000000e+000 1.33928571e+001 1.00000000e+001 5.37547608e-008 7.83467535e-007 1.48009785e-006 1.71026692e-006 2.26834794e-006 2.44417666e-006 2.51793824e-006 2.86142100e-006 2.97829571e-006 
2.50000000e+000 9.28571429e+000 1.00000000e+001 1.04972214e-008 3.45288667e-007 8.59491122e-007 1.05947263e-006 1.59409589e-006 1.77920319e-006 1.85971482e-006 2.29761966e-006 2.59319209e-006 
2.50000000e+000 4.82142857e+000 1.00000000e+001 2.10111224e-009 1.69231379e-007 5.57764307e-007 7.31284942e-007 1.23398635e-006 1.42001606e-006 1.50282150e-006 1.98983746e-006 2.39338596e-006 
2.50000000e+000 0.00000000e+000 1.00000000e+001 8.08800746e-010 1.17038173e-007 4.46106838e-007 6.02352920e-007 1.07110937e-006 1.24929371e-006 1.32931335e-006 1.81257600e-006 2.23626923e-006 
0.00000000e+000 3.50000000e+001 2.00000000e+001 2.52622086e-004 1.70183785e-004 1.07124319e-004 9.42414894e-005 7.14076334e-005 6.53306800e-005 6.28533528e-005 4.78427501e-005 3.37681719e-005 
0.00000000e+000 3.48214286e+001 2.00000000e+001 2.50415352e-004 1.68730822e-004 1.06215906e-004 9.34437747e-005 7.08057602e-005 6.47807731e-005 6.23245956e-005 4.74414152e-005 3.34848679e-005 
0.00000000e+000 3.42857143e+001 2.00000000e+001 2.44213132e-004 1.64676576e-004 1.03687364e-004 9.12249207e-005 6.91343367e-005 6.32544573e-005 6.08573186e-005 4.63292628e-005 3.27007886e-005 
0.00000000e+000 3.33928571e+001 2.00000000e+001 2.34450325e-004 1.58280715e-004 9.97019097e-005 8.77287542e-005 6.65031023e-005 6.08524958e-005 5.85486344e-005 4.45811941e-005 3.14694948e-005 
0.00000000e+000 3.21428571e+001 2.00000000e+001 2.21530283e-004 1.49826268e-004 9.44354567e-005 8.31096011e-005 6.30287650e-005 5.76818317e-005 5.55015439e-005 4.22764363e-005 2.98473710e-005 
0.00000000e+000 3.05357143e+001 2.00000000e+001 2.06348883e-004 1.39893471e-004 8.82542624e-005 7.76904782e-005 5.89584050e-005 5.39695260e-005 5.19349551e-005 3.95840801e-005 2.79553739e-005 
0.00000000e+000 2.85714286e+001 2.00000000e+001 1.90018105e-004 1.29209146e-004 8.16179210e-005 7.18768238e-005 5.46020235e-005 5.00002582e-005 4.81232201e-005 3.67151817e-005 2.59438793e-005 
0.00000000e+000 2.62500000e+001 2.00000000e+001 1.72977832e-004 1.18053868e-004 7.46997067e-005 6.58208754e-005 5.00765562e-005 4.58819152e-005 4.41705261e-005 3.37506324e-005 2.38701707e-005 
0.00000000e+000 2.35714286e+001 2.00000000e+001 1.56074287e-004 1.06971364e-004 6.78356712e-005 5.98183535e-005 4.56096548e-005 4.18243986e-005 4.02794942e-005 3.08473467e-005 2.18457988e-005 
0.00000000e+000 2.05357143e+001 2.00000000e+001 1.39878874e-004 9.63149388e-005 6.12426257e-005 5.40618660e-005 4.13556325e-005 3.79717773e-005 3.65898602e-005 2.81156445e-005 1.99492647e-005 
0.00000000e+000 1.71428571e+001 2.00000000e+001 1.24903416e-004 8.64098396e-005 5.51329875e-005 4.87455285e-005 3.74771340e-005 3.44765652e-005 3.32496399e-005 2.56715326e-005 1.82620078e-005 
0.00000000e+000 1.33928571e+001 2.00000000e+001 1.11786454e-004 7.76646051e-005 4.98073961e-005 4.41493025e-005 3.42033271e-005 3.15499820e-005 3.04622559e-005 2.36679447e-005 1.68897322e-005 
0.00000000e+000 9.28571429e+000 2.00000000e+001 1.00770085e-004 7.01758465e-005 4.53048229e-005 4.02968530e-005 3.15224637e-005 2.91711169e-005 2.82034073e-005 2.20687956e-005 1.57995447e-005 
0.00000000e+000 4.82142857e+000 2.00000000e+001 9.20540587e-005 6.40359405e-005 4.15227670e-005 3.70353242e-005 2.92147227e-005 2.71128085e-005 2.62446457e-005 2.06635802e-005 1.48303353e-005 
0.00000000e+000 0.00000000e+000 2.00000000e+001 8.28493226e-005 5.77572024e-005 3.75279891e-005 3.35224057e-005 2.65844387e-005 2.47209250e-005 2.39497910e-005 1.89446806e-005 1.36241527e-005 
2.50000000e-001 3.50000000e+001 2.00000000e+001 3.02221008e-004 1.81047134e-004 1.10690594e-004 9.67881779e-005 7.25334221e-005 6.61738692e-005 6.35934037e-005 4.81286199e-005 3.38347106e-005 
2.50000000e-001 3.48214286e+001 2.00000000e+001 2.92820609e-004 1.77514943e-004 1.08879524e-004 9.52723458e-005 7.14951926e-005 6.52514111e-005 6.27167093e-005 4.75074042e-005 3.34255226e-005 
2.50000000e-001 3.42857143e+001 2.00000000e+001 2.82192464e-004 1.71952918e-004 1.05654409e-004 9.24903022e-005 6.94694927e-005 6.34194064e-005 6.09626582e-005 4.62091367e-005 3.25322497e-005 
2.50000000e-001 3.33928571e+001 2.00000000e+001 2.56449613e-004 1.60527166e-004 9.94176625e-005 8.71893002e-005 6.57237697e-005 6.00613266e-005 5.77592145e-005 4.38888401e-005 3.09697266e-005 
2.50000000e-001 3.21428571e+001 2.00000000e+001 2.28580493e-004 1.46925059e-004 9.17740095e-005 8.06497029e-005 6.10447887e-005 5.58524517e-005 5.37386785e-005 4.09545670e-005 2.89794350e-005 
2.50000000e-001 3.05357143e+001 2.00000000e+001 1.95582742e-004 1.30430820e-004 8.24977647e-005 7.27179782e-005 5.53831784e-005 5.07650495e-005 4.88813428e-005 3.74222185e-005 2.65933415e-005 
2.50000000e-001 2.85714286e+001 2.00000000e+001 1.55004717e-004 1.10109149e-004 7.12113704e-005 6.31104894e-005 4.86014512e-005 4.46945141e-005 4.30951584e-005 3.32606717e-005 2.38171766e-005 
2.50000000e-001 2.62500000e+001 2.00000000e+001 1.08786128e-004 8.68320670e-005 5.84051624e-005 5.22472696e-005 4.10017222e-005 3.79130822e-005 3.66403216e-005 2.86593637e-005 2.07766154e-005 
2.50000000e-001 2.35714286e+001 2.00000000e+001 8.13579876e-005 7.09577046e-005 4.91479696e-005 4.42765601e-005 3.52543396e-005 3.27399195e-005 3.16984493e-005 2.50586318e-005 1.83364853e-005 
2.50000000e-001 2.05357143e+001 2.00000000e+001 6.16649933e-005 5.83901603e-005 4.15477381e-005 3.76780248e-005 3.04278517e-005 2.83806869e-005 2.75284046e-005 2.19956259e-005 1.62381019e-005 
2.50000000e-001 1.71428571e+001 2.00000000e+001 4.72295665e-005 4.83475762e-005 3.52961860e-005 3.22226131e-005 2.64153303e-005 2.47546003e-005 2.40591250e-005 1.94439097e-005 1.44796229e-005 
2.50000000e-001 1.33928571e+001 2.00000000e+001 3.68758793e-005 4.05530360e-005 3.03582765e-005 2.79133209e-005 2.32658416e-005 2.19167227e-005 2.13473587e-005 1.74613220e-005 1.31112609e-005 
2.50000000e-001 9.28571429e+000 2.00000000e+001 2.97868835e-005 3.47279867e-005 2.66104930e-005 2.46458400e-005 2.08947622e-005 1.97859138e-005 1.93134065e-005 1.59801155e-005 1.20833084e-005 
2.50000000e-001 4.82142857e+000 2.00000000e+001 2.53485760e-005 3.06493551e-005 2.38592595e-005 2.22158543e-005 1.90832810e-005 1.81445062e-005 1.77410279e-005 1.48088607e-005 1.12496086e-005 
2.50000000e-001 0.00000000e+000 2.00000000e+001 2.22306640e-005 2.73047083e-005 2.13886878e-005 1.99652017e-005 1.72733559e-005 1.64641395e-005 1.61148016e-005 1.35273908e-005 1.03049135e-005 
5.00000000e-001 3.50000000e+001 2.00000000e+001 4.51818528e-004 2.12696589e-004 1.22155092e-004 1.05392888e-004 7.70469957e-005 6.98309455e-005 6.69296544e-005 4.99248921e-005 3.46745919e-005 
5.00000000e-001 3.48214286e+001 2.00000000e+001 4.18952905e-004 2.05177910e-004 1.18892711e-004 1.02769131e-004 7.53880868e-005 6.83905541e-005 6.55737997e-005 4.90168596e-005 3.41093556e-005 
5.00000000e-001 3.42857143e+001 2.00000000e+001 3.99909561e-004 1.97571383e-004 1.14828908e-004 9.93272328e-005 7.29683134e-005 6.62232313e-005 6.35069462e-005 4.75216484e-005 3.31032714e-005 
5.00000000e-001 3.33928571e+001 2.00000000e+001 3.34295017e-004 1.78049157e-004 1.05455547e-004 9.15945791e-005 6.78160636e-005 6.16802098e-005 5.92028441e-005 4.45263963e-005 3.11644489e-005 
5.00000000e-001 3.21428571e+001 2.00000000e+001 2.78272098e-004 1.57608182e-004 9.49808204e-005 8.28232152e-005 6.18004880e-005 5.63336076e-005 5.41208953e-005 4.09241175e-005 2.87919313e-005 
5.00000000e-001 3.05357143e+001 2.00000000e+001 2.18818050e-004 1.33642615e-004 8.24326577e-005 7.22764841e-005 5.45286684e-005 4.98645774e-005 4.79703130e-005 3.65619807e-005 2.59221623e-005 
5.00000000e-001 2.85714286e+001 2.00000000e+001 1.52410018e-004 1.04272158e-004 6.68765230e-005 5.91963326e-005 4.55342090e-005 4.18771545e-005 4.03827605e-005 3.12182337e-005 2.24422381e-005 
5.00000000e-001 2.62500000e+001 2.00000000e+001 8.40139635e-005 7.09262728e-005 4.89873830e-005 4.41427189e-005 3.52009689e-005 3.27139664e-005 3.16846197e-005 2.51277470e-005 1.85084206e-005 
5.00000000e-001 2.35714286e+001 2.00000000e+001 5.20494751e-005 5.18615809e-005 3.79259310e-005 3.46465832e-005 2.84075516e-005 2.66161686e-005 2.58666418e-005 2.09255744e-005 1.56981898e-005 
5.00000000e-001 2.05357143e+001 2.00000000e+001 3.29225685e-005 3.85131633e-005 2.97297539e-005 2.75142761e-005 2.31715036e-005 2.18831364e-005 2.13377248e-005 1.75980534e-005 1.34292259e-005 
5.00000000e-001 1.71428571e+001 2.00000000e+001 2.10532688e-005 2.89298260e-005 2.35479674e-005 2.20778115e-005 1.91093834e-005 1.81955781e-005 1.78031380e-005 1.49743345e-005 1.16156529e-005 
5.00000000e-001 1.33928571e+001 2.00000000e+001 1.37499974e-005 2.21746460e-005 1.90198139e-005 1.80719173e-005 1.60963560e-005 1.54577976e-005 1.51780144e-005 1.30202588e-005 1.02538036e-005 
5.00000000e-001 9.28571429e+000 2.00000000e+001 9.43690570e-006 1.76073721e-005 1.58514076e-005 1.52562375e-005 1.39681229e-005 1.35222140e-005 1.33213094e-005 1.16322782e-005 9.27482886e-006 
5.00000000e-001 4.82142857e+000 2.00000000e+001 7.12778582e-006 1.47717966e-005 1.37639663e-005 1.33712820e-005 1.24946858e-005 1.21681710e-005 1.20166079e-005 1.06283483e-005 8.54194191e-006 
5.00000000e-001 0.00000000e+000 2.00000000e+001 5.96861591e-006 1.29107740e-005 1.21915866e-005 1.18919312e-005 1.12241560e-005 1.09657408e-005 1.08435523e-005 9.65956590e-006 7.79454443e-006 
7.50000000e-001 3.50000000e+001 2.00000000e+001 7.87484071e-004 2.65703031e-004 1.40533221e-004 1.19146596e-004 8.43156449e-005 7.57574521e-005 7.23539121e-005 5.29264372e-005 3.61364866e-005 
7.50000000e-001 3.48214286e+001 2.00000000e+001 6.76865287e-004 2.50313506e-004 1.34864309e-004 1.14760511e-004 8.17480027e-005 7.35764949e-005 7.03196350e-005 5.16348487e-005 3.53737288e-005 
7.50000000e-001 3.42857143e+001 2.00000000e+001 6.43246141e-004 2.39686310e-004 1.29687089e-004 1.10467224e-004 7.88491258e-005 7.10085361e-005 6.78817481e-005 4.99156078e-005 3.42441594e-005 
7.50000000e-001 3.33928571e+001 2.00000000e+001 4.73898453e-004 2.06336952e-004 1.15678393e-004 9.92641371e-005 7.18250886e-005 6.49198773e-005 6.21538426e-005 4.60882747e-005 3.18620874e-005 
7.50000000e-001 3.21428571e+001 2.00000000e+001 3.60472113e-004 1.75832261e-004 1.01503943e-004 8.76590609e-005 6.42073613e-005 5.82315901e-005 5.58286214e-005 4.17330282e-005 2.90734316e-005 
7.50000000e-001 3.05357143e+001 2.00000000e+001 2.56033948e-004 1.42190167e-004 8.51100318e-005 7.41083381e-005 5.51666379e-005 5.02633606e-005 4.82817947e-005 3.64996625e-005 2.57076219e-005 
7.50000000e-001 2.85714286e+001 2.00000000e+001 1.56240729e-004 1.03078712e-004 6.52143060e-005 5.75422757e-005 4.40003157e-005 4.04051044e-005 3.89400822e-005 3.00175668e-005 2.15547467e-005 
7.50000000e-001 2.62500000e+001 2.00000000e+001 6.91732675e-005 6.10386879e-005 4.28451158e-005 3.87728371e-005 3.12100797e-005 2.90919385e-005 2.82132264e-005 2.25647937e-005 1.67932427e-005 
7.50000000e-001 2.35714286e+001 2.00000000e+001 3.59818490e-005 4.00615665e-005 3.05178669e-005 2.81692983e-005 2.36060894e-005 2.22646158e-005 2.16988664e-005 1.78638435e-005 1.36635202e-005 
7.50000000e-001 2.05357143e+001 2.00000000e+001 1.91505342e-005 2.68217926e-005 2.21190067e-005 2.08112940e-005 1.81371505e-005 1.73049352e-005 1.69469060e-005 1.43501146e-005 1.12624006e-005 
7.50000000e-001 1.71428571e+001 2.00000000e+001 1.02471107e-005 1.81758264e-005 1.62381528e-005 1.55782707e-005 1.41357842e-005 1.36490235e-005 1.34334226e-005 1.17054411e-005 9.41862616e-006 
7.50000000e-001 1.33928571e+001 2.00000000e+001 5.55267005e-006 1.25908010e-005 1.22060695e-005 1.19492574e-005 1.13098080e-005 1.10557474e-005 1.09367908e-005 9.80627728e-006 8.07589379e-006 
7.50000000e-001 9.28571429e+000 2.00000000e+001 3.15975455e-006 9.12527708e-006 9.56788114e-006 9.55214392e-006 9.41399079e-006 9.30909626e-006 9.25242012e-006 8.51079935e-006 7.14449246e-006 
7.50000000e-001 4.82142857e+000 2.00000000e+001 2.04400459e-006 7.16771300e-006 7.97108901e-006 8.07467431e-006 8.19988639e-006 8.17723045e-006 8.15534041e-006 7.63894709e-006 6.49241456e-006 
7.50000000e-001 0.00000000e+000 2.00000000e+001 1.60343683e-006 6.10590797e-006 6.94997876e-006 7.08387975e-006 7.29387587e-006 7.30401236e-006 7.29695282e-006 6.89791726e-006 5.89588008e-006 
1.00000000e+000 3.50000000e+001 2.00000000e+001 1.57936929e-003 3.49331626e-004 1.66959950e-004 1.38597091e-004 9.43479400e-005 8.39022786e-005 7.97982168e-005 5.70341100e-005 3.81497905e-005 
1.00000000e+000 3.48214286e+001 2.00000000e+001 1.21128588e-003 3.18364707e-004 1.57275187e-004 1.31386965e-004 9.04373460e-005 8.06519878e-005 7.67937514e-005 5.52240855e-005 3.71343649e-005 
1.00000000e+000 3.42857143e+001 2.00000000e+001 1.16179659e-003 3.03418200e-004 1.50605478e-004 1.25976021e-004 8.69387896e-005 7.75900386e-005 7.39012995e-005 5.32408988e-005 3.58649874e-005 
1.00000000e+000 3.33928571e+001 2.00000000e+001 7.19826409e-004 2.46259700e-004 1.29646368e-004 1.09739018e-004 7.73754343e-005 6.94447327e-005 6.62941160e-005 4.83662067e-005 3.29503401e-005 
1.00000000e+000 3.21428571e+001 2.00000000e+001 4.89494012e-004 2.00659142e-004 1.10491308e-004 9.44200377e-005 6.77702247e-005 6.11186283e-005 5.84613913e-005 4.31333467e-005 2.96948551e-005 
1.00000000e+000 3.05357143e+001 2.00000000e+001 3.07380556e-004 1.53996162e-004 8.93716048e-005 7.72599077e-005 5.66990590e-005 5.14521183e-005 4.93415787e-005 3.69491589e-005 2.58034189e-005 
1.00000000e+000 2.85714286e+001 2.00000000e+001 1.62273695e-004 1.03760857e-004 6.48154725e-005 5.70044708e-005 4.32987045e-005 3.96845436e-005 3.82153578e-005 2.93293170e-005 2.09876419e-005 
1.00000000e+000 2.62500000e+001 2.00000000e+001 5.84470516e-005 5.39418262e-005 3.84051023e-005 3.48729270e-005 2.82680798e-005 2.64056821e-005 2.56314759e-005 2.06196843e-005 1.54550863e-005 
1.00000000e+000 2.35714286e+001 2.00000000e+001 2.57510723e-005 3.19329322e-005 2.52308745e-005 2.34973967e-005 2.00550073e-005 1.90189887e-005 1.85787198e-005 1.55145622e-005 1.20547821e-005 
1.00000000e+000 2.05357143e+001 2.00000000e+001 1.16097970e-005 1.93255637e-005 1.69159237e-005 1.61494197e-005 1.45018369e-005 1.39598196e-005 1.37223897e-005 1.18875273e-005 9.55958616e-006 
1.00000000e+000 1.71428571e+001 2.00000000e+001 5.22568082e-006 1.18129155e-005 1.14871522e-005 1.12512437e-005 1.06527133e-005 1.04158373e-005 1.03056940e-005 9.27070806e-006 7.71153903e-006 
1.00000000e+000 1.33928571e+001 2.00000000e+001 2.35483059e-006 7.36278949e-006 7.99453545e-006 8.04582772e-006 8.05730907e-006 8.00766645e-006 7.97671089e-006 7.45430841e-006 6.40302997e-006 
1.00000000e+000 9.28571429e+000 2.00000000e+001 1.10272357e-006 4.82161504e-006 5.84586761e-006 6.04454368e-006 6.39386373e-006 6.45338413e-006 6.46917557e-006 6.25777050e-006 5.52257829e-006 
1.00000000e+000 4.82142857e+000 2.00000000e+001 5.96765202e-007 3.50074113e-006 4.63385236e-006 4.89205680e-006 5.39369758e-006 5.50651376e-006 5.54560804e-006 5.49818257e-006 4.93950452e-006 
1.00000000e+000 0.00000000e+000 2.00000000e+001 4.31008877e-007 2.88822703e-006 3.96235900e-006 4.22017062e-006 4.74013489e-006 4.86529937e-006 4.91060278e-006 4.92600814e-006 4.45982741e-006 
1.25000000e+000 3.50000000e+001 2.00000000e+001 3.58469499e-003 4.81936226e-004 2.04140138e-004 1.65310815e-004 1.07571066e-004 9.45340285e-005 8.94795098e-005 6.22834791e-005 4.06987246e-005 
1.25000000e+000 3.48214286e+001 2.00000000e+001 2.36301970e-003 4.20161192e-004 1.87750393e-004 1.53570336e-004 1.01670855e-004 8.97351174e-005 8.50832427e-005 5.97697277e-005 3.93584443e-005 
1.25000000e+000 3.42857143e+001 2.00000000e+001 2.33352507e-003 3.99491912e-004 1.79126005e-004 1.46713430e-004 9.74215952e-005 8.60617771e-005 8.16309957e-005 5.74717187e-005 3.79281238e-005 
1.25000000e+000 3.33928571e+001 2.00000000e+001 1.16320510e-003 3.01255773e-004 1.47713952e-004 1.23146462e-004 8.43919835e-005 7.51608013e-005 7.15252651e-005 5.12666862e-005 3.43669781e-005 
1.25000000e+000 3.21428571e+001 2.00000000e+001 6.94348032e-004 2.32987440e-004 1.21803801e-004 1.02913955e-004 7.22878618e-005 6.48060636e-005 6.18370400e-005 4.49933681e-005 3.05784852e-005 
1.25000000e+000 3.05357143e+001 2.00000000e+001 3.77398958e-004 1.68616332e-004 9.47757247e-005 8.13341446e-005 5.88347601e-005 5.31722652e-005 5.09047055e-005 3.77473666e-005 2.61178552e-005 
1.25000000e+000 2.85714286e+001 2.00000000e+001 1.69563899e-004 1.05341915e-004 6.50675614e-005 5.70582748e-005 4.30695484e-005 3.94003360e-005 3.79116212e-005 2.89606840e-005 2.06344066e-005 
1.25000000e+000 2.62500000e+001 2.00000000e+001 5.00663613e-005 4.83760500e-005 3.49394996e-005 3.18300602e-005 2.59676434e-005 2.43014491e-005 2.36071541e-005 1.90808020e-005 1.43790455e-005 
1.25000000e+000 2.35714286e+001 2.00000000e+001 1.87869773e-005 2.59352966e-005 2.12316956e-005 1.99399500e-005 1.73087973e-005 1.64956264e-005 1.61471479e-005 1.36535547e-005 1.07525992e-005 
1.25000000e+000 2.05357143e+001 2.00000000e+001 7.20446837e-006 1.42292119e-005 1.31886275e-005 1.27647216e-005 1.17846095e-005 1.14365098e-005 1.12804095e-005 9.97487986e-006 8.19770669e-006 
1.25000000e+000 1.71428571e+001 2.00000000e+001 2.73781128e-006 7.85855877e-006 8.28493326e-006 8.27441368e-006 8.15062340e-006 8.06248257e-006 8.01629649e-006 7.42590417e-006 6.36871773e-006 
1.25000000e+000 1.33928571e+001 2.00000000e+001 1.02947849e-006 4.40331275e-006 5.32525371e-006 5.50137046e-006 5.81035519e-006 5.86527218e-006 5.88096678e-006 5.71457388e-006 5.10833301e-006 
1.25000000e+000 9.28571429e+000 2.00000000e+001 3.96572268e-007 2.59035015e-006 3.61141564e-006 3.86240755e-006 4.37422663e-006 4.50317970e-006 4.55169496e-006 4.62300006e-006 4.28322410e-006 
1.25000000e+000 4.82142857e+000 2.00000000e+001 1.77049952e-007 1.72047472e-006 2.70378876e-006 2.97330465e-006 3.55586091e-006 3.71555090e-006 3.77825069e-006 3.96292556e-006 3.76170355e-006 
1.25000000e+000 0.00000000e+000 2.00000000e+001 1.15924607e-007 1.36645504e-006 2.25928583e-006 2.51436783e-006 3.08070877e-006 3.24102322e-006 3.30484689e-006 3.51794480e-006 3.37364171e-006 
1.50000000e+000 3.50000000e+001 2.00000000e+001 9.00581383e-003 6.96303491e-004 2.56537553e-004 2.01890674e-004 1.24767548e-004 1.08181226e-004 1.01842635e-004 6.88106949e-005 4.38075973e-005 
1.50000000e+000 3.48214286e+001 2.00000000e+001 4.94998759e-003 5.73616594e-004 2.28957893e-004 1.82884637e-004 1.15918712e-004 1.01138290e-004 9.54483457e-005 6.53402967e-005 4.20486917e-005 
1.50000000e+000 3.42857143e+001 2.00000000e+001 5.13759258e-003 5.46315571e-004 2.17873557e-004 1.74210998e-004 1.10742014e-004 9.67153496e-005 9.13121558e-005 6.26668215e-005 4.04320012e-005 
1.50000000e+000 3.33928571e+001 2.00000000e+001 1.98571994e-003 3.76988620e-004 1.70725496e-004 1.39959982e-004 9.29723969e-005 8.21140184e-005 7.78766509e-005 5.47657866e-005 3.60820960e-005 
1.50000000e+000 3.21428571e+001 2.00000000e+001 1.02638543e-003 2.74728065e-004 1.35646640e-004 1.13215078e-004 7.77120712e-005 6.92328917e-005 6.58912728e-005 4.72489547e-005 3.16790048e-005 
1.50000000e+000 3.05357143e+001 2.00000000e+001 4.73687251e-004 1.86197655e-004 1.01183113e-004 8.61812933e-005 6.14353672e-005 5.52944655e-005 5.28461593e-005 3.88014782e-005 2.65933757e-005 
1.50000000e+000 2.85714286e+001 2.00000000e+001 1.77855212e-004 1.07438715e-004 6.56893154e-005 5.74519142e-005 4.31227839e-005 3.93810451e-005 3.78652833e-005 2.87970393e-005 2.04264543e-005 
1.50000000e+000 2.62500000e+001 2.00000000e+001 4.32601940e-005 4.37777864e-005 3.20875799e-005 2.93300295e-005 2.40829457e-005 2.25781312e-005 2.19493441e-005 1.78180907e-005 1.34892144e-005 
1.50000000e+000 2.35714286e+001 2.00000000e+001 1.38775905e-005 2.13198731e-005 1.80802916e-005 1.71215526e-005 1.51084781e-005 1.44665256e-005 1.41887245e-005 1.21380103e-005 9.67577645e-006 
1.50000000e+000 2.05357143e+001 2.00000000e+001 4.53861025e-006 1.06290194e-005 1.04240256e-005 1.02246315e-005 9.69495524e-006 9.48136363e-006 9.38216274e-006 8.45725269e-006 7.09068889e-006 
1.50000000e+000 1.71428571e+001 2.00000000e+001 1.45945556e-006 5.31366523e-006 6.06307687e-006 6.17051661e-006 6.31308525e-006 6.31402122e-006 6.30693739e-006 6.00590726e-006 5.30008599e-006 
1.50000000e+000 1.33928571e+001 2.00000000e+001 4.59086684e-007 2.67839331e-006 3.59641607e-006 3.80999780e-006 4.23437546e-006 4.33844566e-006 4.37728382e-006 4.41450815e-006 4.09895266e-006 
1.50000000e+000 9.28571429e+000 2.00000000e+001 1.45737386e-007 1.41132249e-006 2.25319340e-006 2.48995113e-006 3.01277211e-006 3.16169601e-006 3.22151330e-006 3.43072007e-006 3.33277744e-006 
1.50000000e+000 4.82142857e+000 2.00000000e+001 5.32736610e-008 8.50563808e-007 1.58328246e-006 1.81271996e-006 2.34943174e-006 2.51205971e-006 2.57900720e-006 2.86032808e-006 2.86751544e-006 
1.50000000e+000 0.00000000e+000 2.00000000e+001 3.11974316e-008 6.46609591e-007 1.28835475e-006 1.49819213e-006 2.00234153e-006 2.15913193e-006 2.22428848e-006 2.51246282e-006 2.55206270e-006 
1.75000000e+000 3.50000000e+001 2.00000000e+001 2.44656805e-002 1.05087800e-003 3.31074701e-004 2.52282277e-004 1.47104288e-004 1.25638225e-004 1.17560148e-004 7.68404962e-005 4.75331435e-005 
1.75000000e+000 3.48214286e+001 2.00000000e+001 1.09909609e-002 8.07733061e-004 2.84826152e-004 2.21628243e-004 1.33886574e-004 1.15344007e-004 1.08297790e-004 7.20691842e-005 4.52342741e-005 
1.75000000e+000 3.42857143e+001 2.00000000e+001 1.21882801e-002 7.74868248e-004 2.70821880e-004 2.10765506e-004 1.27587725e-004 1.10017129e-004 1.03338386e-004 6.89509529e-005 4.34018708e-005 
1.75000000e+000 3.33928571e+001 2.00000000e+001 3.55593431e-003 4.81930918e-004 1.99952482e-004 1.60927313e-004 1.03332192e-004 9.04433413e-005 8.54618992e-005 5.88847346e-005 3.80873655e-005 
1.75000000e+000 3.21428571e+001 2.00000000e+001 1.57666408e-003 3.28716876e-004 1.52438512e-004 1.25554292e-004 8.40815239e-005 7.44110492e-005 7.06274504e-005 4.98765111e-005 3.29718623e-005 
1.75000000e+000 3.05357143e+001 2.00000000e+001 6.07848395e-004 2.07174139e-004 1.08593910e-004 9.17687242e-005 6.44410680e-005 5.77577778e-005 5.51051950e-005 4.00594321e-005 2.71939488e-005 
1.75000000e+000 2.85714286e+001 2.00000000e+001 1.87096043e-004 1.09884790e-004 6.65435764e-005 5.80583524e-005 4.33547129e-005 3.95307595e-005 3.79838282e-005 2.87690289e-005 2.03191348e-005 
1.75000000e+000 2.62500000e+001 2.00000000e+001 3.76064488e-005 3.98575829e-005 2.96562486e-005 2.72011675e-005 2.24836161e-005 2.11173461e-005 2.05446932e-005 1.67498898e-005 1.27347812e-005 
1.75000000e+000 2.35714286e+001 2.00000000e+001 1.03419443e-005 1.76729076e-005 1.55258921e-005 1.48247967e-005 1.32971294e-005 1.27912431e-005 1.25697764e-005 1.08748972e-005 8.76831366e-006 
1.75000000e+000 2.05357143e+001 2.00000000e+001 2.88985777e-006 8.02058530e-006 8.32097066e-006 8.27057103e-006 8.05092669e-006 7.93294069e-006 7.87456837e-006 7.23062166e-006 6.17756148e-006 
1.75000000e+000 1.71428571e+001 2.00000000e+001 7.87501308e-007 3.63513590e-006 4.48631234e-006 4.65122956e-006 4.93816796e-006 4.99187172e-006 5.00856045e-006 4.89732055e-006 4.44042245e-006 
1.75000000e+000 1.33928571e+001 2.00000000e+001 2.07568233e-007 1.65021074e-006 2.45609383e-006 2.66661901e-006 3.11387010e-006 3.23653675e-006 3.28520938e-006 3.43366960e-006 3.30648020e-006 
1.75000000e+000 9.28571429e+000 2.00000000e+001 5.44084452e-008 7.78022437e-007 1.41814374e-006 1.61796500e-006 2.08799661e-006 2.23254106e-006 2.29262669e-006 2.55681533e-006 2.60131183e-006 
1.75000000e+000 4.82142857e+000 2.00000000e+001 1.62270201e-008 4.22850122e-007 9.30342280e-007 1.10846778e-006 1.55567496e-006 1.70168526e-006 1.76367422e-006 2.06733096e-006 2.18797543e-006 
1.75000000e+000 0.00000000e+000 2.00000000e+001 8.40067933e-009 3.06035295e-007 7.34761817e-007 8.92783244e-007 1.30152699e-006 1.43846944e-006 1.49711126e-006 1.79443183e-006 1.93061283e-006 
2.00000000e+000 3.50000000e+001 2.00000000e+001 7.03801286e-002 1.65115524e-003 4.38399146e-004 3.22357721e-004 1.76230267e-004 1.48017465e-004 1.37571494e-004 8.66886771e-005 5.19615376e-005 
2.00000000e+000 3.48214286e+001 2.00000000e+001 2.55909289e-002 1.16968086e-003 3.61005394e-004 2.73032698e-004 1.56541006e-004 1.33013744e-004 1.24193114e-004 8.01484034e-005 4.89659976e-005 
2.00000000e+000 3.42857143e+001 2.00000000e+001 3.06318536e-002 1.13765920e-003 3.43848501e-004 2.59689159e-004 1.48921717e-004 1.26620820e-004 1.18262716e-004 7.65090356e-005 4.68849871e-005 
2.00000000e+000 3.33928571e+001 2.00000000e+001 6.63549621e-003 6.28577919e-004 2.37144689e-004 1.87077147e-004 1.15785929e-004 1.00361902e-004 9.44604946e-005 6.36771529e-005 4.03895955e-005 
2.00000000e+000 3.21428571e+001 2.00000000e+001 2.50875294e-003 3.98912226e-004 1.72777013e-004 1.40281095e-004 9.14915301e-005 8.03989724e-005 7.60917896e-005 5.28780126e-005 3.44461296e-005 
2.00000000e+000 3.05357143e+001 2.00000000e+001 7.97480783e-004 2.32187071e-004 1.17082753e-004 9.81253645e-005 6.78344190e-005 6.05388429e-005 5.76566996e-005 4.14932285e-005 2.78972485e-005 
2.00000000e+000 2.85714286e+001 2.00000000e+001 1.97317181e-004 1.12601875e-004 6.75593229e-005 5.88100845e-005 4.37067386e-005 3.97941551e-005 3.82134075e-005 2.88338728e-005 2.02830271e-005 
2.00000000e+000 2.62500000e+001 2.00000000e+001 3.28401864e-005 3.64475473e-005 2.75336130e-005 2.53431367e-005 2.10909513e-005 1.98466560e-005 1.93234079e-005 1.58236765e-005 1.20812236e-005 
2.00000000e+000 2.35714286e+001 2.00000000e+001 7.75855149e-006 1.47402084e-005 1.34144270e-005 1.29152928e-005 1.17753280e-005 1.13798254e-005 1.12042508e-005 9.80209208e-006 7.99098639e-006 
2.00000000e+000 2.05357143e+001 2.00000000e+001 1.85488171e-006 6.09777013e-006 6.69155545e-006 6.73944273e-006 6.73417615e-006 6.68499703e-006 6.65634789e-006 6.22359946e-006 5.41452914e-006 
2.00000000e+000 1.71428571e+001 2.00000000e+001 4.28792807e-007 2.50853805e-006 3.34783506e-006 3.53540042e-006 3.89336088e-006 3.97713198e-006 4.00788797e-006 4.02097425e-006 3.74199008e-006 
2.00000000e+000 1.33928571e+001 2.00000000e+001 9.48056169e-008 1.02676717e-006 1.69253517e-006 1.88262427e-006 2.30757883e-006 2.43229350e-006 2.48336466e-006 2.68710710e-006 2.68015957e-006 
2.00000000e+000 9.28571429e+000 2.00000000e+001 2.05527774e-008 4.33102565e-007 8.99455065e-007 1.05880334e-006 1.45533507e-006 1.58476383e-006 1.63988987e-006 1.91318809e-006 2.03643206e-006 
2.00000000e+000 4.82142857e+000 2.00000000e+001 4.99489627e-009 2.11315511e-007 5.48485533e-007 6.79783476e-007 1.03225928e-006 1.15491909e-006 1.20828789e-006 1.49619596e-006 1.67105048e-006 
2.00000000e+000 0.00000000e+000 2.00000000e+001 2.26339689e-009 1.44871601e-007 4.19087233e-007 5.32064508e-007 8.46049289e-007 9.58399270e-007 1.00772071e-006 1.28165448e-006 1.46053000e-006 
2.25000000e+000 3.50000000e+001 2.00000000e+001 2.10824842e-001 2.69015145e-003 5.94964765e-004 4.20860244e-004 2.14442779e-004 1.76844326e-004 1.63157153e-004 9.87755053e-005 5.72087102e-005 
2.25000000e+000 3.48214286e+001 2.00000000e+001 6.19187109e-002 1.73689126e-003 4.65603415e-004 3.41605478e-004 1.85168698e-004 1.55020060e-004 1.43872875e-004 8.98302210e-005 5.33143083e-005 
2.25000000e+000 3.42857143e+001 2.00000000e+001 8.03507315e-002 1.72468635e-003 4.45639661e-004 3.25725368e-004 1.76053149e-004 1.47406049e-004 1.36826854e-004 8.55887580e-005 5.09487134e-005 
2.25000000e+000 3.33928571e+001 2.00000000e+001 1.28241776e-002 8.35396568e-004 2.84654499e-004 2.19771550e-004 1.30747841e-004 1.12153344e-004 1.05113035e-004 6.92230132e-005 4.30069707e-005 
2.25000000e+000 3.21428571e+001 2.00000000e+001 4.12027228e-003 4.90775915e-004 1.97447800e-004 1.57858457e-004 1.00081508e-004 8.72895306e-005 8.23616661e-005 5.62728034e-005 3.61001232e-005 
2.25000000e+000 3.05357143e+001 2.00000000e+001 1.06941491e-003 2.62082542e-004 1.26773407e-004 1.05317975e-004 7.16225309e-005 6.36361323e-005 6.04963242e-005 4.30894429e-005 2.86897873e-005 
2.25000000e+000 2.85714286e+001 2.00000000e+001 2.08593300e-004 1.15551791e-004 6.86977448e-005 5.96694293e-005 4.41445317e-005 4.01382816e-005 3.85217145e-005 2.89646269e-005 2.02984884e-005 
2.25000000e+000 2.62500000e+001 2.00000000e+001 2.87801120e-005 3.34403656e-005 2.56497732e-005 2.36932595e-005 1.98551536e-005 1.87198672e-005 1.82408070e-005 1.50047663e-005 1.15047005e-005 
2.25000000e+000 2.35714286e+001 2.00000000e+001 5.85104708e-006 1.23526863e-005 1.16445763e-005 1.13046891e-005 1.04771427e-005 1.01722726e-005 1.00345787e-005 8.87698954e-006 7.31585336e-006 
2.25000000e+000 2.05357143e+001 2.00000000e+001 1.19810075e-006 4.66277981e-006 5.41198937e-006 5.52313994e-006 5.66477219e-006 5.66521064e-006 5.65830455e-006 5.38606142e-006 4.76966264e-006 
2.25000000e+000 1.71428571e+001 2.00000000e+001 2.35135106e-007 1.74270918e-006 2.51485115e-006 2.70498833e-006 3.08928408e-006 3.18865265e-006 3.22720598e-006 3.32064657e-006 3.16945243e-006 
2.25000000e+000 1.33928571e+001 2.00000000e+001 4.36422175e-008 6.43770579e-007 1.17491925e-006 1.33863903e-006 1.72128801e-006 1.83945041e-006 1.88888884e-006 2.11425672e-006 2.18205945e-006 
2.25000000e+000 9.28571429e+000 2.00000000e+001 7.83424566e-009 2.43051130e-007 5.74317422e-007 6.97230063e-007 1.01963032e-006 1.13038205e-006 1.17849253e-006 1.43697758e-006 1.59873866e-006 
2.25000000e+000 4.82142857e+000 2.00000000e+001 1.55136165e-009 1.06116732e-007 3.24385807e-007 4.18046566e-007 6.86351767e-007 7.85282428e-007 8.29257643e-007 1.08427757e-006 1.27744338e-006 
2.25000000e+000 0.00000000e+000 2.00000000e+001 6.10177201e-010 6.85925805e-008 2.39061099e-007 3.17118956e-007 5.50003633e-007 6.38581950e-007 6.78343084e-007 9.15443615e-007 1.10493623e-006 
2.50000000e+000 3.50000000e+001 2.00000000e+001 6.49568305e-001 4.52529718e-003 8.26391899e-004 5.60880742e-004 2.64937884e-004 2.14200728e-004 1.96051576e-004 1.13649103e-004 6.34232480e-005 
2.50000000e+000 3.48214286e+001 2.00000000e+001 1.54495580e-001 2.63769607e-003 6.10296543e-004 4.33639970e-004 2.21468291e-004 1.82499273e-004 1.68293918e-004 1.01434540e-004 5.83692240e-005 
2.50000000e+000 3.42857143e+001 2.00000000e+001 2.17395923e-001 2.69186162e-003 5.89097593e-004 4.15682828e-004 2.10747965e-004 1.73541478e-004 1.60010543e-004 9.65095340e-005 5.56806709e-005 
2.50000000e+000 3.33928571e+001 2.00000000e+001 2.55287632e-002 1.12983746e-003 3.45629212e-004 2.60794705e-004 1.48744596e-004 1.26177334e-004 1.17724658e-004 7.56265926e-005 4.59669753e-005 
2.50000000e+000 3.21428571e+001 2.00000000e+001 6.95893720e-003 6.11847388e-004 2.27458714e-004 1.78875061e-004 1.10031625e-004 9.52055321e-005 8.95408791e-005 6.00932500e-005 3.79387390e-005 
2.50000000e+000 3.05357143e+001 2.00000000e+001 1.46484218e-003 2.97943106e-004 1.37830184e-004 1.13441521e-004 7.58282838e-005 6.70618571e-005 6.36327178e-005 4.48437954e-005 2.95638720e-005 
2.50000000e+000 2.85714286e+001 2.00000000e+001 2.21029476e-004 1.18716566e-004 6.99367305e-005 6.06144471e-005 4.46472609e-005 4.05428778e-005 3.88887670e-005 2.91439463e-005 2.03522184e-005 
2.50000000e+000 2.62500000e+001 2.00000000e+001 2.52947584e-005 3.07621974e-005 2.39580671e-005 2.22099106e-005 1.87432005e-005 1.77062552e-005 1.72671173e-005 1.42696024e-005 1.09884524e-005 
2.50000000e+000 2.35714286e+001 2.00000000e+001 4.43131770e-006 1.03912674e-005 1.01457868e-005 9.93165804e-006 9.35688526e-006 9.12692793e-006 9.02074028e-006 8.06954586e-006 6.72264867e-006 
2.50000000e+000 2.05357143e+001 2.00000000e+001 7.77836652e-007 3.58197144e-006 4.39694677e-006 4.54684487e-006 4.78677195e-006 4.82271446e-006 4.83165265e-006 4.68198140e-006 4.21931833e-006 
2.50000000e+000 1.71428571e+001 2.00000000e+001 1.29678917e-007 1.21712444e-006 1.89911260e-006 2.08055410e-006 2.46405665e-006 2.56971159e-006 2.61196243e-006 2.75572266e-006 2.69634649e-006 
2.50000000e+000 1.33928571e+001 2.00000000e+001 2.02162395e-008 4.06102359e-007 8.20489560e-007 9.57458570e-007 1.29110450e-006 1.39863458e-006 1.44438979e-006 1.67147475e-006 1.78362390e-006 
2.50000000e+000 9.28571429e+000 2.00000000e+001 3.00763172e-009 1.37315027e-007 3.68857168e-007 4.61666604e-007 7.17721510e-007 8.09837415e-007 8.50546056e-007 1.08309462e-006 1.25849784e-006 
2.50000000e+000 4.82142857e+000 2.00000000e+001 4.85542003e-010 5.35287968e-008 1.92427377e-007 2.57771299e-007 4.57262248e-007 5.34908909e-007 5.70105295e-007 7.86782025e-007 9.77446039e-007 
2.50000000e+000 0.00000000e+000 2.00000000e+001 1.64588030e-010 3.24827590e-008 1.36382897e-007 1.89025187e-007 3.57571422e-007 4.25511287e-007 4.56648125e-007 6.53896268e-007 8.35940489e-007 
END