TITLE="2RS_E_WD070.dat"
VARIABLES= "Density" "Radius" "Height" "0.1053" "0.356" "0.6617" "0.7889" "1.1732" "1.3325" "1.408" "2" "3" 
ZONE T="3D Data" I=11 J=15 K=3 F=POINT
0.00000000e+000 3.50000000e+001 0.00000000e+000 2.40678059e-004 1.62897861e-004 1.03899586e-004 9.18888447e-005 7.05873963e-005 6.48775354e-005 6.25394025e-005 4.81250227e-005 3.41797403e-005 
0.00000000e+000 3.48214286e+001 0.00000000e+000 2.39533160e-004 1.62108826e-004 1.03407064e-004 9.14569341e-005 7.02628591e-005 6.45814674e-005 6.22549077e-005 4.79098972e-005 3.40284740e-005 
0.00000000e+000 3.42857143e+001 0.00000000e+000 2.35663892e-004 1.59586718e-004 1.01838711e-004 9.00815702e-005 6.92289881e-005 6.36381358e-005 6.13483875e-005 4.72241517e-005 3.35461508e-005 
0.00000000e+000 3.33928571e+001 0.00000000e+000 2.30084770e-004 1.55861035e-004 9.95136924e-005 8.80422498e-005 6.76977523e-005 6.22419151e-005 6.00070525e-005 4.62112997e-005 3.28346016e-005 
0.00000000e+000 3.21428571e+001 0.00000000e+000 2.22994581e-004 1.51171892e-004 9.66021878e-005 8.54944036e-005 6.57964183e-005 6.05117707e-005 5.83463518e-005 4.49632169e-005 3.19605562e-005 
0.00000000e+000 3.05357143e+001 0.00000000e+000 2.15248928e-004 1.46071883e-004 9.34552953e-005 8.27494084e-005 6.37676014e-005 5.86717378e-005 5.65826397e-005 4.36476783e-005 3.10432415e-005 
0.00000000e+000 2.85714286e+001 0.00000000e+000 2.07498115e-004 1.40910017e-004 9.03219219e-005 8.00384906e-005 6.18068569e-005 5.69056032e-005 5.48945504e-005 4.24072265e-005 3.01855437e-005 
0.00000000e+000 2.62500000e+001 0.00000000e+000 2.02226202e-004 1.37472049e-004 8.83635411e-005 7.83935954e-005 6.07036241e-005 5.59348771e-005 5.39756220e-005 4.17654564e-005 2.97552750e-005 
0.00000000e+000 2.35714286e+001 0.00000000e+000 2.01911153e-004 1.37299202e-004 8.85915113e-005 7.86941328e-005 6.10810600e-005 5.63145958e-005 5.43537101e-005 4.20994273e-005 3.00102127e-005 
0.00000000e+000 2.05357143e+001 0.00000000e+000 2.11424175e-004 1.43490832e-004 9.25557725e-005 8.21864357e-005 6.37173586e-005 5.87209080e-005 5.66663847e-005 4.38522717e-005 3.12585772e-005 
0.00000000e+000 1.71428571e+001 0.00000000e+000 2.26005255e-004 1.53439235e-004 9.87796724e-005 8.76323384e-005 6.77894936e-005 6.24325767e-005 6.02321210e-005 4.65522982e-005 3.31823227e-005 
0.00000000e+000 1.33928571e+001 0.00000000e+000 2.41936859e-004 1.64032644e-004 1.05502689e-004 9.35723556e-005 7.23402241e-005 6.66083776e-005 6.42541235e-005 4.96320695e-005 3.53789599e-005 
0.00000000e+000 9.28571429e+000 0.00000000e+000 2.58922229e-004 1.75203735e-004 1.12903217e-004 1.00185790e-004 7.74757877e-005 7.13255816e-005 6.87978432e-005 5.30994140e-005 3.78299550e-005 
0.00000000e+000 4.82142857e+000 0.00000000e+000 2.76563062e-004 1.86935912e-004 1.20304001e-004 1.06680235e-004 8.23383085e-005 7.57524180e-005 7.30477228e-005 5.62998679e-005 4.00962868e-005 
0.00000000e+000 0.00000000e+000 0.00000000e+000 2.78258637e-004 1.87863981e-004 1.21011288e-004 1.07336358e-004 8.28894978e-005 7.62708387e-005 7.35521032e-005 5.67087363e-005 4.04044242e-005 
2.50000000e-001 3.50000000e+001 0.00000000e+000 2.46631605e-004 1.58777300e-004 1.00641856e-004 8.89675833e-005 6.83682257e-005 6.28639629e-005 6.06113013e-005 4.67207450e-005 3.32618254e-005 
2.50000000e-001 3.48214286e+001 0.00000000e+000 2.45006330e-004 1.57774978e-004 1.00033510e-004 8.84379834e-005 6.79779715e-005 6.25104851e-005 6.02727213e-005 4.64698983e-005 3.30891403e-005 
2.50000000e-001 3.42857143e+001 0.00000000e+000 2.36552140e-004 1.53577950e-004 9.76569556e-005 8.63994146e-005 6.65112053e-005 6.11891439e-005 5.90098048e-005 4.55465200e-005 3.24651835e-005 
2.50000000e-001 3.33928571e+001 0.00000000e+000 2.27257003e-004 1.48295860e-004 9.45257677e-005 8.36866461e-005 6.45263361e-005 5.93939216e-005 5.72912393e-005 4.42785862e-005 3.15994489e-005 
2.50000000e-001 3.21428571e+001 0.00000000e+000 2.10383058e-004 1.39834059e-004 8.97559577e-005 7.96081929e-005 6.16223094e-005 5.67882583e-005 5.48051863e-005 4.24807366e-005 3.03970218e-005 
2.50000000e-001 3.05357143e+001 0.00000000e+000 1.88174048e-004 1.28952797e-004 8.37507280e-005 7.45083705e-005 5.80503030e-005 5.36004667e-005 5.17707883e-005 4.03178571e-005 2.89726686e-005 
2.50000000e-001 2.85714286e+001 0.00000000e+000 1.60642765e-004 1.15544333e-004 7.64942163e-005 6.83936783e-005 5.38523486e-005 4.98792961e-005 4.82390554e-005 3.78464517e-005 2.73770376e-005 
2.50000000e-001 2.62500000e+001 0.00000000e+000 1.28781529e-004 1.00899135e-004 6.89634714e-005 6.21574942e-005 4.97436816e-005 4.62854051e-005 4.48477106e-005 3.55594781e-005 2.59649450e-005 
2.50000000e-001 2.35714286e+001 0.00000000e+000 1.10943014e-004 9.30425432e-005 6.52433337e-005 5.91731063e-005 4.79305864e-005 4.47444706e-005 4.34123375e-005 3.46765072e-005 2.54897550e-005 
2.50000000e-001 2.05357143e+001 0.00000000e+000 1.00464133e-004 9.02085872e-005 6.45896706e-005 5.88398642e-005 4.80446688e-005 4.49467300e-005 4.36467368e-005 3.50428276e-005 2.59052475e-005 
2.50000000e-001 1.71428571e+001 0.00000000e+000 9.29091850e-005 8.96967686e-005 6.54702595e-005 5.98691493e-005 4.92190532e-005 4.61292867e-005 4.48287700e-005 3.61547820e-005 2.68720957e-005 
2.50000000e-001 1.33928571e+001 0.00000000e+000 8.72886561e-005 8.99783850e-005 6.68647833e-005 6.13832866e-005 5.08336643e-005 4.77350256e-005 4.64257711e-005 3.76106894e-005 2.80876161e-005 
2.50000000e-001 9.28571429e+000 0.00000000e+000 8.38009961e-005 9.12377215e-005 6.89969170e-005 6.35891750e-005 5.30188904e-005 4.98674890e-005 4.85302867e-005 3.94465071e-005 2.95555963e-005 
2.50000000e-001 4.82142857e+000 0.00000000e+000 8.30887363e-005 9.39910745e-005 7.17407619e-005 6.62260668e-005 5.53526593e-005 5.20907110e-005 5.07048228e-005 4.12700880e-005 3.09909386e-005 
2.50000000e-001 0.00000000e+000 0.00000000e+000 8.12949454e-005 9.32230165e-005 7.15023242e-005 6.60810981e-005 5.53523569e-005 5.21215708e-005 5.07472857e-005 4.13623382e-005 3.11031859e-005 
5.00000000e-001 3.50000000e+001 0.00000000e+000 3.02089725e-004 1.70828966e-004 1.04449242e-004 9.16355853e-005 6.94593939e-005 6.36416380e-005 6.12741396e-005 4.68741141e-005 3.31650634e-005 
5.00000000e-001 3.48214286e+001 0.00000000e+000 3.00662673e-004 1.69753749e-004 1.03780172e-004 9.10510235e-005 6.90283240e-005 6.32517934e-005 6.09010391e-005 4.65994605e-005 3.29772645e-005 
5.00000000e-001 3.42857143e+001 0.00000000e+000 2.84129205e-004 1.63512162e-004 1.00514105e-004 8.82977407e-005 6.71114146e-005 6.15407238e-005 5.92719027e-005 4.54360819e-005 3.22122610e-005 
5.00000000e-001 3.33928571e+001 0.00000000e+000 2.71507954e-004 1.56998675e-004 9.67432399e-005 8.50471174e-005 6.47575554e-005 5.94189255e-005 5.72437492e-005 4.39552618e-005 3.12154579e-005 
5.00000000e-001 3.21428571e+001 0.00000000e+000 2.41168265e-004 1.44619977e-004 9.01708001e-005 7.95015890e-005 6.09094717e-005 5.59918591e-005 5.39843392e-005 4.16448355e-005 2.97071641e-005 
5.00000000e-001 3.05357143e+001 0.00000000e+000 2.01794424e-004 1.28230527e-004 8.15570367e-005 7.22660920e-005 5.59472641e-005 5.15904457e-005 4.98057008e-005 3.87171399e-005 2.78225045e-005 
5.00000000e-001 2.85714286e+001 0.00000000e+000 1.56432077e-004 1.07984030e-004 7.08792723e-005 6.33170934e-005 4.98647778e-005 4.62150617e-005 4.47108589e-005 3.51877652e-005 2.55821224e-005 
5.00000000e-001 2.62500000e+001 0.00000000e+000 1.04905092e-004 8.43253236e-005 5.86748635e-005 5.31867318e-005 4.31458255e-005 4.03266572e-005 3.91503804e-005 3.14313909e-005 2.32771944e-005 
5.00000000e-001 2.35714286e+001 0.00000000e+000 7.77738166e-005 7.10863390e-005 5.19080857e-005 4.76095062e-005 3.95254165e-005 3.71812537e-005 3.61922833e-005 2.94959629e-005 2.21525803e-005 
5.00000000e-001 2.05357143e+001 0.00000000e+000 5.95848660e-005 6.27481338e-005 4.80197337e-005 4.45105535e-005 3.77007179e-005 3.56601072e-005 3.47901388e-005 2.87255365e-005 2.18587295e-005 
5.00000000e-001 1.71428571e+001 0.00000000e+000 4.59552219e-005 5.66473476e-005 4.54802729e-005 4.25966272e-005 3.67884752e-005 3.49820317e-005 3.42029800e-005 2.85980133e-005 2.20425991e-005 
5.00000000e-001 1.33928571e+001 0.00000000e+000 3.59661340e-005 5.19273194e-005 4.36696045e-005 4.13201632e-005 3.63784292e-005 3.47714912e-005 3.40688593e-005 2.88263843e-005 2.24756309e-005 
5.00000000e-001 9.28571429e+000 0.00000000e+000 2.91865934e-005 4.87572482e-005 4.27986736e-005 4.08781911e-005 3.66067036e-005 3.51425680e-005 3.44926540e-005 2.94650916e-005 2.31786823e-005 
5.00000000e-001 4.82142857e+000 0.00000000e+000 2.55042466e-005 4.75966648e-005 4.29545487e-005 4.12543536e-005 3.73004745e-005 3.58962162e-005 3.52671852e-005 3.02970205e-005 2.39774820e-005 
5.00000000e-001 0.00000000e+000 0.00000000e+000 2.37508672e-005 4.62597328e-005 4.22488240e-005 4.06825164e-005 3.69634789e-005 3.56185773e-005 3.50131058e-005 3.01689546e-005 2.39431274e-005 
7.50000000e-001 3.50000000e+001 0.00000000e+000 3.93228326e-004 1.91432697e-004 1.12130949e-004 9.74376614e-005 7.25199104e-005 6.61137922e-005 6.35237804e-005 4.80360558e-005 3.36332145e-005 
7.50000000e-001 3.48214286e+001 0.00000000e+000 3.93893740e-004 1.90436541e-004 1.11444827e-004 9.68302321e-005 7.20657340e-005 6.57025241e-005 6.31300663e-005 4.77462205e-005 3.34349888e-005 
7.50000000e-001 3.42857143e+001 0.00000000e+000 3.60691841e-004 1.81236491e-004 1.07048962e-004 9.31968342e-005 6.96264706e-005 6.35464256e-005 6.10854765e-005 4.63203401e-005 3.25207100e-005 
7.50000000e-001 3.33928571e+001 0.00000000e+000 3.44764582e-004 1.73465485e-004 1.02658780e-004 8.94317876e-005 6.69274013e-005 6.11208169e-005 5.87699614e-005 4.46441827e-005 3.14045684e-005 
7.50000000e-001 3.21428571e+001 0.00000000e+000 2.91239828e-004 1.56104988e-004 9.40325955e-005 8.22566183e-005 6.20792530e-005 5.68344308e-005 5.47055553e-005 4.18144525e-005 2.95931616e-005 
7.50000000e-001 3.05357143e+001 0.00000000e+000 2.25662993e-004 1.33264061e-004 8.26335221e-005 7.27871943e-005 5.57162054e-005 5.12216260e-005 4.93890514e-005 3.81408319e-005 2.72660483e-005 
7.50000000e-001 2.85714286e+001 0.00000000e+000 1.59273852e-004 1.06196934e-004 6.87126544e-005 6.11783537e-005 4.78934916e-005 4.43239212e-005 4.28575192e-005 3.36438354e-005 2.44362515e-005 
7.50000000e-001 2.62500000e+001 0.00000000e+000 9.09803615e-005 7.48130736e-005 5.24412067e-005 4.76409172e-005 3.88602697e-005 3.63921458e-005 3.53615807e-005 2.85600933e-005 2.13136719e-005 
7.50000000e-001 2.35714286e+001 0.00000000e+000 5.87453481e-005 5.78421493e-005 4.33685432e-005 4.00579849e-005 3.37783405e-005 3.19324685e-005 3.11494629e-005 2.57302839e-005 1.96199555e-005 
7.50000000e-001 2.05357143e+001 0.00000000e+000 3.84507852e-005 4.63962127e-005 3.73262755e-005 3.50485123e-005 3.05159863e-005 2.91079256e-005 2.84995100e-005 2.40517793e-005 1.87338761e-005 
7.50000000e-001 1.71428571e+001 0.00000000e+000 2.48578566e-005 3.77575700e-005 3.27750806e-005 3.13094991e-005 2.81763866e-005 2.71228691e-005 2.66560442e-005 2.29885241e-005 1.82921994e-005 
7.50000000e-001 1.33928571e+001 0.00000000e+000 1.60840365e-005 3.12071832e-005 2.92665168e-005 2.84485140e-005 2.64643979e-005 2.57056288e-005 2.53564758e-005 2.23273815e-005 1.81191517e-005 
7.50000000e-001 9.28571429e+000 0.00000000e+000 1.07606336e-005 2.66662174e-005 2.69185530e-005 2.65939525e-005 2.54897814e-005 2.49538196e-005 2.46929192e-005 2.21260186e-005 1.82447223e-005 
7.50000000e-001 4.82142857e+000 0.00000000e+000 7.98638801e-006 2.42700272e-005 2.58211269e-005 2.57857851e-005 2.51950679e-005 2.47884956e-005 2.45788027e-005 2.22738259e-005 1.85698070e-005 
7.50000000e-001 0.00000000e+000 0.00000000e+000 6.93899273e-006 2.29553238e-005 2.49637188e-005 2.50460087e-005 2.46836666e-005 2.43408500e-005 2.41573086e-005 2.20047029e-005 1.84313406e-005 
1.00000000e+000 3.50000000e+001 0.00000000e+000 5.35414599e-004 2.19379223e-004 1.22634262e-004 1.05466679e-004 7.69459996e-005 6.97604106e-005 6.68740144e-005 4.99074184e-005 3.45105314e-005 
1.00000000e+000 3.48214286e+001 0.00000000e+000 5.44321460e-004 2.18753568e-004 1.21991178e-004 1.04876472e-004 7.64870635e-005 6.93425185e-005 6.64732265e-005 4.96101512e-005 3.43058717e-005 
1.00000000e+000 3.42857143e+001 0.00000000e+000 4.75963464e-004 2.05095838e-004 1.16084497e-004 1.00100351e-004 7.34087080e-005 6.66511023e-005 6.39324056e-005 4.78832914e-005 3.32270614e-005 
1.00000000e+000 3.33928571e+001 0.00000000e+000 4.59391479e-004 1.95999108e-004 1.11042522e-004 9.57986511e-005 7.03582645e-005 6.39188514e-005 6.13279034e-005 4.60150005e-005 3.19960331e-005 
1.00000000e+000 3.21428571e+001 0.00000000e+000 3.64471770e-004 1.71906220e-004 9.99098970e-005 8.66843459e-005 6.43792972e-005 5.86747952e-005 5.63717375e-005 4.26294014e-005 2.98702611e-005 
1.00000000e+000 3.05357143e+001 0.00000000e+000 2.56963072e-004 1.40950694e-004 8.53065982e-005 7.47008465e-005 5.65070483e-005 5.17727115e-005 4.98502562e-005 3.81877709e-005 2.70988278e-005 
1.00000000e+000 2.85714286e+001 0.00000000e+000 1.64108893e-004 1.06513149e-004 6.80746370e-005 6.04126698e-005 4.69756847e-005 4.33904336e-005 4.19214749e-005 3.27631863e-005 2.37100518e-005 
1.00000000e+000 2.62500000e+001 0.00000000e+000 8.05335428e-005 6.81789018e-005 4.81399940e-005 4.38019646e-005 3.58441798e-005 3.36020375e-005 3.26652298e-005 2.64637164e-005 1.98317661e-005 
1.00000000e+000 2.35714286e+001 0.00000000e+000 4.55508829e-005 4.85701364e-005 3.73091654e-005 3.46607130e-005 2.95815088e-005 2.80681963e-005 2.74231788e-005 2.28776136e-005 1.76423584e-005 
1.00000000e+000 2.05357143e+001 0.00000000e+000 2.56581995e-005 3.55153520e-005 2.98857677e-005 2.83730506e-005 2.52781372e-005 2.42792748e-005 2.38417603e-005 2.04861145e-005 1.62685422e-005 
1.00000000e+000 1.71428571e+001 0.00000000e+000 1.40207973e-005 2.60713486e-005 2.42729603e-005 2.35941100e-005 2.20118940e-005 2.14170688e-005 2.11437926e-005 1.87377050e-005 1.53375572e-005 
1.00000000e+000 1.33928571e+001 0.00000000e+000 7.53826092e-006 1.93391904e-005 2.00378554e-005 1.99632117e-005 1.95316277e-005 1.92543638e-005 1.91110883e-005 1.74603683e-005 1.47086226e-005 
1.00000000e+000 9.28571429e+000 0.00000000e+000 4.13407250e-006 1.48798455e-005 1.71457976e-005 1.74922606e-005 1.78905208e-005 1.78461197e-005 1.77984010e-005 1.66992242e-005 1.44122671e-005 
1.00000000e+000 4.82142857e+000 0.00000000e+000 2.54637694e-006 1.24580178e-005 1.55819012e-005 1.61706627e-005 1.70578642e-005 1.71534158e-005 1.71635085e-005 1.63988225e-005 1.43960137e-005 
1.00000000e+000 0.00000000e+000 0.00000000e+000 2.02728324e-006 1.13910580e-005 1.47504112e-005 1.54194686e-005 1.64833932e-005 1.66339355e-005 1.66673500e-005 1.60498444e-005 1.41883868e-005 
1.25000000e+000 3.50000000e+001 0.00000000e+000 7.59553939e-004 2.55659284e-004 1.35787010e-004 1.15490466e-004 8.24974243e-005 7.43565806e-005 7.11077801e-005 5.23314567e-005 3.57040475e-005 
1.25000000e+000 3.48214286e+001 0.00000000e+000 7.94686229e-004 2.55993399e-004 1.35288332e-004 1.14981122e-004 8.20586528e-005 7.39511661e-005 7.07170203e-005 5.20353988e-005 3.54969340e-005 
1.25000000e+000 3.42857143e+001 0.00000000e+000 6.50687073e-004 2.35548913e-004 1.27327180e-004 1.08693070e-004 7.81802879e-005 7.06003137e-005 6.75690004e-005 4.99545692e-005 3.42321838e-005 
1.25000000e+000 3.33928571e+001 0.00000000e+000 6.44010341e-004 2.25194855e-004 1.21594962e-004 1.03820477e-004 7.47588710e-005 6.75461409e-005 6.46619431e-005 4.78891022e-005 3.28860724e-005 
1.25000000e+000 3.21428571e+001 0.00000000e+000 4.73360717e-004 1.91831758e-004 1.07320923e-004 9.23314766e-005 6.74593649e-005 6.11991904e-005 5.86847518e-005 4.38885452e-005 3.04240885e-005 
1.25000000e+000 3.05357143e+001 0.00000000e+000 2.97036235e-004 1.50410451e-004 8.89102724e-005 7.74208171e-005 5.79015550e-005 5.28744904e-005 5.08403744e-005 3.86282888e-005 2.71923614e-005 
1.25000000e+000 2.85714286e+001 0.00000000e+000 1.69964515e-004 1.07730372e-004 6.81653326e-005 6.03269943e-005 4.66279397e-005 4.29898939e-005 4.15020728e-005 3.22844890e-005 2.32583293e-005 
1.25000000e+000 2.62500000e+001 0.00000000e+000 7.19730559e-005 6.29486613e-005 4.48447938e-005 4.08766823e-005 3.35565280e-005 3.14839168e-005 3.06167875e-005 2.48564540e-005 1.86748497e-005 
1.25000000e+000 2.35714286e+001 0.00000000e+000 3.57576238e-005 4.14564493e-005 3.26578833e-005 3.05125253e-005 2.63342759e-005 2.50680583e-005 2.45253508e-005 2.06300665e-005 1.60541856e-005 
1.25000000e+000 2.05357143e+001 0.00000000e+000 1.74018392e-005 2.77287864e-005 2.43937008e-005 2.34020862e-005 2.12939329e-005 2.05795123e-005 2.02614532e-005 1.76864228e-005 1.42828614e-005 
1.25000000e+000 1.71428571e+001 0.00000000e+000 8.08093249e-006 1.84146120e-005 1.83348654e-005 1.81134128e-005 1.74677589e-005 1.71622503e-005 1.70129432e-005 1.54530634e-005 1.29772078e-005 
1.25000000e+000 1.33928571e+001 0.00000000e+000 3.63035433e-006 1.22574587e-005 1.39580890e-005 1.42307124e-005 1.45950223e-005 1.45879442e-005 1.45635722e-005 1.37727158e-005 1.20165652e-005 
1.25000000e+000 9.28571429e+000 0.00000000e+000 1.63458575e-006 8.44486525e-006 1.10451843e-005 1.16207753e-005 1.26498082e-005 1.28484190e-005 1.29111370e-005 1.26641733e-005 1.14239100e-005 
1.25000000e+000 4.82142857e+000 0.00000000e+000 8.24911664e-007 6.43534791e-006 9.43828670e-006 1.01735668e-005 1.15750066e-005 1.18941483e-005 1.20085785e-005 1.20905151e-005 1.11712981e-005 
1.25000000e+000 0.00000000e+000 0.00000000e+000 5.92288713e-007 5.65255815e-006 8.71563757e-006 9.49293372e-006 1.10073728e-005 1.13672231e-005 1.14996509e-005 1.17064769e-005 1.09221758e-005 
1.50000000e+000 3.50000000e+001 0.00000000e+000 1.11966066e-003 3.02395899e-004 1.51827740e-004 1.27598372e-004 8.91209898e-005 7.98335976e-005 7.61522720e-005 5.52339931e-005 3.71603881e-005 
1.50000000e+000 3.48214286e+001 0.00000000e+000 1.23038767e-003 3.04835381e-004 1.51647280e-004 1.27275104e-004 8.87397552e-005 7.94682804e-005 7.57958690e-005 5.49501981e-005 3.69553459e-005 
1.50000000e+000 3.42857143e+001 0.00000000e+000 9.19966815e-004 2.74001299e-004 1.40875506e-004 1.18972698e-004 8.38502995e-005 7.52965387e-005 7.18967578e-005 5.24476268e-005 3.54773567e-005 
1.50000000e+000 3.33928571e+001 0.00000000e+000 9.53652771e-004 2.62796360e-004 1.34442454e-004 1.13505398e-004 8.00349826e-005 7.19007231e-005 6.86688860e-005 5.01754952e-005 3.40130448e-005 
1.50000000e+000 3.21428571e+001 0.00000000e+000 6.40752360e-004 2.16553179e-004 1.16187585e-004 9.90724134e-005 7.11694325e-005 6.42626663e-005 6.15029054e-005 4.54817290e-005 3.11843327e-005 
1.50000000e+000 3.05357143e+001 0.00000000e+000 3.48765855e-004 1.61471388e-004 9.31854479e-005 8.06984197e-005 5.96932463e-005 5.43371350e-005 5.21769838e-005 3.93302693e-005 2.74656121e-005 
1.50000000e+000 2.85714286e+001 0.00000000e+000 1.76600516e-004 1.09416338e-004 6.86369068e-005 6.06036921e-005 4.66024129e-005 4.28971114e-005 4.13838431e-005 3.20548010e-005 2.29885391e-005 
1.50000000e+000 2.62500000e+001 0.00000000e+000 6.46905100e-005 5.85377988e-005 4.21297714e-005 3.84835496e-005 3.17096461e-005 2.97787625e-005 2.89693241e-005 2.35666180e-005 1.77410062e-005 
1.50000000e+000 2.35714286e+001 0.00000000e+000 2.82749584e-005 3.57133977e-005 2.88896579e-005 2.71522748e-005 2.37021281e-005 2.26341133e-005 2.21732238e-005 1.87961121e-005 1.47445816e-005 
1.50000000e+000 2.05357143e+001 0.00000000e+000 1.19156227e-005 2.19065630e-005 2.01632724e-005 1.95463569e-005 1.81555799e-005 1.76502615e-005 1.74203610e-005 1.54308153e-005 1.26522654e-005 
1.50000000e+000 1.71428571e+001 0.00000000e+000 4.71728796e-006 1.31993456e-005 1.40466446e-005 1.40972519e-005 1.40321627e-005 1.39141279e-005 1.38463630e-005 1.28692544e-005 1.10666358e-005 
1.50000000e+000 1.33928571e+001 0.00000000e+000 1.77777400e-006 7.89681845e-006 9.85699162e-006 1.02744546e-005 1.10215606e-005 1.11615178e-005 1.12042604e-005 1.09476726e-005 9.87470794e-006 
1.50000000e+000 9.28571429e+000 0.00000000e+000 6.59325241e-007 4.86049523e-006 7.18652142e-006 7.78923490e-006 9.00511420e-006 9.30762516e-006 9.42158315e-006 9.64776677e-006 9.08491157e-006 
1.50000000e+000 4.82142857e+000 0.00000000e+000 2.70940128e-007 3.34412719e-006 5.73765845e-006 6.42055277e-006 7.87194522e-006 8.26379344e-006 8.41782739e-006 8.92650483e-006 8.67733713e-006 
1.50000000e+000 0.00000000e+000 0.00000000e+000 1.73042793e-007 2.80495792e-006 5.14984773e-006 5.84428857e-006 7.35056707e-006 7.76808297e-006 7.93419467e-006 8.53850165e-006 8.40785766e-006 
1.75000000e+000 3.50000000e+001 0.00000000e+000 1.71070837e-003 3.62705905e-004 1.71238668e-004 1.42061947e-004 9.68676984e-005 8.62107218e-005 8.20164192e-005 5.85901142e-005 3.88515004e-005 
1.75000000e+000 3.48214286e+001 0.00000000e+000 2.02749375e-003 3.69396848e-004 1.71667565e-004 1.42096097e-004 9.66008168e-005 8.59264524e-005 8.17300389e-005 5.83335813e-005 3.86541107e-005 
1.75000000e+000 3.42857143e+001 0.00000000e+000 1.34301958e-003 3.22567496e-004 1.57038123e-004 1.31101070e-004 9.04280464e-005 8.07279795e-005 7.68972120e-005 5.53252063e-005 3.69295178e-005 
1.75000000e+000 3.33928571e+001 0.00000000e+000 1.49492716e-003 3.11562201e-004 1.49957560e-004 1.25046987e-004 8.62003196e-005 7.69722185e-005 7.33307975e-005 5.28350658e-005 3.53421494e-005 
1.75000000e+000 3.21428571e+001 0.00000000e+000 9.07620377e-004 2.47289361e-004 1.26628742e-004 1.06941820e-004 7.54632731e-005 6.78100904e-005 6.47687182e-005 4.73516329e-005 3.21084887e-005 
1.75000000e+000 3.05357143e+001 0.00000000e+000 4.16610043e-004 1.74225513e-004 9.80448810e-005 8.44350436e-005 6.17813125e-005 5.60635472e-005 5.37650337e-005 4.02175499e-005 2.78673126e-005 
1.75000000e+000 2.85714286e+001 0.00000000e+000 1.83970040e-004 1.11398363e-004 6.93300560e-005 6.10910120e-005 4.67688126e-005 4.29901102e-005 4.14485786e-005 3.19834545e-005 2.28412281e-005 
1.75000000e+000 2.62500000e+001 0.00000000e+000 5.83698087e-005 5.46789438e-005 3.97859578e-005 3.64293245e-005 3.01458645e-005 2.83408648e-005 2.75823653e-005 2.24894967e-005 1.69633108e-005 
1.75000000e+000 2.35714286e+001 0.00000000e+000 2.24687129e-005 3.09441664e-005 2.57285476e-005 2.43314659e-005 2.14924689e-005 2.05909075e-005 2.01986463e-005 1.72546009e-005 1.36385926e-005 
1.75000000e+000 2.05357143e+001 0.00000000e+000 8.21184344e-006 1.74380043e-005 1.68076865e-005 1.64669063e-005 1.56149581e-005 1.52692141e-005 1.51068960e-005 1.35728394e-005 1.12895542e-005 
1.75000000e+000 1.71428571e+001 0.00000000e+000 2.77719462e-006 9.55500881e-006 1.08712911e-005 1.10824234e-005 1.13794398e-005 1.13847573e-005 1.13715482e-005 1.08041102e-005 9.50116115e-006 
1.75000000e+000 1.33928571e+001 0.00000000e+000 8.80238401e-007 5.14824279e-006 7.03614497e-006 7.49437715e-006 8.39687135e-006 8.61145195e-006 8.69019411e-006 8.76119412e-006 8.15770007e-006 
1.75000000e+000 9.28571429e+000 0.00000000e+000 2.69701075e-007 2.82977574e-006 4.71671899e-006 5.26235190e-006 6.45024498e-006 6.78096149e-006 6.91282339e-006 7.38113368e-006 7.24740468e-006 
1.75000000e+000 4.82142857e+000 0.00000000e+000 9.00406237e-008 1.74748645e-006 3.50010264e-006 4.06421560e-006 5.36514374e-006 5.75265032e-006 5.91169680e-006 6.59951070e-006 6.74660250e-006 
1.75000000e+000 0.00000000e+000 0.00000000e+000 5.05562214e-008 1.39189988e-006 3.04291487e-006 3.59801538e-006 4.90860546e-006 5.30851961e-006 5.47420608e-006 6.22783630e-006 6.47234394e-006 
2.00000000e+000 3.50000000e+001 0.00000000e+000 2.70245904e-003 4.40900205e-004 1.94699706e-004 1.59286209e-004 1.05854916e-004 9.35622321e-005 8.87600409e-005 6.24057117e-005 4.07658766e-005 
2.00000000e+000 3.48214286e+001 0.00000000e+000 3.56174590e-003 4.55754452e-004 1.96213601e-004 1.59950557e-004 1.05787779e-004 9.34193684e-005 8.85957979e-005 6.21971206e-005 4.05832974e-005 
2.00000000e+000 3.42857143e+001 0.00000000e+000 2.02111279e-003 3.84140203e-004 1.76273811e-004 1.45347266e-004 9.79824032e-005 8.69335420e-005 8.25992620e-005 5.85800548e-005 3.85721576e-005 
2.00000000e+000 3.33928571e+001 0.00000000e+000 2.47793550e-003 3.75523160e-004 1.68710529e-004 1.38771952e-004 9.33357619e-005 8.28063186e-005 7.86817621e-005 5.58607251e-005 3.68560027e-005 
2.00000000e+000 3.21428571e+001 0.00000000e+000 1.34834489e-003 2.85815068e-004 1.38886377e-004 1.16067697e-004 8.03525392e-005 7.18368207e-005 6.84723088e-005 4.94723525e-005 3.31717933e-005 
2.00000000e+000 3.05357143e+001 0.00000000e+000 5.07255806e-004 1.88897407e-004 1.03479636e-004 8.86023913e-005 6.41189881e-005 5.80055213e-005 5.55561517e-005 4.12463994e-005 2.83649861e-005 
2.00000000e+000 2.85714286e+001 0.00000000e+000 1.92101425e-004 1.13600457e-004 7.01674363e-005 6.17129124e-005 4.70566140e-005 4.32011583e-005 4.16299103e-005 3.20158962e-005 2.27778591e-005 
2.00000000e+000 2.62500000e+001 0.00000000e+000 5.28153392e-005 5.12305361e-005 3.77025831e-005 3.46098879e-005 2.87755484e-005 2.70856930e-005 2.63736787e-005 2.15600731e-005 1.62973495e-005 
2.00000000e+000 2.35714286e+001 0.00000000e+000 1.79196202e-005 2.69177929e-005 2.30172069e-005 2.19070371e-005 1.95899032e-005 1.88315783e-005 1.84984377e-005 1.59273765e-005 1.26849468e-005 
2.00000000e+000 2.05357143e+001 0.00000000e+000 5.68620659e-006 1.39530445e-005 1.40927493e-005 1.39565989e-005 1.35151633e-005 1.32938257e-005 1.31845302e-005 1.20138682e-005 1.01329376e-005 
2.00000000e+000 1.71428571e+001 0.00000000e+000 1.64506628e-006 6.96489100e-006 8.47633653e-006 8.77755384e-006 9.29602311e-006 9.38253664e-006 9.40600364e-006 9.13044301e-006 8.20414627e-006 
2.00000000e+000 1.33928571e+001 0.00000000e+000 4.39262706e-007 3.38583626e-006 5.06513011e-006 5.51144983e-006 6.44448327e-006 6.69093441e-006 6.78688070e-006 7.05302465e-006 6.77147262e-006 
2.00000000e+000 9.28571429e+000 0.00000000e+000 1.11445159e-007 1.66292377e-006 3.11906252e-006 3.57989614e-006 4.64608698e-006 4.96579516e-006 5.09749208e-006 5.66944433e-006 5.79869475e-006 
2.00000000e+000 4.82142857e+000 0.00000000e+000 3.02208535e-008 9.17893418e-007 2.14221437e-006 2.58008525e-006 3.66430225e-006 4.01214106e-006 4.15917512e-006 4.88566710e-006 5.25041308e-006 
2.00000000e+000 0.00000000e+000 0.00000000e+000 1.47705520e-008 6.90700831e-007 1.79798228e-006 2.21510614e-006 3.27789863e-006 3.62771446e-006 3.77693515e-006 4.54247745e-006 4.98239174e-006 
2.25000000e+000 3.50000000e+001 0.00000000e+000 4.40324288e-003 5.42885996e-004 2.23095778e-004 1.79801541e-004 1.16250637e-004 1.02002400e-004 9.64793140e-005 6.67073854e-005 4.29031714e-005 
2.25000000e+000 3.48214286e+001 0.00000000e+000 6.65843211e-003 5.72893091e-004 2.26456037e-004 1.81521768e-004 1.16509554e-004 1.02088716e-004 9.65124354e-005 6.65751945e-005 4.27447116e-005 
2.25000000e+000 3.42857143e+001 0.00000000e+000 3.12991880e-003 4.62606133e-004 1.99182452e-004 1.62070731e-004 1.06623577e-004 9.39860578e-005 8.90631309e-005 6.22242109e-005 4.03997005e-005 
2.25000000e+000 3.33928571e+001 0.00000000e+000 4.32276143e-003 4.60503588e-004 1.91480106e-004 1.55132330e-004 1.01572366e-004 8.94885440e-005 8.47921764e-005 5.92665162e-005 3.85488505e-005 
2.25000000e+000 3.21428571e+001 0.00000000e+000 2.09969974e-003 3.34613176e-004 1.53306593e-004 1.26647838e-004 8.58853469e-005 7.63693533e-005 7.26329981e-005 5.18373760e-005 3.43609879e-005 
2.25000000e+000 3.05357143e+001 0.00000000e+000 6.30753251e-004 2.05809925e-004 1.09521368e-004 9.32080785e-005 6.66881706e-005 6.01413664e-005 5.75275424e-005 4.23921399e-005 2.89381010e-005 
2.25000000e+000 2.85714286e+001 0.00000000e+000 2.01064314e-004 1.15987140e-004 7.11092016e-005 6.24293064e-005 4.74263722e-005 4.34915749e-005 4.18895852e-005 3.21187453e-005 2.27732000e-005 
2.25000000e+000 2.62500000e+001 0.00000000e+000 4.78928772e-005 4.81074448e-005 3.58158409e-005 3.29651402e-005 2.75455358e-005 2.59624179e-005 2.52934951e-005 2.07371278e-005 1.57132881e-005 
2.25000000e+000 2.35714286e+001 0.00000000e+000 1.43317007e-005 2.34830908e-005 2.06579733e-005 1.97905025e-005 1.79220679e-005 1.72884607e-005 1.70069505e-005 1.47628521e-005 1.18481007e-005 
2.25000000e+000 2.05357143e+001 0.00000000e+000 3.95184674e-006 1.12068730e-005 1.18663525e-005 1.18808459e-005 1.17527399e-005 1.16293155e-005 1.15621100e-005 1.06859696e-005 9.13802822e-006 
2.25000000e+000 1.71428571e+001 0.00000000e+000 9.79038586e-007 5.10269086e-006 6.64556787e-006 6.99119147e-006 7.63743582e-006 7.77641918e-006 7.82429107e-006 7.75783820e-006 7.11883461e-006 
2.25000000e+000 1.33928571e+001 0.00000000e+000 2.20494534e-007 2.24146389e-006 3.67056545e-006 4.07980577e-006 4.97636755e-006 5.22956203e-006 5.33137042e-006 5.70720411e-006 5.64488831e-006 
2.25000000e+000 9.28571429e+000 0.00000000e+000 4.63994525e-008 9.84637649e-007 2.07592022e-006 2.45008477e-006 3.36338210e-006 3.65359556e-006 3.77598454e-006 4.37073359e-006 4.65256791e-006 
2.25000000e+000 4.82142857e+000 0.00000000e+000 1.02278411e-008 4.84444866e-007 1.31525416e-006 1.64244027e-006 2.50773837e-006 2.80336646e-006 2.93131825e-006 3.62163913e-006 4.08982700e-006 
2.25000000e+000 0.00000000e+000 0.00000000e+000 4.31538824e-009 3.42745921e-007 1.06238321e-006 1.36372319e-006 2.18893580e-006 2.47909327e-006 2.60590157e-006 3.31320600e-006 3.83543124e-006 
2.50000000e+000 3.50000000e+001 0.00000000e+000 7.38105053e-003 6.76774495e-004 2.57553042e-004 2.04276288e-004 1.28269056e-004 1.11679829e-004 1.05300860e-004 7.15371098e-005 4.52709297e-005 
2.50000000e+000 3.48214286e+001 0.00000000e+000 1.31717115e-002 7.34239104e-004 2.63959095e-004 2.07706112e-004 1.29038127e-004 1.12121237e-004 1.05638526e-004 7.15201784e-005 4.51487144e-005 
2.50000000e+000 3.42857143e+001 0.00000000e+000 4.97814525e-003 5.63182839e-004 2.26520588e-004 1.81723336e-004 1.16496064e-004 1.01984889e-004 9.63729909e-005 6.62831478e-005 4.24140501e-005 
2.50000000e+000 3.33928571e+001 0.00000000e+000 7.87870615e-003 5.74943763e-004 2.19298721e-004 1.74721313e-004 1.11086712e-004 9.71381546e-005 9.17623652e-005 6.30818412e-005 4.04230377e-005 
2.50000000e+000 3.21428571e+001 0.00000000e+000 3.41589872e-003 3.97137215e-004 1.70346026e-004 1.38946341e-004 9.21370202e-005 8.14561939e-005 7.72903671e-005 5.44528833e-005 3.56704518e-005 
2.50000000e+000 3.05357143e+001 0.00000000e+000 8.02313894e-004 2.25383935e-004 1.16227260e-004 9.82807218e-005 6.94868180e-005 6.24643783e-005 5.96709485e-005 4.36414901e-005 2.95737872e-005 
2.50000000e+000 2.85714286e+001 0.00000000e+000 2.10958853e-004 1.18542147e-004 7.21337227e-005 6.32180053e-005 4.78552432e-005 4.38385891e-005 4.22049175e-005 3.22711905e-005 2.28105444e-005 
2.50000000e+000 2.62500000e+001 0.00000000e+000 4.35039200e-005 4.52531763e-005 3.40858666e-005 3.14578464e-005 2.64227854e-005 2.49392234e-005 2.43105423e-005 1.99939003e-005 1.51908079e-005 
2.50000000e+000 2.35714286e+001 0.00000000e+000 1.14880022e-005 2.05324087e-005 1.85852428e-005 1.79231152e-005 1.64412958e-005 1.59168412e-005 1.56807108e-005 1.37260852e-005 1.11030373e-005 
2.50000000e+000 2.05357143e+001 0.00000000e+000 2.75461628e-006 9.02740297e-006 1.00234183e-005 1.01470672e-005 1.02565002e-005 1.02102291e-005 1.01765546e-005 9.54119328e-006 8.27245544e-006 
2.50000000e+000 1.71428571e+001 0.00000000e+000 5.84845103e-007 3.75289451e-006 5.23221161e-006 5.59244294e-006 6.30290642e-006 6.47427421e-006 6.53789977e-006 6.62080617e-006 6.20267757e-006 
2.50000000e+000 1.33928571e+001 0.00000000e+000 1.11190090e-007 1.49142003e-006 2.67403296e-006 3.03598013e-006 3.86223857e-006 4.10769087e-006 4.20859674e-006 4.63883687e-006 4.72372544e-006 
2.50000000e+000 9.28571429e+000 0.00000000e+000 1.94303518e-008 5.86610961e-007 1.38929848e-006 1.68564474e-006 2.44574881e-006 2.69951745e-006 2.80859188e-006 3.38097854e-006 3.74281658e-006 
2.50000000e+000 4.82142857e+000 0.00000000e+000 3.48562396e-009 2.56802584e-007 8.09930730e-007 1.04830282e-006 1.71958294e-006 1.96224637e-006 2.06945539e-006 2.68808014e-006 3.18869150e-006 
2.50000000e+000 0.00000000e+000 0.00000000e+000 1.26079375e-009 1.70080666e-007 6.27736213e-007 8.39572247e-007 1.46174171e-006 1.69415341e-006 1.79794574e-006 2.41659664e-006 2.95250457e-006 
0.00000000e+000 3.50000000e+001 1.00000000e+001 2.11043883e-004 1.43968006e-004 9.13261443e-005 8.05676495e-005 6.15134290e-005 5.64342134e-005 5.43601391e-005 4.16760245e-005 2.95440908e-005 
0.00000000e+000 3.48214286e+001 1.00000000e+001 2.09268713e-004 1.42805410e-004 9.06151975e-005 7.99475849e-005 6.10533244e-005 5.60161502e-005 5.39590972e-005 4.13755361e-005 2.93334595e-005 
0.00000000e+000 3.42857143e+001 1.00000000e+001 2.04366360e-004 1.39594827e-004 8.86467081e-005 7.82302079e-005 5.97796547e-005 5.48593822e-005 5.28496712e-005 4.05455201e-005 2.87524554e-005 
0.00000000e+000 3.33928571e+001 1.00000000e+001 1.97002497e-004 1.34719483e-004 8.56365521e-005 7.56017577e-005 5.78305778e-005 5.30900530e-005 5.11531727e-005 3.92784551e-005 2.78668649e-005 
0.00000000e+000 3.21428571e+001 1.00000000e+001 1.87835648e-004 1.28621360e-004 8.18640927e-005 7.23097907e-005 5.53979554e-005 5.08849538e-005 4.90401731e-005 3.77060827e-005 2.67706552e-005 
0.00000000e+000 3.05357143e+001 1.00000000e+001 1.77508774e-004 1.21762022e-004 7.76358749e-005 6.86311631e-005 5.27036386e-005 4.84499719e-005 4.67098453e-005 3.59838866e-005 2.55748756e-005 
0.00000000e+000 2.85714286e+001 1.00000000e+001 1.66584542e-004 1.14513248e-004 7.32474692e-005 6.48405110e-005 4.99738979e-005 4.59955572e-005 4.43658363e-005 3.42703650e-005 2.43916660e-005 
0.00000000e+000 2.62500000e+001 1.00000000e+001 1.56975234e-004 1.08198839e-004 6.95405221e-005 6.16750773e-005 4.77588744e-005 4.40217722e-005 4.24878299e-005 3.29240002e-005 2.34708617e-005 
0.00000000e+000 2.35714286e+001 1.00000000e+001 1.50316422e-004 1.03736042e-004 6.70372152e-005 5.95852531e-005 4.63805778e-005 4.28170098e-005 4.13507616e-005 3.21440825e-005 2.29507293e-005 
0.00000000e+000 2.05357143e+001 1.00000000e+001 1.49026816e-004 1.02759859e-004 6.66956065e-005 5.93809189e-005 4.63938231e-005 4.28738930e-005 4.14229013e-005 3.22667715e-005 2.30646702e-005 
0.00000000e+000 1.71428571e+001 1.00000000e+001 1.52419928e-004 1.04978071e-004 6.83312063e-005 6.08959363e-005 4.76728750e-005 4.40790519e-005 4.25959776e-005 3.32134228e-005 2.37584629e-005 
0.00000000e+000 1.33928571e+001 1.00000000e+001 1.57909742e-004 1.08469397e-004 7.07304505e-005 6.30864559e-005 4.94822763e-005 4.57749881e-005 4.42432693e-005 3.45272446e-005 2.47114940e-005 
0.00000000e+000 9.28571429e+000 1.00000000e+001 1.63929690e-004 1.12274449e-004 7.34738214e-005 6.56186858e-005 5.15875937e-005 4.77442436e-005 4.61536473e-005 3.60352447e-005 2.57923180e-005 
0.00000000e+000 4.82142857e+000 1.00000000e+001 1.74692223e-004 1.19345937e-004 7.81028000e-005 6.97388980e-005 5.47711788e-005 5.06679836e-005 4.89701993e-005 3.81907671e-005 2.73251222e-005 
0.00000000e+000 0.00000000e+000 1.00000000e+001 1.77431403e-004 1.21177536e-004 7.93413439e-005 7.08503092e-005 5.56439530e-005 5.14732770e-005 4.97474939e-005 3.87927443e-005 2.77589597e-005 
2.50000000e-001 3.50000000e+001 1.00000000e+001 2.12289507e-004 1.38710239e-004 8.75264585e-005 7.71885563e-005 5.89711940e-005 5.41328571e-005 5.21587845e-005 4.00861676e-005 2.85199492e-005 
2.50000000e-001 3.48214286e+001 1.00000000e+001 2.10917140e-004 1.37611308e-004 8.68302927e-005 7.65771317e-005 5.85122463e-005 5.37147769e-005 5.17573404e-005 3.97840143e-005 2.83075095e-005 
2.50000000e-001 3.42857143e+001 1.00000000e+001 2.01206380e-004 1.32725309e-004 8.40812706e-005 7.42266786e-005 5.68367160e-005 5.22100955e-005 5.03210471e-005 3.87400311e-005 2.76003348e-005 
2.50000000e-001 3.33928571e+001 1.00000000e+001 1.92198384e-004 1.27007070e-004 8.06182346e-005 7.12173684e-005 5.46275784e-005 5.02109693e-005 4.84068407e-005 3.73237163e-005 2.66232371e-005 
2.50000000e-001 3.21428571e+001 1.00000000e+001 1.74638581e-004 1.17691112e-004 7.52836764e-005 6.66456885e-005 5.13667825e-005 4.72851589e-005 4.56153168e-005 3.53021336e-005 2.52594654e-005 
2.50000000e-001 3.05357143e+001 1.00000000e+001 1.51698229e-004 1.05825489e-004 6.86082208e-005 6.09595303e-005 4.73694845e-005 4.37152171e-005 4.22160428e-005 3.28706243e-005 2.36403744e-005 
2.50000000e-001 2.85714286e+001 1.00000000e+001 1.23737945e-004 9.13777351e-005 6.06340148e-005 5.42142271e-005 4.27054635e-005 3.95720783e-005 3.82800639e-005 3.00954478e-005 2.18207975e-005 
2.50000000e-001 2.62500000e+001 1.00000000e+001 9.06287112e-005 7.50290699e-005 5.19537168e-005 4.69579457e-005 3.78228053e-005 3.52722538e-005 3.42105028e-005 2.72930643e-005 2.00316825e-005 
2.50000000e-001 2.35714286e+001 1.00000000e+001 7.33971701e-005 6.57297459e-005 4.69350193e-005 4.27657692e-005 3.50239171e-005 3.28159827e-005 3.18893500e-005 2.57094378e-005 1.90267794e-005 
2.50000000e-001 2.05357143e+001 1.00000000e+001 6.30499477e-005 6.04832714e-005 4.43212006e-005 4.06506237e-005 3.37303115e-005 3.17178314e-005 3.08672658e-005 2.50843004e-005 1.86870668e-005 
2.50000000e-001 1.71428571e+001 1.00000000e+001 5.67732273e-005 5.80428652e-005 4.34734196e-005 4.00785630e-005 3.35844367e-005 3.16642534e-005 3.08481218e-005 2.52166717e-005 1.88856461e-005 
2.50000000e-001 1.33928571e+001 1.00000000e+001 5.30302963e-005 5.71471244e-005 4.35214564e-005 4.02841701e-005 3.40228238e-005 3.21452647e-005 3.13433162e-005 2.57395565e-005 1.93567955e-005 
2.50000000e-001 9.28571429e+000 1.00000000e+001 5.07224978e-005 5.69985302e-005 4.40683903e-005 4.09430381e-005 3.48162272e-005 3.29500263e-005 3.21489779e-005 2.64894468e-005 1.99770165e-005 
2.50000000e-001 4.82142857e+000 1.00000000e+001 5.11829412e-005 5.91576311e-005 4.60825047e-005 4.28723386e-005 3.65245599e-005 3.45782032e-005 3.37416057e-005 2.78210267e-005 2.10110736e-005 
2.50000000e-001 0.00000000e+000 1.00000000e+001 5.09093608e-005 5.95125082e-005 4.65154905e-005 4.33044594e-005 3.69337813e-005 3.49747961e-005 3.41321606e-005 2.81601285e-005 2.12843032e-005 
5.00000000e-001 3.50000000e+001 1.00000000e+001 2.61765712e-004 1.48446803e-004 9.01861798e-005 7.89051844e-005 5.94336344e-005 5.43627655e-005 5.23063004e-005 3.99065072e-005 2.82382151e-005 
5.00000000e-001 3.48214286e+001 1.00000000e+001 2.62657699e-004 1.47700802e-004 8.96042992e-005 7.83769289e-005 5.90157071e-005 5.39774037e-005 5.19345204e-005 3.96197582e-005 2.80325066e-005 
5.00000000e-001 3.42857143e+001 1.00000000e+001 2.42532316e-004 1.40474603e-004 8.59040010e-005 7.52779368e-005 5.68909473e-005 5.20894450e-005 5.01402379e-005 3.83486325e-005 2.71947161e-005 
5.00000000e-001 3.33928571e+001 1.00000000e+001 2.33240941e-004 1.34361057e-004 8.21911708e-005 7.20499664e-005 5.45196993e-005 4.99435820e-005 4.80856067e-005 3.68301866e-005 2.61512979e-005 
5.00000000e-001 3.21428571e+001 1.00000000e+001 2.02406826e-004 1.21486020e-004 7.52848674e-005 6.62143293e-005 5.04655809e-005 4.63321151e-005 4.46502216e-005 3.43871985e-005 2.45377636e-005 
5.00000000e-001 3.05357143e+001 1.00000000e+001 1.62779139e-004 1.04582080e-004 6.62981647e-005 5.86536097e-005 4.52718957e-005 4.17233017e-005 4.02735242e-005 3.13090659e-005 2.25318917e-005 
5.00000000e-001 2.85714286e+001 1.00000000e+001 1.19270615e-004 8.41824454e-005 5.53683472e-005 4.94664387e-005 3.89929541e-005 3.61642524e-005 3.50001421e-005 2.76296585e-005 2.01608086e-005 
5.00000000e-001 2.62500000e+001 1.00000000e+001 6.91685366e-005 5.98226725e-005 4.25333560e-005 3.87524192e-005 3.17995581e-005 2.98348204e-005 2.90124296e-005 2.35292707e-005 1.75830773e-005 
5.00000000e-001 2.35714286e+001 1.00000000e+001 4.71993812e-005 4.73126868e-005 3.56266395e-005 3.29377590e-005 2.78443239e-005 2.63448223e-005 2.57073567e-005 2.12547425e-005 1.61481185e-005 
5.00000000e-001 2.05357143e+001 1.00000000e+001 3.42343703e-005 3.96271223e-005 3.14586714e-005 2.94634891e-005 2.55506515e-005 2.43452416e-005 2.38244356e-005 2.00142970e-005 1.54194946e-005 
5.00000000e-001 1.71428571e+001 1.00000000e+001 2.59285267e-005 3.48018224e-005 2.90331432e-005 2.75029722e-005 2.43720788e-005 2.33581945e-005 2.29128227e-005 1.95041814e-005 1.52079590e-005 
5.00000000e-001 1.33928571e+001 1.00000000e+001 2.05239698e-005 3.17281449e-005 2.76135721e-005 2.64088649e-005 2.38298771e-005 2.29494749e-005 2.25561191e-005 1.94095275e-005 1.52832707e-005 
5.00000000e-001 9.28571429e+000 1.00000000e+001 1.69432564e-005 2.97141065e-005 2.68363870e-005 2.58799448e-005 2.37106034e-005 2.29236822e-005 2.25657938e-005 1.95807031e-005 1.55322266e-005 
5.00000000e-001 4.82142857e+000 1.00000000e+001 1.53295127e-005 2.95373139e-005 2.73019627e-005 2.64484778e-005 2.44159556e-005 2.36488586e-005 2.32965754e-005 2.02970868e-005 1.61725602e-005 
5.00000000e-001 0.00000000e+000 1.00000000e+001 1.46090506e-005 2.92289421e-005 2.72713280e-005 2.64686965e-005 2.45152255e-005 2.37648018e-005 2.34186424e-005 2.04419656e-005 1.63199328e-005 
7.50000000e-001 3.50000000e+001 1.00000000e+001 3.53725471e-004 1.66918001e-004 9.65813399e-005 8.36065740e-005 6.17327238e-005 5.61653907e-005 5.39239085e-005 4.06531940e-005 2.84722134e-005 
7.50000000e-001 3.48214286e+001 1.00000000e+001 3.62405309e-004 1.66972665e-004 9.62348674e-005 8.32474463e-005 6.13975284e-005 5.58461838e-005 5.36122147e-005 4.03983275e-005 2.82812216e-005 
7.50000000e-001 3.42857143e+001 1.00000000e+001 3.16985093e-004 1.55974193e-004 9.12134976e-005 7.91461327e-005 5.87134545e-005 5.34907173e-005 5.13849460e-005 3.88653164e-005 2.72992157e-005 
7.50000000e-001 3.33928571e+001 1.00000000e+001 3.09568213e-004 1.49671546e-004 8.73413998e-005 7.57738906e-005 5.62290823e-005 5.12409477e-005 4.92302772e-005 3.72715322e-005 2.62051702e-005 
7.50000000e-001 3.21428571e+001 1.00000000e+001 2.52346545e-004 1.31887354e-004 7.85419427e-005 6.84640133e-005 5.13051908e-005 4.68901832e-005 4.51053258e-005 3.43933777e-005 2.43412094e-005 
7.50000000e-001 3.05357143e+001 1.00000000e+001 1.84270321e-004 1.08702503e-004 6.69775588e-005 5.88654807e-005 4.48718111e-005 4.12182855e-005 3.97334132e-005 3.06739086e-005 2.19592576e-005 
7.50000000e-001 2.85714286e+001 1.00000000e+001 1.21582104e-004 8.22997876e-005 5.32412778e-005 4.73874922e-005 3.71073191e-005 3.43622453e-005 3.32368402e-005 2.61725553e-005 1.90872018e-005 
7.50000000e-001 2.62500000e+001 1.00000000e+001 5.73250623e-005 5.11695455e-005 3.68244817e-005 3.36732380e-005 2.78781694e-005 2.62358078e-005 2.55471373e-005 2.09046767e-005 1.57894842e-005 
7.50000000e-001 2.35714286e+001 1.00000000e+001 3.35202034e-005 3.66683362e-005 2.85760188e-005 2.66684044e-005 2.30205295e-005 2.19250605e-005 2.14552937e-005 1.80548828e-005 1.39826575e-005 
7.50000000e-001 2.05357143e+001 1.00000000e+001 2.07348104e-005 2.78672466e-005 2.34646420e-005 2.23214533e-005 2.00160410e-005 1.92674568e-005 1.89371606e-005 1.63324770e-005 1.29326787e-005 
7.50000000e-001 1.71428571e+001 1.00000000e+001 1.32147653e-005 2.21714061e-005 2.01796796e-005 1.95480495e-005 1.81513949e-005 1.76397775e-005 1.74049822e-005 1.53423294e-005 1.23945307e-005 
7.50000000e-001 1.33928571e+001 1.00000000e+001 8.72606418e-006 1.84041199e-005 1.80046722e-005 1.77275159e-005 1.69777961e-005 1.66372629e-005 1.64714956e-005 1.47953836e-005 1.21590114e-005 
7.50000000e-001 9.28571429e+000 1.00000000e+001 6.01962233e-006 1.58712046e-005 1.65791389e-005 1.65616547e-005 1.62885000e-005 1.60726107e-005 1.59568010e-005 1.45522318e-005 1.21217573e-005 
7.50000000e-001 4.82142857e+000 1.00000000e+001 4.68708594e-006 1.48529401e-005 1.62409906e-005 1.63728741e-005 1.63609041e-005 1.62086901e-005 1.61176842e-005 1.48298000e-005 1.24609509e-005 
7.50000000e-001 0.00000000e+000 1.00000000e+001 4.19278978e-006 1.43561030e-005 1.59891568e-005 1.61786217e-005 1.62725016e-005 1.61480031e-005 1.60681173e-005 1.48393390e-005 1.25135338e-005 
1.00000000e+000 3.50000000e+001 1.00000000e+001 5.15525738e-004 1.93781286e-004 1.05918241e-004 9.05757515e-005 6.53627253e-005 5.91002798e-005 5.65980924e-005 4.20669722e-005 2.90855169e-005 
1.00000000e+000 3.48214286e+001 1.00000000e+001 5.48901356e-004 1.95479038e-004 1.05991658e-004 9.05095389e-005 6.51636977e-005 5.88886355e-005 5.63836360e-005 4.18625814e-005 2.89176503e-005 
1.00000000e+000 3.42857143e+001 1.00000000e+001 4.41711215e-004 1.78238496e-004 9.90607058e-005 8.50071936e-005 6.17499203e-005 5.59354240e-005 5.36074134e-005 4.00135840e-005 2.77698013e-005 
1.00000000e+000 3.33928571e+001 1.00000000e+001 4.43637286e-004 1.72028998e-004 9.50952595e-005 8.15391187e-005 5.91806597e-005 5.36062178e-005 5.13757690e-005 3.83602099e-005 2.66350060e-005 
1.00000000e+000 3.21428571e+001 1.00000000e+001 3.32685598e-004 1.47051348e-004 8.38399669e-005 7.23748347e-005 5.32298186e-005 4.83984303e-005 4.64575196e-005 3.50029220e-005 2.45062189e-005 
1.00000000e+000 3.05357143e+001 1.00000000e+001 2.14172433e-004 1.15461711e-004 6.91694505e-005 6.03841331e-005 4.54162181e-005 4.15606302e-005 4.00008959e-005 3.06085506e-005 2.17406193e-005 
1.00000000e+000 2.85714286e+001 1.00000000e+001 1.25969661e-004 8.24279287e-005 5.25383370e-005 4.65811533e-005 3.61897628e-005 3.34385342e-005 3.23141871e-005 2.53209693e-005 1.83952439e-005 
1.00000000e+000 2.62500000e+001 1.00000000e+001 4.89614990e-005 4.52915260e-005 3.29312051e-005 3.01881722e-005 2.51299720e-005 2.36917193e-005 2.30878779e-005 1.89900369e-005 1.44349818e-005 
1.00000000e+000 2.35714286e+001 1.00000000e+001 2.47694033e-005 2.95904051e-005 2.37459696e-005 2.23249904e-005 1.95793392e-005 1.87395655e-005 1.83767323e-005 1.56683511e-005 1.23109740e-005 
1.00000000e+000 2.05357143e+001 1.00000000e+001 1.31771231e-005 2.04677678e-005 1.81275420e-005 1.74677359e-005 1.60980135e-005 1.56254427e-005 1.54119638e-005 1.35817154e-005 1.10024723e-005 
1.00000000e+000 1.71428571e+001 1.00000000e+001 7.11803832e-006 1.47334594e-005 1.44704557e-005 1.42907872e-005 1.38170752e-005 1.35907531e-005 1.34783508e-005 1.22501843e-005 1.02128538e-005 
1.00000000e+000 1.33928571e+001 1.00000000e+001 3.92655865e-006 1.10506086e-005 1.20166180e-005 1.21479120e-005 1.22830884e-005 1.22301329e-005 1.21895101e-005 1.13920667e-005 9.74318311e-006 
1.00000000e+000 9.28571429e+000 1.00000000e+001 2.23915962e-006 8.66146211e-006 1.03795181e-005 1.07213518e-005 1.12826024e-005 1.13529390e-005 1.13634981e-005 1.08716672e-005 9.49475827e-006 
1.00000000e+000 4.82142857e+000 1.00000000e+001 1.46036634e-006 7.52021080e-006 9.69961848e-006 1.01700236e-005 1.09893287e-005 1.11327845e-005 1.11734327e-005 1.08510509e-005 9.61086136e-006 
1.00000000e+000 0.00000000e+000 1.00000000e+001 1.20348445e-006 7.05145241e-006 9.37465727e-006 9.88916213e-006 1.08013750e-005 1.09725877e-005 1.10248733e-005 1.07723471e-005 9.59498381e-006 
1.25000000e+000 3.50000000e+001 1.00000000e+001 8.03373025e-004 2.31051990e-004 1.18242095e-004 9.97285101e-005 7.01515343e-005 6.29967559e-005 6.01610459e-005 4.40178106e-005 2.99984075e-005 
1.25000000e+000 3.48214286e+001 1.00000000e+001 9.11168271e-004 2.36005461e-004 1.19034013e-004 1.00146819e-004 7.01636757e-005 6.29490576e-005 6.00937649e-005 4.38870106e-005 2.98633309e-005 
1.25000000e+000 3.42857143e+001 1.00000000e+001 6.52084084e-004 2.08401637e-004 1.09314878e-004 9.26615853e-005 6.57809163e-005 5.92168169e-005 5.66077044e-005 4.16480805e-005 2.85202296e-005 
1.25000000e+000 3.33928571e+001 1.00000000e+001 6.85780102e-004 2.02889777e-004 1.05349713e-004 8.91560616e-005 6.31506031e-005 5.68270916e-005 5.43163474e-005 3.99455438e-005 2.73511591e-005 
1.25000000e+000 3.21428571e+001 1.00000000e+001 4.64061092e-004 1.67211002e-004 9.08235760e-005 7.75892483e-005 5.59436967e-005 5.05888774e-005 4.84511413e-005 3.60403056e-005 2.49320750e-005 
1.25000000e+000 3.05357143e+001 1.00000000e+001 2.54605103e-004 1.24114592e-004 7.22871634e-005 6.26915130e-005 4.65339102e-005 4.24223071e-005 4.07658282e-005 3.09084612e-005 2.17615351e-005 
1.25000000e+000 2.85714286e+001 1.00000000e+001 1.31485242e-004 8.34566534e-005 5.25342590e-005 4.64210671e-005 3.58053718e-005 3.30113367e-005 3.18721232e-005 2.48403534e-005 1.79548755e-005 
1.25000000e+000 2.62500000e+001 1.00000000e+001 4.24536679e-005 4.08104337e-005 3.00096043e-005 2.75780727e-005 2.30678525e-005 2.17778006e-005 2.12351596e-005 1.75291186e-005 1.33795420e-005 
1.25000000e+000 2.35714286e+001 1.00000000e+001 1.86785254e-005 2.44270563e-005 2.01783741e-005 1.91014044e-005 1.69884090e-005 1.63275008e-005 1.60395540e-005 1.38228738e-005 1.09869022e-005 
1.25000000e+000 2.05357143e+001 1.00000000e+001 8.58479289e-006 1.54362238e-005 1.43467398e-005 1.39878505e-005 1.32080563e-005 1.29135900e-005 1.27762519e-005 1.14698366e-005 9.47504619e-006 
1.25000000e+000 1.71428571e+001 1.00000000e+001 3.95026071e-006 1.00731345e-005 1.06236563e-005 1.06781615e-005 1.07077262e-005 1.06470620e-005 1.06073415e-005 9.90888318e-006 8.49833144e-006 
1.25000000e+000 1.33928571e+001 1.00000000e+001 1.82791439e-006 6.81162520e-006 8.17706835e-006 8.47125103e-006 9.00758885e-006 9.10246916e-006 9.12877928e-006 8.85273000e-006 7.86003613e-006 
1.25000000e+000 9.28571429e+000 1.00000000e+001 8.60623820e-007 4.81504467e-006 6.57720775e-006 7.01449551e-006 7.87604439e-006 8.07552035e-006 8.14675442e-006 8.16269000e-006 7.46344147e-006 
1.25000000e+000 4.82142857e+000 1.00000000e+001 4.62701048e-007 3.83260563e-006 5.81532497e-006 6.33807327e-006 7.39856403e-006 7.66237428e-006 7.76123420e-006 7.95125769e-006 7.42007613e-006 
1.25000000e+000 0.00000000e+000 1.00000000e+001 3.45488600e-007 3.46369031e-006 5.49662061e-006 6.04486289e-006 7.16984962e-006 7.45598271e-006 7.56462750e-006 7.82005826e-006 7.35717672e-006 
1.50000000e+000 3.50000000e+001 1.00000000e+001 1.32490055e-003 2.82365143e-004 1.34043527e-004 1.11312514e-004 7.61071005e-005 6.78325049e-005 6.45813071e-005 4.64520643e-005 3.11673092e-005 
1.50000000e+000 3.48214286e+001 1.00000000e+001 1.64908165e-003 2.93623266e-004 1.36040692e-004 1.12516071e-004 7.64389159e-005 6.80282840e-005 6.47308819e-005 4.64250085e-005 3.10767470e-005 
1.50000000e+000 3.42857143e+001 1.00000000e+001 1.01259198e-003 2.48801841e-004 1.22242605e-004 1.02216097e-004 7.07617140e-005 6.32735622e-005 6.03200193e-005 4.36998905e-005 2.95008065e-005 
1.50000000e+000 3.33928571e+001 1.00000000e+001 1.13908951e-003 2.45250805e-004 1.18446544e-004 9.87710174e-005 6.81013968e-005 6.08455453e-005 5.79883220e-005 4.19571421e-005 2.83021878e-005 
1.50000000e+000 3.21428571e+001 1.00000000e+001 6.85670447e-004 1.93570102e-004 9.95235465e-005 8.40566651e-005 5.93337617e-005 5.33469041e-005 5.09724283e-005 3.74119930e-005 2.55575913e-005 
1.50000000e+000 3.05357143e+001 1.00000000e+001 3.09655223e-004 1.34570973e-004 7.61086121e-005 6.55709176e-005 4.80420381e-005 4.36347995e-005 4.18661296e-005 3.14558599e-005 2.19497238e-005 
1.50000000e+000 2.85714286e+001 1.00000000e+001 1.37897461e-004 8.49744878e-005 5.29075312e-005 4.66154255e-005 3.57286938e-005 3.28762504e-005 3.17152291e-005 2.45925542e-005 1.76828276e-005 
1.50000000e+000 2.62500000e+001 1.00000000e+001 3.71550139e-005 3.71562337e-005 2.76617195e-005 2.54894876e-005 2.14290709e-005 2.02582268e-005 1.97644377e-005 1.63667261e-005 1.25315303e-005 
1.50000000e+000 2.35714286e+001 1.00000000e+001 1.42638450e-005 2.04434085e-005 1.73954226e-005 1.65804672e-005 1.49480381e-005 1.44224868e-005 1.41911526e-005 1.23479840e-005 9.91215440e-006 
1.50000000e+000 2.05357143e+001 1.00000000e+001 5.67826452e-006 1.18374574e-005 1.15442430e-005 1.13845120e-005 1.10000710e-005 1.08272143e-005 1.07422625e-005 9.80732637e-006 8.24384581e-006 
1.50000000e+000 1.71428571e+001 1.00000000e+001 2.23221205e-006 7.02036026e-006 7.93697236e-006 8.11268389e-006 8.41840487e-006 8.45524312e-006 8.45934601e-006 8.10430254e-006 7.13348206e-006 
1.50000000e+000 1.33928571e+001 1.00000000e+001 8.69219531e-007 4.28160792e-006 5.65276614e-006 5.99379789e-006 6.68342169e-006 6.84859109e-006 6.90867361e-006 6.93695696e-006 6.38052943e-006 
1.50000000e+000 9.28571429e+000 1.00000000e+001 3.38474147e-007 2.71871681e-006 4.21307758e-006 4.63353663e-006 5.53780815e-006 5.78196409e-006 5.87735417e-006 6.15794045e-006 5.88674940e-006 
1.50000000e+000 4.82142857e+000 1.00000000e+001 1.48758314e-007 1.96542244e-006 3.49958418e-006 3.96269242e-006 4.99246679e-006 5.28456988e-006 5.40156609e-006 5.83470282e-006 5.73435975e-006 
1.50000000e+000 0.00000000e+000 1.00000000e+001 9.91933026e-008 1.70144498e-006 3.22289842e-006 3.69506742e-006 4.75934636e-006 5.06647971e-006 5.19047134e-006 5.67692953e-006 5.64132076e-006 
1.75000000e+000 3.50000000e+001 1.00000000e+001 2.28789775e-003 3.53157875e-004 1.54139086e-004 1.25798750e-004 8.33474617e-005 7.36752198e-005 6.99100649e-005 4.93633443e-005 3.25721916e-005 
1.75000000e+000 3.48214286e+001 1.00000000e+001 3.22561302e-003 3.76403666e-004 1.58130012e-004 1.28258157e-004 8.41568807e-005 7.42277123e-005 7.03747776e-005 4.94801616e-005 3.25407838e-005 
1.75000000e+000 3.42857143e+001 1.00000000e+001 1.64102351e-003 3.02932804e-004 1.38362749e-004 1.13960552e-004 7.67474728e-005 6.81278913e-005 6.47559558e-005 4.61461321e-005 3.06853248e-005 
1.75000000e+000 3.33928571e+001 1.00000000e+001 2.01705886e-003 3.03813369e-004 1.35038913e-004 1.10746788e-004 7.41060749e-005 6.56948064e-005 6.24121088e-005 4.43735927e-005 2.94613535e-005 
1.75000000e+000 3.21428571e+001 1.00000000e+001 1.07156705e-003 2.28113400e-004 1.10182855e-004 9.18901475e-005 6.33854893e-005 5.66420358e-005 5.39861437e-005 3.90727527e-005 2.63467108e-005 
1.75000000e+000 3.05357143e+001 1.00000000e+001 3.85709333e-004 1.47005798e-004 8.05697450e-005 6.89422053e-005 4.98526775e-005 4.51127164e-005 4.32179861e-005 3.21829441e-005 2.22594268e-005 
1.75000000e+000 2.85714286e+001 1.00000000e+001 1.45176613e-004 8.68124827e-005 5.35076342e-005 4.70221114e-005 3.58396107e-005 3.29212445e-005 3.17350931e-005 2.44950247e-005 1.75253154e-005 
1.75000000e+000 2.62500000e+001 1.00000000e+001 3.27282665e-005 3.40571947e-005 2.56862954e-005 2.37386811e-005 2.00670497e-005 1.89982634e-005 1.85460876e-005 1.54072369e-005 1.18303533e-005 
1.75000000e+000 2.35714286e+001 1.00000000e+001 1.09884149e-005 1.72646977e-005 1.51415928e-005 1.45337348e-005 1.32835779e-005 1.28659508e-005 1.26797514e-005 1.11350445e-005 9.01991857e-006 
1.75000000e+000 2.05357143e+001 1.00000000e+001 3.79495771e-006 9.17921671e-006 9.39723602e-006 9.37328764e-006 9.26393987e-006 9.17761547e-006 9.13022703e-006 8.46916316e-006 7.23428381e-006 
1.75000000e+000 1.71428571e+001 1.00000000e+001 1.27676724e-006 4.95807183e-006 6.00699804e-006 6.24174694e-006 6.69475560e-006 6.78882293e-006 6.81942775e-006 6.69060117e-006 6.03369208e-006 
1.75000000e+000 1.33928571e+001 1.00000000e+001 4.19240088e-007 2.73067969e-006 3.95753441e-006 4.29169822e-006 5.00888642e-006 5.20143476e-006 5.27641718e-006 5.47644236e-006 5.20929899e-006 
1.75000000e+000 9.28571429e+000 1.00000000e+001 1.35302578e-007 1.55497698e-006 2.72457666e-006 3.08717440e-006 3.91965554e-006 4.16499650e-006 4.26492767e-006 4.66647788e-006 4.65835435e-006 
1.75000000e+000 4.82142857e+000 1.00000000e+001 4.84283303e-008 1.01380110e-006 2.11359326e-006 2.48528262e-006 3.37637530e-006 3.65193855e-006 3.76648130e-006 4.28756546e-006 4.43595433e-006 
1.75000000e+000 0.00000000e+000 1.00000000e+001 2.84830117e-008 8.35824430e-007 1.88976557e-006 2.25874501e-006 3.15929968e-006 3.44281188e-006 3.56148687e-006 4.12117325e-006 4.32566675e-006 
2.00000000e+000 3.50000000e+001 1.00000000e+001 4.09881902e-003 4.51307922e-004 1.79668926e-004 1.43857862e-004 9.20715862e-005 8.06561068e-005 7.62560145e-005 5.27767020e-005 3.42088886e-005 
2.00000000e+000 3.48214286e+001 1.00000000e+001 6.74534962e-003 4.97007339e-004 1.86920394e-004 1.48304582e-004 9.35879742e-005 8.17264793e-005 7.71745571e-005 5.30911422e-005 3.42551687e-005 
2.00000000e+000 3.42857143e+001 1.00000000e+001 2.75493214e-003 3.75742314e-004 1.58413928e-004 1.28328025e-004 8.38596493e-005 7.38560665e-005 6.99767703e-005 4.89931566e-005 3.20630401e-005 
2.00000000e+000 3.33928571e+001 1.00000000e+001 3.76854079e-003 3.85653253e-004 1.56083442e-004 1.25634038e-004 8.13160047e-005 7.14703198e-005 6.76647501e-005 4.72053634e-005 3.08183632e-005 
2.00000000e+000 3.21428571e+001 1.00000000e+001 1.76336753e-003 2.73749006e-004 1.23202655e-004 1.01312955e-004 6.81435459e-005 6.04939216e-005 5.75037991e-005 4.10068238e-005 2.72796088e-005 
2.00000000e+000 3.05357143e+001 1.00000000e+001 4.92554984e-004 1.61746458e-004 8.56820387e-005 7.27914176e-005 5.19272378e-005 4.68150595e-005 4.47798866e-005 3.30510693e-005 2.26616882e-005 
2.00000000e+000 2.85714286e+001 1.00000000e+001 1.53376356e-004 8.88952077e-005 5.42598650e-005 4.75684469e-005 3.60721052e-005 3.30832564e-005 3.18700526e-005 2.44976354e-005 1.74472520e-005 
2.00000000e+000 2.62500000e+001 1.00000000e+001 2.89677859e-005 3.13648313e-005 2.39732496e-005 2.22238073e-005 1.88967288e-005 1.79183094e-005 1.75029068e-005 1.45905506e-005 1.12354646e-005 
2.00000000e+000 2.35714286e+001 1.00000000e+001 8.52062593e-006 1.46740402e-005 1.32693671e-005 1.28279219e-005 1.18891181e-005 1.15602267e-005 1.14112095e-005 1.01133887e-005 8.26421469e-006 
2.00000000e+000 2.05357143e+001 1.00000000e+001 2.55578349e-006 7.17412427e-006 7.71328762e-006 7.78232989e-006 7.86747639e-006 7.84427458e-006 7.82455324e-006 7.37128292e-006 6.39353217e-006 
2.00000000e+000 1.71428571e+001 1.00000000e+001 7.36728063e-007 3.53497754e-006 4.59051532e-006 4.84851291e-006 5.37253957e-006 5.49915137e-006 5.54549899e-006 5.56689696e-006 5.13741796e-006 
2.00000000e+000 1.33928571e+001 1.00000000e+001 2.04256356e-007 1.76059246e-006 2.79886479e-006 3.10288981e-006 3.78591762e-006 3.98238948e-006 4.06161345e-006 4.35212516e-006 4.27538366e-006 
2.00000000e+000 9.28571429e+000 1.00000000e+001 5.47269922e-008 8.98829765e-007 1.77670617e-006 2.07261253e-006 2.79116491e-006 3.01700643e-006 3.11155686e-006 3.55120744e-006 3.69781905e-006 
2.00000000e+000 4.82142857e+000 1.00000000e+001 1.59340846e-008 5.25791798e-007 1.28092322e-006 1.56337732e-006 2.28837877e-006 2.52862026e-006 2.63123594e-006 3.15501231e-006 3.43486156e-006 
2.00000000e+000 0.00000000e+000 1.00000000e+001 8.17982347e-009 4.10610855e-007 1.10810182e-006 1.38076874e-006 2.09720347e-006 2.33951501e-006 2.44377482e-006 2.99179678e-006 3.31686639e-006 
2.25000000e+000 3.50000000e+001 1.00000000e+001 7.56264706e-003 5.88188193e-004 2.12155780e-004 1.66379007e-004 1.02551026e-004 8.89600080e-005 8.37752659e-005 5.67403888e-005 3.60844671e-005 
2.25000000e+000 3.48214286e+001 1.00000000e+001 1.49081048e-002 6.75428723e-004 2.24687084e-004 1.73942005e-004 1.05105973e-004 9.07768285e-005 8.53427507e-005 5.73244805e-005 3.62320284e-005 
2.25000000e+000 3.42857143e+001 1.00000000e+001 4.76063458e-003 4.74172106e-004 1.83374076e-004 1.45893710e-004 9.22728597e-005 8.05753784e-005 7.60806747e-005 5.22674325e-005 3.36337618e-005 
2.25000000e+000 3.33928571e+001 1.00000000e+001 7.34915901e-003 5.01379314e-004 1.82898978e-004 1.44188470e-004 8.99509157e-005 7.83184630e-005 7.38685094e-005 5.04857839e-005 3.23743638e-005 
2.25000000e+000 3.21428571e+001 1.00000000e+001 3.03511848e-003 3.34646410e-004 1.39140819e-004 1.12645322e-004 7.36944453e-005 6.49561822e-005 6.15681564e-005 4.32174537e-005 2.83471972e-005 
2.25000000e+000 3.05357143e+001 1.00000000e+001 6.45245183e-004 1.79249080e-004 9.14993596e-005 7.71403988e-005 5.42539834e-005 4.87253992e-005 4.65339264e-005 3.40388883e-005 2.31382890e-005 
2.25000000e+000 2.85714286e+001 1.00000000e+001 1.62599414e-004 9.11878349e-005 5.51250321e-005 4.82153888e-005 3.63886514e-005 3.33257352e-005 3.20840598e-005 2.45693874e-005 1.74254947e-005 
2.25000000e+000 2.62500000e+001 1.00000000e+001 2.57357060e-005 2.89882092e-005 2.24573314e-005 2.08844225e-005 1.78665200e-005 1.69695229e-005 1.65872603e-005 1.38780273e-005 1.07193642e-005 
2.25000000e+000 2.35714286e+001 1.00000000e+001 6.64085534e-006 1.25325216e-005 1.16868355e-005 1.13799740e-005 1.06975546e-005 1.04428385e-005 1.03250242e-005 9.23597262e-006 7.61295606e-006 
2.25000000e+000 2.05357143e+001 1.00000000e+001 1.73148831e-006 5.64002079e-006 6.37021434e-006 6.50192271e-006 6.72429805e-006 6.74761686e-006 6.74855068e-006 6.45596004e-006 5.68368477e-006 
2.25000000e+000 1.71428571e+001 1.00000000e+001 4.27981412e-007 2.53819261e-006 3.53391624e-006 3.79409666e-006 4.34262607e-006 4.48616204e-006 4.54135736e-006 4.66224368e-006 4.39942015e-006 
2.25000000e+000 1.33928571e+001 1.00000000e+001 1.00270039e-007 1.14456869e-006 1.99549278e-006 2.26111629e-006 2.88209563e-006 3.07005471e-006 3.14762268e-006 3.47886141e-006 3.52560111e-006 
2.25000000e+000 9.28571429e+000 1.00000000e+001 2.23309150e-008 5.24065868e-007 1.16698938e-006 1.40082884e-006 1.99849609e-006 2.19659638e-006 2.28131294e-006 2.71315931e-006 2.94406891e-006 
2.25000000e+000 4.82142857e+000 1.00000000e+001 5.28974612e-009 2.74072123e-007 7.78846409e-007 9.86282744e-007 1.55424180e-006 1.75415174e-006 1.84149543e-006 2.32475838e-006 2.66222913e-006 
2.25000000e+000 0.00000000e+000 1.00000000e+001 2.34939453e-009 2.01726949e-007 6.49773195e-007 8.44079906e-007 1.39218365e-006 1.58980524e-006 1.67685805e-006 2.17193663e-006 2.54334659e-006 
2.50000000e+000 3.50000000e+001 1.00000000e+001 1.42913699e-002 7.80262517e-004 2.53608875e-004 1.94515837e-004 1.15133158e-004 9.88247466e-005 9.26696258e-005 6.13220175e-005 3.82145037e-005 
2.50000000e+000 3.48214286e+001 1.00000000e+001 3.44392066e-002 9.43583277e-004 2.74617021e-004 2.06926568e-004 1.19203668e-004 1.01710757e-004 9.51594148e-005 6.22720957e-005 3.84934215e-005 
2.50000000e+000 3.42857143e+001 1.00000000e+001 8.42467547e-003 6.07968123e-004 2.14511135e-004 1.67394864e-004 1.02212453e-004 8.84399234e-005 8.31981856e-005 5.60108306e-005 3.54048838e-005 
2.50000000e+000 3.33928571e+001 1.00000000e+001 1.48137495e-002 6.66960387e-004 2.17275877e-004 1.67417888e-004 1.00301391e-004 8.64351482e-005 8.11884334e-005 5.42667290e-005 3.41389741e-005 
2.50000000e+000 3.21428571e+001 1.00000000e+001 5.42239387e-003 4.16774281e-004 1.58738678e-004 1.26311577e-004 8.01604369e-005 7.01095844e-005 6.62463203e-005 4.57212029e-005 2.95477434e-005 
2.50000000e+000 3.05357143e+001 1.00000000e+001 8.67096863e-004 2.00108596e-004 9.81051627e-005 8.20337836e-005 5.68368603e-005 5.08416411e-005 4.84760068e-005 3.51355486e-005 2.36779459e-005 
2.50000000e+000 2.85714286e+001 1.00000000e+001 1.72987420e-004 9.36754481e-005 5.60816460e-005 4.89410165e-005 3.67671727e-005 3.36268393e-005 3.23554232e-005 2.46907322e-005 1.74445929e-005 
2.50000000e+000 2.62500000e+001 1.00000000e+001 2.29335764e-005 2.68665919e-005 2.10968439e-005 1.96821637e-005 1.69436310e-005 1.61206838e-005 1.57686046e-005 1.32441903e-005 1.02631174e-005 
2.50000000e+000 2.35714286e+001 1.00000000e+001 5.19713933e-006 1.07443231e-005 1.03326345e-005 1.01347779e-005 9.66438243e-006 9.47217992e-006 9.38080699e-006 8.47067061e-006 7.04340258e-006 
2.50000000e+000 2.05357143e+001 1.00000000e+001 1.17864783e-006 4.45429042e-006 5.28594021e-006 5.45830613e-006 5.77573438e-006 5.83326541e-006 5.84965363e-006 5.68265070e-006 5.07715500e-006 
2.50000000e+000 1.71428571e+001 1.00000000e+001 2.49956655e-007 1.83242501e-006 2.73605116e-006 2.98609556e-006 3.53040286e-006 3.68074948e-006 3.74026433e-006 3.92587843e-006 3.78606886e-006 
2.50000000e+000 1.33928571e+001 1.00000000e+001 4.95143255e-008 7.48886760e-007 1.43198494e-006 1.65829723e-006 2.20727941e-006 2.38057142e-006 2.45336473e-006 2.79508316e-006 2.91979723e-006 
2.50000000e+000 9.28571429e+000 1.00000000e+001 9.17352605e-009 3.07726379e-007 7.71295947e-007 9.52351415e-007 1.43801947e-006 1.60669565e-006 1.68013136e-006 2.08049398e-006 2.35055816e-006 
2.50000000e+000 4.82142857e+000 1.00000000e+001 1.76928724e-009 1.43526708e-007 4.75045648e-007 6.23926205e-007 1.05777384e-006 1.21912902e-006 1.29105877e-006 1.71525378e-006 2.06532856e-006 
2.50000000e+000 0.00000000e+000 1.00000000e+001 6.74872146e-010 9.91095395e-008 3.81025699e-007 5.16006321e-007 9.24184524e-007 1.08035763e-006 1.15063262e-006 1.57676163e-006 1.95022969e-006 
0.00000000e+000 3.50000000e+001 2.00000000e+001 2.49457102e-004 1.68021621e-004 1.05775948e-004 9.30610283e-005 7.05270980e-005 6.45305662e-005 6.20860700e-005 4.72717794e-005 3.33724614e-005 
0.00000000e+000 3.48214286e+001 2.00000000e+001 2.47481948e-004 1.66727441e-004 1.04969105e-004 9.23531538e-005 6.99941972e-005 6.40440385e-005 6.16184039e-005 4.69174878e-005 3.31228035e-005 
0.00000000e+000 3.42857143e+001 2.00000000e+001 2.41495452e-004 1.62802993e-004 1.02520953e-004 9.02048710e-005 6.83762483e-005 6.25667022e-005 6.01982768e-005 4.58413472e-005 3.23642054e-005 
0.00000000e+000 3.33928571e+001 2.00000000e+001 2.31945720e-004 1.56536065e-004 9.86121662e-005 8.67752953e-005 6.57945045e-005 6.02098253e-005 5.79328867e-005 4.41257398e-005 3.11553204e-005 
0.00000000e+000 3.21428571e+001 2.00000000e+001 2.19663987e-004 1.48494763e-004 9.36035362e-005 8.23827965e-005 6.24922954e-005 5.71968225e-005 5.50375365e-005 4.19364522e-005 2.96145271e-005 
0.00000000e+000 3.05357143e+001 2.00000000e+001 2.05212004e-004 1.39022486e-004 8.77081760e-005 7.72148067e-005 5.86125684e-005 5.36590462e-005 5.16388684e-005 3.93713213e-005 2.78115107e-005 
0.00000000e+000 2.85714286e+001 2.00000000e+001 1.89361847e-004 1.28635794e-004 8.12525740e-005 7.15593504e-005 5.43760278e-005 4.97994563e-005 4.79326117e-005 3.65817145e-005 2.58545981e-005 
0.00000000e+000 2.62500000e+001 2.00000000e+001 1.73027833e-004 1.17922762e-004 7.46046099e-005 6.57403321e-005 5.00301482e-005 4.58452904e-005 4.41377289e-005 3.37355908e-005 2.38625999e-005 
0.00000000e+000 2.35714286e+001 2.00000000e+001 1.56870855e-004 1.07312612e-004 6.80311258e-005 5.99935464e-005 4.57578773e-005 4.19654446e-005 4.04173170e-005 3.09594329e-005 2.19256567e-005 
0.00000000e+000 2.05357143e+001 2.00000000e+001 1.41389658e-004 9.71136488e-005 6.17250665e-005 5.44902596e-005 4.16925756e-005 3.82827443e-005 3.68897969e-005 2.83436072e-005 2.01068363e-005 
0.00000000e+000 1.71428571e+001 2.00000000e+001 1.27312568e-004 8.78046790e-005 5.59859457e-005 4.94945889e-005 3.80358583e-005 3.49817373e-005 3.37326712e-005 2.60221723e-005 1.84995626e-005 
0.00000000e+000 1.33928571e+001 2.00000000e+001 1.14206895e-004 7.91018483e-005 5.06325726e-005 4.48459475e-005 3.46627412e-005 3.19466621e-005 3.08339281e-005 2.39066600e-005 1.70395735e-005 
0.00000000e+000 9.28571429e+000 2.00000000e+001 1.02627398e-004 7.13827118e-005 4.59089097e-005 4.07609398e-005 3.17333220e-005 2.93209579e-005 2.83301614e-005 2.20943987e-005 1.57934727e-005 
0.00000000e+000 4.82142857e+000 2.00000000e+001 9.81724718e-005 6.84665645e-005 4.41960148e-005 3.93147838e-005 3.07765591e-005 2.84896479e-005 2.75482288e-005 2.15720802e-005 1.54506771e-005 
0.00000000e+000 0.00000000e+000 2.00000000e+001 9.70005644e-005 6.77128684e-005 4.37349647e-005 3.89229636e-005 3.05224276e-005 2.82719461e-005 2.73448568e-005 2.14423951e-005 1.53685073e-005 
2.50000000e-001 3.50000000e+001 2.00000000e+001 2.87646804e-004 1.75505222e-004 1.07867848e-004 9.44345570e-005 7.09418515e-005 6.47677605e-005 6.22606635e-005 4.72025781e-005 3.32367426e-005 
2.50000000e-001 3.48214286e+001 2.00000000e+001 2.86290961e-004 1.74303626e-004 1.07084328e-004 9.37415176e-005 7.04129408e-005 6.42832983e-005 6.17943931e-005 4.68471432e-005 3.29853227e-005 
2.50000000e-001 3.42857143e+001 2.00000000e+001 2.70161658e-004 1.67241821e-004 1.03239887e-004 9.04753514e-005 6.81065379e-005 6.22157776e-005 5.98221246e-005 4.54184920e-005 3.20229996e-005 
2.50000000e-001 3.33928571e+001 2.00000000e+001 2.55714258e-004 1.59192488e-004 9.84863694e-005 8.63582825e-005 6.50862608e-005 5.94789517e-005 5.71996840e-005 4.34688804e-005 3.06756565e-005 
2.50000000e-001 3.21428571e+001 2.00000000e+001 2.28146218e-004 1.45939083e-004 9.10778080e-005 8.00282664e-005 6.05702748e-005 5.54202648e-005 5.33240397e-005 4.06462768e-005 2.87648381e-005 
2.50000000e-001 3.05357143e+001 2.00000000e+001 1.93540916e-004 1.29178313e-004 8.17647436e-005 7.20896219e-005 5.49408237e-005 5.03717008e-005 4.85077532e-005 3.71605013e-005 2.64213403e-005 
2.50000000e-001 2.85714286e+001 2.00000000e+001 1.54374054e-004 1.09516489e-004 7.08302084e-005 6.27787029e-005 4.83652014e-005 4.44849267e-005 4.28963984e-005 3.31226897e-005 2.37256464e-005 
2.50000000e-001 2.62500000e+001 2.00000000e+001 1.08465384e-004 8.65429155e-005 5.82293977e-005 5.20995657e-005 4.09107643e-005 3.78377080e-005 3.65711114e-005 2.86209362e-005 2.07555629e-005 
2.50000000e-001 2.35714286e+001 2.00000000e+001 8.16109526e-005 7.10923212e-005 4.92442852e-005 4.43703637e-005 3.53499383e-005 3.28355564e-005 3.17937522e-005 2.51440652e-005 1.84013926e-005 
2.50000000e-001 2.05357143e+001 2.00000000e+001 6.22622701e-005 5.88398512e-005 4.18637348e-005 3.79707002e-005 3.06794561e-005 2.86188160e-005 2.77604566e-005 2.21820925e-005 1.63727018e-005 
2.50000000e-001 1.71428571e+001 2.00000000e+001 4.81353289e-005 4.91320878e-005 3.58566865e-005 3.27349650e-005 2.68299769e-005 2.51382471e-005 2.44294434e-005 1.97271939e-005 1.46799738e-005 
2.50000000e-001 1.33928571e+001 2.00000000e+001 3.78236146e-005 4.13990172e-005 3.09287805e-005 2.84156825e-005 2.36281988e-005 2.22381216e-005 2.16519049e-005 1.76697908e-005 1.32480874e-005 
2.50000000e-001 9.28571429e+000 2.00000000e+001 3.05162646e-005 3.54358872e-005 2.70352903e-005 2.49914774e-005 2.10807148e-005 1.99292005e-005 1.94399677e-005 1.60268073e-005 1.20962011e-005 
2.50000000e-001 4.82142857e+000 2.00000000e+001 2.71030526e-005 3.28112830e-005 2.54192151e-005 2.36040247e-005 2.01189201e-005 1.90798596e-005 1.86355530e-005 1.54694582e-005 1.17261326e-005 
2.50000000e-001 0.00000000e+000 2.00000000e+001 2.60796832e-005 3.20475685e-005 2.49446804e-005 2.31965049e-005 1.98413176e-005 1.88370904e-005 1.84066834e-005 1.53158432e-005 1.16273567e-005 
5.00000000e-001 3.50000000e+001 2.00000000e+001 4.02798527e-004 2.01024886e-004 1.17056846e-004 1.01293598e-004 7.44683577e-005 6.75993323e-005 6.48325717e-005 4.85396641e-005 3.38262133e-005 
5.00000000e-001 3.48214286e+001 2.00000000e+001 4.06057296e-004 2.00357762e-004 1.16429226e-004 1.00711450e-004 7.39914016e-005 6.71555244e-005 6.44028355e-005 4.82020663e-005 3.35821253e-005 
5.00000000e-001 3.42857143e+001 2.00000000e+001 3.62693368e-004 1.88024147e-004 1.10575282e-004 9.58934287e-005 7.07942278e-005 6.43391889e-005 6.17356360e-005 4.63494504e-005 3.23846158e-005 
5.00000000e-001 3.33928571e+001 2.00000000e+001 3.40829297e-004 1.77918511e-004 1.04933154e-004 9.10675459e-005 6.73379610e-005 6.12280423e-005 5.87626851e-005 4.41740959e-005 3.09050275e-005 
5.00000000e-001 3.21428571e+001 2.00000000e+001 2.83100183e-004 1.57584416e-004 9.46205461e-005 8.24529666e-005 6.14591851e-005 5.60106210e-005 5.38065299e-005 4.06733020e-005 2.86071650e-005 
5.00000000e-001 3.05357143e+001 2.00000000e+001 2.16302815e-004 1.32152321e-004 8.15705743e-005 7.15392351e-005 5.40120361e-005 4.94059072e-005 4.75350106e-005 3.62589707e-005 2.57253661e-005 
5.00000000e-001 2.85714286e+001 2.00000000e+001 1.52337040e-004 1.03826444e-004 6.65446007e-005 5.88992882e-005 4.53126381e-005 4.16784999e-005 4.01936145e-005 3.10844352e-005 2.23522506e-005 
5.00000000e-001 2.62500000e+001 2.00000000e+001 8.37808818e-005 7.06410927e-005 4.87969669e-005 4.39781760e-005 3.50916913e-005 3.26207667e-005 3.15979214e-005 2.50754483e-005 1.84781737e-005 
5.00000000e-001 2.35714286e+001 2.00000000e+001 5.22481889e-005 5.19467267e-005 3.79838041e-005 3.47044563e-005 2.84730741e-005 2.66840138e-005 2.59352025e-005 2.09917174e-005 1.57512003e-005 
5.00000000e-001 2.05357143e+001 2.00000000e+001 3.32647355e-005 3.88081394e-005 2.99522492e-005 2.77253166e-005 2.33637932e-005 2.20685158e-005 2.15197823e-005 1.77510570e-005 1.35440681e-005 
5.00000000e-001 1.71428571e+001 2.00000000e+001 2.14720669e-005 2.94078052e-005 2.39307852e-005 2.24387453e-005 1.94213989e-005 1.84899357e-005 1.80895787e-005 1.52038277e-005 1.17846580e-005 
5.00000000e-001 1.33928571e+001 2.00000000e+001 1.41514389e-005 2.26878694e-005 1.94176610e-005 1.84352956e-005 1.63798062e-005 1.57152202e-005 1.54243740e-005 1.31988142e-005 1.03763157e-005 
5.00000000e-001 9.28571429e+000 2.00000000e+001 9.73207347e-006 1.80296082e-005 1.61498962e-005 1.55114735e-005 1.41251306e-005 1.36501534e-005 1.34374683e-005 1.16876484e-005 9.29868657e-006 
5.00000000e-001 4.82142857e+000 2.00000000e+001 7.64615974e-006 1.58375604e-005 1.46796542e-005 1.42209436e-005 1.31838567e-005 1.28056270e-005 1.26322992e-005 1.11097571e-005 8.90855525e-006 
5.00000000e-001 0.00000000e+000 2.00000000e+001 7.01576692e-006 1.51704416e-005 1.42289199e-005 1.38253875e-005 1.28987700e-005 1.25514916e-005 1.23907518e-005 1.09401820e-005 8.79713582e-006 
7.50000000e-001 3.50000000e+001 2.00000000e+001 6.29479204e-004 2.42379982e-004 1.31787781e-004 1.12359411e-004 8.03320460e-005 7.23762913e-005 6.92020013e-005 5.09392653e-005 3.49755053e-005 
7.50000000e-001 3.48214286e+001 2.00000000e+001 6.53885797e-004 2.43201351e-004 1.31535699e-004 1.12037165e-004 7.99722936e-005 7.20237350e-005 6.88541833e-005 5.06420486e-005 3.47488135e-005 
7.50000000e-001 3.42857143e+001 2.00000000e+001 5.34527341e-004 2.21488311e-004 1.22616926e-004 1.04938541e-004 7.55600272e-005 6.82075219e-005 6.52672512e-005 4.82564253e-005 3.32697130e-005 
7.50000000e-001 3.33928571e+001 2.00000000e+001 5.02413127e-004 2.08669161e-004 1.15904094e-004 9.92798073e-005 7.16176956e-005 6.46853571e-005 6.19118372e-005 4.58433042e-005 3.16549663e-005 
7.50000000e-001 3.21428571e+001 2.00000000e+001 3.79059011e-004 1.77632485e-004 1.01726953e-004 8.77167224e-005 6.40840035e-005 5.80848389e-005 5.56750921e-005 4.15705959e-005 2.89323862e-005 
7.50000000e-001 3.05357143e+001 2.00000000e+001 2.53206830e-004 1.40507970e-004 8.41452055e-005 7.32841796e-005 5.45895095e-005 4.97509494e-005 4.77954803e-005 3.61614163e-005 2.54890089e-005 
7.50000000e-001 2.85714286e+001 2.00000000e+001 1.56901684e-004 1.02849891e-004 6.49667829e-005 5.73085731e-005 4.38106952e-005 4.02318031e-005 3.87738461e-005 2.98954091e-005 2.14699149e-005 
7.50000000e-001 2.62500000e+001 2.00000000e+001 6.90490498e-005 6.08017685e-005 4.26682320e-005 3.86153870e-005 3.10980107e-005 2.89941015e-005 2.81212811e-005 2.25057389e-005 1.67573764e-005 
7.50000000e-001 2.35714286e+001 2.00000000e+001 3.61798786e-005 4.01467122e-005 3.05657075e-005 2.82148523e-005 2.36561441e-005 2.23168647e-005 2.17519153e-005 1.79168623e-005 1.37075345e-005 
7.50000000e-001 2.05357143e+001 2.00000000e+001 1.93854799e-005 2.70417912e-005 2.22879694e-005 2.09728912e-005 1.82887559e-005 1.74528030e-005 1.70928802e-005 1.44769114e-005 1.13607530e-005 
7.50000000e-001 1.71428571e+001 2.00000000e+001 1.04686259e-005 1.84876818e-005 1.65094814e-005 1.58401060e-005 1.43742431e-005 1.38776467e-005 1.36574200e-005 1.18922815e-005 9.56146171e-006 
7.50000000e-001 1.33928571e+001 2.00000000e+001 5.73292612e-006 1.29099661e-005 1.24859489e-005 1.22132905e-005 1.15306120e-005 1.12605676e-005 1.11345677e-005 9.95729237e-006 8.18411811e-006 
7.50000000e-001 9.28571429e+000 2.00000000e+001 3.28046514e-006 9.37937644e-006 9.77713948e-006 9.73920766e-006 9.54279402e-006 9.41866648e-006 9.35393110e-006 8.56748526e-006 7.17395343e-006 
7.50000000e-001 4.82142857e+000 2.00000000e+001 2.20115919e-006 7.69817735e-006 8.51163529e-006 8.59725269e-006 8.66007194e-006 8.61299907e-006 8.58035352e-006 7.99052684e-006 6.77489116e-006 
7.50000000e-001 0.00000000e+000 2.00000000e+001 1.88839099e-006 7.18258013e-006 8.11728280e-006 8.24081420e-006 8.38595251e-006 8.36373426e-006 8.34145795e-006 7.81491355e-006 6.65598875e-006 
1.00000000e+000 3.50000000e+001 2.00000000e+001 1.07391315e-003 3.03608120e-004 1.52286742e-004 1.27612158e-004 8.83375160e-005 7.88996653e-005 7.51722625e-005 5.42497938e-005 3.65956040e-005 
1.00000000e+000 3.48214286e+001 2.00000000e+001 1.18285091e-003 3.08096369e-004 1.52817753e-004 1.27811553e-004 8.81968420e-005 7.87145823e-005 7.49737033e-005 5.40235144e-005 3.63987899e-005 
1.00000000e+000 3.42857143e+001 2.00000000e+001 8.48798954e-004 2.69576264e-004 1.39161651e-004 1.17310249e-004 8.20963214e-005 7.35374593e-005 7.01456641e-005 5.09540477e-005 3.45758710e-005 
1.00000000e+000 3.33928571e+001 2.00000000e+001 8.11487827e-004 2.53284129e-004 1.31125340e-004 1.10638584e-004 7.75861248e-005 6.95414180e-005 6.63518011e-005 4.82777090e-005 3.28166415e-005 
1.00000000e+000 3.21428571e+001 2.00000000e+001 5.42292329e-004 2.05658053e-004 1.11635126e-004 9.51382659e-005 6.79696002e-005 6.12298274e-005 5.85421226e-005 4.30958244e-005 2.96136161e-005 
1.00000000e+000 3.05357143e+001 2.00000000e+001 3.04667633e-004 1.52143691e-004 8.83155817e-005 7.63592156e-005 5.60692775e-005 5.08929490e-005 4.88108624e-005 3.65799732e-005 2.55653598e-005 
1.00000000e+000 2.85714286e+001 2.00000000e+001 1.63833861e-004 1.03787303e-004 6.46724040e-005 5.68511122e-005 4.31525729e-005 3.95466237e-005 3.80814388e-005 2.92246558e-005 2.09110703e-005 
1.00000000e+000 2.62500000e+001 2.00000000e+001 5.84039503e-005 5.37582868e-005 3.82516131e-005 3.47323837e-005 2.81615852e-005 2.63108230e-005 2.55415510e-005 2.05587749e-005 1.54163608e-005 
1.00000000e+000 2.35714286e+001 2.00000000e+001 2.59409806e-005 3.20285989e-005 2.52802240e-005 2.35415702e-005 2.00982432e-005 1.90633520e-005 1.86235500e-005 1.55590972e-005 1.20922499e-005 
1.00000000e+000 2.05357143e+001 2.00000000e+001 1.17789783e-005 1.95027418e-005 1.70524983e-005 1.62799868e-005 1.46253549e-005 1.40810036e-005 1.38423735e-005 1.19940587e-005 9.64440309e-006 
1.00000000e+000 1.71428571e+001 2.00000000e+001 5.35093147e-006 1.20270274e-005 1.16858037e-005 1.14463544e-005 1.08378508e-005 1.05957134e-005 1.04829397e-005 9.42378714e-006 7.83263150e-006 
1.00000000e+000 1.33928571e+001 2.00000000e+001 2.43898044e-006 7.56521893e-006 8.19307560e-006 8.23866505e-006 8.22904356e-006 8.17006578e-006 8.13480893e-006 7.58097735e-006 6.49773211e-006 
1.00000000e+000 9.28571429e+000 2.00000000e+001 1.15224665e-006 4.97518418e-006 5.99215118e-006 6.18075868e-006 6.49741186e-006 6.54465637e-006 6.55511458e-006 6.31164247e-006 5.55412690e-006 
1.00000000e+000 4.82142857e+000 2.00000000e+001 6.45432724e-007 3.76712597e-006 4.95465521e-006 5.21494730e-006 5.70198936e-006 5.80528382e-006 5.83981831e-006 5.75547764e-006 5.15746974e-006 
1.00000000e+000 0.00000000e+000 2.00000000e+001 5.08570986e-007 3.40127459e-006 4.63120596e-006 4.91248132e-006 5.45233799e-006 5.57350556e-006 5.61575863e-006 5.58264211e-006 5.03610561e-006 
1.25000000e+000 3.50000000e+001 2.00000000e+001 1.96605790e-003 3.92991211e-004 1.79784083e-004 1.47733764e-004 9.86178162e-005 8.72292624e-005 8.27800601e-005 5.84367787e-005 3.86471809e-005 
1.25000000e+000 3.48214286e+001 2.00000000e+001 2.38787416e-003 4.05974858e-004 1.81855791e-004 1.48919955e-004 9.88606876e-005 8.73311258e-005 8.28349909e-005 5.83252021e-005 3.84967072e-005 
1.25000000e+000 3.42857143e+001 2.00000000e+001 1.43457510e-003 3.37275596e-004 1.60858919e-004 1.33325150e-004 9.04014322e-005 8.02899385e-005 7.63209852e-005 5.43708502e-005 3.62498298e-005 
1.25000000e+000 3.33928571e+001 2.00000000e+001 1.43138945e-003 3.16996995e-004 1.51226800e-004 1.25436873e-004 8.52229939e-005 7.57410715e-005 7.20176434e-005 5.13967359e-005 3.43321733e-005 
1.25000000e+000 3.21428571e+001 2.00000000e+001 8.30238511e-004 2.43451351e-004 1.24351682e-004 1.04614155e-004 7.29447513e-005 6.52782867e-005 6.22439230e-005 4.51245849e-005 3.05756812e-005 
1.25000000e+000 3.05357143e+001 2.00000000e+001 3.75917063e-004 1.66626692e-004 9.36357872e-005 8.03628231e-005 5.81568228e-005 5.25704848e-005 5.03335794e-005 3.73501387e-005 2.58621268e-005 
1.25000000e+000 2.85714286e+001 2.00000000e+001 1.72236329e-004 1.05655473e-004 6.50425607e-005 5.69966358e-005 4.29748600e-005 3.93048618e-005 3.78167153e-005 2.88779948e-005 2.05686457e-005 
1.25000000e+000 2.62500000e+001 2.00000000e+001 5.00804560e-005 4.82400439e-005 3.48111584e-005 3.17092996e-005 2.58707299e-005 2.42135688e-005 2.35232037e-005 1.90212049e-005 1.43394809e-005 
1.25000000e+000 2.35714286e+001 2.00000000e+001 1.89603565e-005 2.60398939e-005 2.12860642e-005 1.99869851e-005 1.73499247e-005 1.65366325e-005 1.61881699e-005 1.36928712e-005 1.07854543e-005 
1.25000000e+000 2.05357143e+001 2.00000000e+001 7.32680972e-006 1.43770021e-005 1.33038474e-005 1.28745910e-005 1.18882954e-005 1.15384328e-005 1.13814520e-005 1.00657619e-005 8.27149871e-006 
1.25000000e+000 1.71428571e+001 2.00000000e+001 2.81070543e-006 8.01066750e-006 8.43425846e-006 8.42316996e-006 8.29652563e-006 8.20580953e-006 8.15820655e-006 7.55220533e-006 6.47177525e-006 
1.25000000e+000 1.33928571e+001 2.00000000e+001 1.06972568e-006 4.53366800e-006 5.46716917e-006 5.64295104e-006 5.94393476e-006 5.99384934e-006 6.00708340e-006 5.82025122e-006 5.19064897e-006 
1.25000000e+000 9.28571429e+000 2.00000000e+001 4.16904781e-007 2.68331965e-006 3.71337623e-006 3.96105446e-006 4.45624803e-006 4.57773885e-006 4.62286986e-006 4.67196306e-006 4.31462618e-006 
1.25000000e+000 4.82142857e+000 2.00000000e+001 1.92378805e-007 1.85533175e-006 2.89513477e-006 3.17367960e-006 3.76303905e-006 3.92096649e-006 3.98245889e-006 4.15159430e-006 3.93012646e-006 
1.25000000e+000 0.00000000e+000 2.00000000e+001 1.37041764e-007 1.61094860e-006 2.64254327e-006 2.92866446e-006 3.54518881e-006 3.71432536e-006 3.78091599e-006 3.98814876e-006 3.81055325e-006 
1.50000000e+000 3.50000000e+001 2.00000000e+001 3.80589127e-003 5.23788955e-004 2.16330163e-004 1.73936428e-004 1.11528349e-004 9.75971059e-005 9.22166371e-005 6.35428467e-005 4.11245955e-005 
1.50000000e+000 3.48214286e+001 2.00000000e+001 5.33316692e-003 5.55653764e-004 2.21325381e-004 1.76924784e-004 1.12419779e-004 9.81736085e-005 9.26870506e-005 6.36096399e-005 4.10427563e-005 
1.50000000e+000 3.42857143e+001 2.00000000e+001 2.55228132e-003 4.32550957e-004 1.88942245e-004 1.53698711e-004 1.00660166e-004 8.85744652e-005 8.38781305e-005 5.85064794e-005 3.82706406e-005 
1.50000000e+000 3.33928571e+001 2.00000000e+001 2.73827903e-003 4.08690888e-004 1.77488940e-004 1.44403587e-004 9.47060874e-005 8.33860365e-005 7.89864756e-005 5.51940740e-005 3.61772617e-005 
1.50000000e+000 3.21428571e+001 2.00000000e+001 1.36099365e-003 2.94404051e-004 1.40301623e-004 1.16349910e-004 7.90038878e-005 7.01991618e-005 6.67419296e-005 4.76024409e-005 3.17764281e-005 
1.50000000e+000 3.05357143e+001 2.00000000e+001 4.75986605e-004 1.84139087e-004 9.99687731e-005 8.51453980e-005 6.07124407e-005 5.46528730e-005 5.22372932e-005 3.83781764e-005 2.63212743e-005 
1.50000000e+000 2.85714286e+001 2.00000000e+001 1.81918659e-004 1.08073507e-004 6.57939436e-005 5.74911150e-005 4.30855093e-005 3.93333077e-005 3.78144125e-005 2.87397776e-005 2.03735704e-005 
1.50000000e+000 2.62500000e+001 2.00000000e+001 4.33144800e-005 4.36816200e-005 3.19829179e-005 2.92287906e-005 2.39971362e-005 2.24990389e-005 2.18732606e-005 1.77617241e-005 1.34502250e-005 
1.50000000e+000 2.35714286e+001 2.00000000e+001 1.40306787e-005 2.14291681e-005 1.81397241e-005 1.71724301e-005 1.51497968e-005 1.45066257e-005 1.42284159e-005 1.21742890e-005 9.70547592e-006 
1.50000000e+000 2.05357143e+001 2.00000000e+001 4.62660230e-006 1.07537755e-005 1.05237105e-005 1.03196022e-005 9.78414092e-006 9.56902056e-006 9.46908855e-006 8.53596412e-006 7.15551212e-006 
1.50000000e+000 1.71428571e+001 2.00000000e+001 1.50238041e-006 5.42404237e-006 6.17760791e-006 6.28604462e-006 6.42962154e-006 6.42957682e-006 6.42182057e-006 6.11086814e-006 5.38817467e-006 
1.50000000e+000 1.33928571e+001 2.00000000e+001 4.78617783e-007 2.76330240e-006 3.69853837e-006 3.91446831e-006 4.33838823e-006 4.44022952e-006 4.47782254e-006 4.50237345e-006 4.17016363e-006 
1.50000000e+000 9.28571429e+000 2.00000000e+001 1.54085396e-007 1.46762540e-006 2.32406438e-006 2.56106477e-006 3.07702129e-006 3.22173596e-006 3.27952964e-006 3.47392813e-006 3.36267911e-006 
1.50000000e+000 4.82142857e+000 2.00000000e+001 5.81658991e-008 9.19332297e-007 1.69794559e-006 1.93757177e-006 2.48907027e-006 2.65366574e-006 2.72110562e-006 2.99893689e-006 2.99783280e-006 
1.50000000e+000 0.00000000e+000 2.00000000e+001 3.69483153e-008 7.63133034e-007 1.50797667e-006 1.74612835e-006 2.30527187e-006 2.47545311e-006 2.54570286e-006 2.84917316e-006 2.88331562e-006 
1.75000000e+000 3.50000000e+001 2.00000000e+001 7.70349805e-003 7.16499429e-004 2.64882896e-004 2.07970179e-004 1.27612941e-004 1.10374640e-004 1.03796189e-004 6.96675059e-005 4.40464882e-005 
1.75000000e+000 3.48214286e+001 2.00000000e+001 1.30250442e-002 7.89081354e-004 2.75280010e-004 2.14166885e-004 1.29575452e-004 1.11718177e-004 1.04931991e-004 7.00052467e-005 4.40637195e-005 
1.75000000e+000 3.42857143e+001 2.00000000e+001 4.73633566e-003 5.67323543e-004 2.25205558e-004 1.79494757e-004 1.13195326e-004 9.86067759e-005 9.29972637e-005 6.34088932e-005 4.06395189e-005 
1.75000000e+000 3.33928571e+001 2.00000000e+001 5.62019939e-003 5.42554059e-004 2.11861544e-004 1.68672029e-004 1.06365203e-004 9.26935872e-005 8.74385236e-005 5.97145702e-005 3.83507836e-005 
1.75000000e+000 3.21428571e+001 2.00000000e+001 2.38135949e-003 3.63779919e-004 1.60226568e-004 1.30764799e-004 8.62442927e-005 7.60450755e-005 7.20742822e-005 5.05184922e-005 3.31952810e-005 
1.75000000e+000 3.05357143e+001 2.00000000e+001 6.19333974e-004 2.05174960e-004 1.07321657e-004 9.06777365e-005 6.36764776e-005 5.70789675e-005 5.44609517e-005 3.96115311e-005 2.69064298e-005 
1.75000000e+000 2.85714286e+001 2.00000000e+001 1.92911670e-004 1.10880355e-004 6.67894262e-005 5.82070132e-005 4.33798737e-005 3.95351069e-005 3.79810883e-005 2.87399645e-005 2.02808138e-005 
1.75000000e+000 2.62500000e+001 2.00000000e+001 3.76888489e-005 3.97942608e-005 2.95727570e-005 2.71179360e-005 2.24091003e-005 2.10475917e-005 2.04771519e-005 1.66978195e-005 1.26973140e-005 
1.75000000e+000 2.35714286e+001 2.00000000e+001 1.04741717e-005 1.77829622e-005 1.55891632e-005 1.48790652e-005 1.33395513e-005 1.28316108e-005 1.26093944e-005 1.09095248e-005 8.79591602e-006 
1.75000000e+000 2.05357143e+001 2.00000000e+001 2.95274537e-006 8.12604678e-006 8.40833258e-006 8.35397524e-006 8.12905276e-006 8.00967355e-006 7.95065480e-006 7.29973974e-006 6.23506142e-006 
1.75000000e+000 1.71428571e+001 2.00000000e+001 8.12893500e-007 3.71623910e-006 4.57545710e-006 4.74223850e-006 5.03233270e-006 5.08601726e-006 5.10249660e-006 4.98516161e-006 4.51605761e-006 
1.75000000e+000 1.33928571e+001 2.00000000e+001 2.17127891e-007 1.70598804e-006 2.53000403e-006 2.74406042e-006 3.19499261e-006 3.31716433e-006 3.36537848e-006 3.50657744e-006 3.36787925e-006 
1.75000000e+000 9.28571429e+000 2.00000000e+001 5.78354312e-008 8.12109879e-007 1.46728273e-006 1.66903511e-006 2.13789387e-006 2.28036867e-006 2.33935675e-006 2.59416193e-006 2.62895590e-006 
1.75000000e+000 4.82142857e+000 2.00000000e+001 1.78042570e-008 4.58144198e-007 9.99349493e-007 1.18655586e-006 1.65005279e-006 1.79954793e-006 1.86279056e-006 2.16934610e-006 2.28893973e-006 
1.75000000e+000 0.00000000e+000 2.00000000e+001 9.96724590e-009 3.61573994e-007 8.60620219e-007 1.04116719e-006 1.49910160e-006 1.64988121e-006 1.71411694e-006 2.03555221e-006 2.18176144e-006 
2.00000000e+000 3.50000000e+001 2.00000000e+001 1.61739128e-002 1.00277276e-003 3.29566021e-004 2.52234194e-004 1.47609388e-004 1.26069518e-004 1.17950417e-004 7.69584381e-005 4.74504965e-005 
2.00000000e+000 3.48214286e+001 2.00000000e+001 3.42814053e-002 1.16121615e-003 3.49740697e-004 2.64030282e-004 1.51308992e-004 1.28630938e-004 1.20133397e-004 7.77009648e-005 4.76083370e-005 
2.00000000e+000 3.42857143e+001 2.00000000e+001 9.10308499e-003 7.59283922e-004 2.72104672e-004 2.12158289e-004 1.28455479e-004 1.10694361e-004 1.03939075e-004 6.91629182e-005 4.33738494e-005 
2.00000000e+000 3.33928571e+001 2.00000000e+001 1.22181755e-002 7.41174662e-004 2.57141307e-004 1.99847728e-004 1.20675913e-004 1.03985385e-004 9.76449387e-005 6.50431111e-005 4.08687265e-005 
2.00000000e+000 3.21428571e+001 2.00000000e+001 4.41677683e-003 4.59498299e-004 1.85193800e-004 1.48475327e-004 9.48404437e-005 8.29287163e-005 7.83333299e-005 5.38910489e-005 3.48262689e-005 
2.00000000e+000 3.05357143e+001 2.00000000e+001 8.29110121e-004 2.30469353e-004 1.15780553e-004 9.69950231e-005 6.70328156e-005 5.98261011e-005 5.69799354e-005 4.10220773e-005 2.75950618e-005 
2.00000000e+000 2.85714286e+001 2.00000000e+001 2.05349661e-004 1.14004593e-004 6.79589910e-005 5.90772088e-005 4.37990340e-005 3.98545251e-005 3.82624613e-005 2.88353524e-005 2.02606761e-005 
2.00000000e+000 2.62500000e+001 2.00000000e+001 3.29419273e-005 3.64112480e-005 2.74686487e-005 2.52760234e-005 2.10272531e-005 1.97861054e-005 1.92644027e-005 1.57764097e-005 1.20458799e-005 
2.00000000e+000 2.35714286e+001 2.00000000e+001 7.87104680e-006 1.48480531e-005 1.34800232e-005 1.29719860e-005 1.18190149e-005 1.14208895e-005 1.12443197e-005 9.83590117e-006 8.01723511e-006 
2.00000000e+000 2.05357143e+001 2.00000000e+001 1.89958294e-006 6.18668472e-006 6.76853050e-006 6.81329921e-006 6.80349055e-006 6.75305480e-006 6.72382850e-006 6.28501850e-006 5.46600385e-006 
2.00000000e+000 1.71428571e+001 2.00000000e+001 4.43836844e-007 2.56855511e-006 3.41794234e-006 3.60785908e-006 3.97018681e-006 4.05452808e-006 4.08536716e-006 4.09497381e-006 3.80722661e-006 
2.00000000e+000 1.33928571e+001 2.00000000e+001 9.95083306e-008 1.06363470e-006 1.74628511e-006 1.94026281e-006 2.37096889e-006 2.49623557e-006 2.54734373e-006 2.74753919e-006 2.73297704e-006 
2.00000000e+000 9.28571429e+000 2.00000000e+001 2.19593891e-008 4.53728521e-007 9.33452222e-007 1.09536341e-006 1.49382633e-006 1.62254588e-006 1.67718634e-006 1.94497994e-006 2.06145861e-006 
2.00000000e+000 4.82142857e+000 2.00000000e+001 5.50732092e-009 2.29532259e-007 5.90179632e-007 7.28793806e-007 1.09621232e-006 1.22271031e-006 1.27757930e-006 1.57140697e-006 1.74937083e-006 
2.00000000e+000 0.00000000e+000 2.00000000e+001 2.69025143e-009 1.71345322e-007 4.91216307e-007 6.20872563e-007 9.74913472e-007 1.09969898e-006 1.15423754e-006 1.45432521e-006 1.65094748e-006 
2.25000000e+000 3.50000000e+001 2.00000000e+001 3.50186754e-002 1.43175511e-003 4.16087447e-004 3.09972412e-004 1.72480621e-004 1.45340930e-004 1.35239290e-004 8.56098384e-005 5.13906066e-005 
2.25000000e+000 3.48214286e+001 2.00000000e+001 9.57092037e-002 1.76823135e-003 4.53673042e-004 3.31386756e-004 1.78956514e-004 1.49808791e-004 1.39047334e-004 8.69492739e-005 5.17455406e-005 
2.25000000e+000 3.42857143e+001 2.00000000e+001 1.80223355e-002 1.03476281e-003 3.32949589e-004 2.53601841e-004 1.47023263e-004 1.25237696e-004 1.17044077e-004 7.58854555e-005 4.65037937e-005 
2.25000000e+000 3.33928571e+001 2.00000000e+001 2.77783937e-002 1.04077588e-003 3.17289786e-004 2.40151760e-004 1.38277839e-004 1.17694409e-004 1.09971557e-004 7.13006907e-005 4.37608680e-005 
2.25000000e+000 3.21428571e+001 2.00000000e+001 8.60312262e-003 5.93464014e-004 2.16669044e-004 1.70320797e-004 1.05037740e-004 9.10145730e-005 8.56570028e-005 5.77602227e-005 3.66738246e-005 
2.25000000e+000 3.05357143e+001 2.00000000e+001 1.14275816e-003 2.61010712e-004 1.25485915e-004 1.04173274e-004 7.07909246e-005 6.28942058e-005 5.97910673e-005 4.25965745e-005 2.83735991e-005 
2.25000000e+000 2.85714286e+001 2.00000000e+001 2.19437766e-004 1.17415904e-004 6.92653146e-005 6.00648552e-005 4.43087056e-005 4.02585309e-005 3.86261031e-005 2.89987645e-005 2.02933225e-005 
2.25000000e+000 2.62500000e+001 2.00000000e+001 2.88946988e-005 3.34263449e-005 2.56008929e-005 2.36403823e-005 1.98015024e-005 1.86680427e-005 1.81899740e-005 1.49624574e-005 1.14718329e-005 
2.25000000e+000 2.35714286e+001 2.00000000e+001 5.94571945e-006 1.24562937e-005 1.17110939e-005 1.13627549e-005 1.05218844e-005 1.02140532e-005 1.00752061e-005 8.91044073e-006 7.34125286e-006 
2.25000000e+000 2.05357143e+001 2.00000000e+001 1.22973458e-006 4.73745377e-006 5.47989631e-006 5.58877711e-006 5.72678299e-006 5.72613275e-006 5.71872258e-006 5.44117319e-006 4.81612782e-006 
2.25000000e+000 1.71428571e+001 2.00000000e+001 2.44050771e-007 1.78729347e-006 2.57037897e-006 2.76312390e-006 3.15245702e-006 3.25276074e-006 3.29158427e-006 3.38336093e-006 3.22596681e-006 
2.25000000e+000 1.33928571e+001 2.00000000e+001 4.59625236e-008 6.68248159e-007 1.21416327e-006 1.38168902e-006 1.77091975e-006 1.89023089e-006 1.94000581e-006 2.16432748e-006 2.22742503e-006 
2.25000000e+000 9.28571429e+000 2.00000000e+001 8.41151239e-009 2.55523732e-007 5.97794848e-007 7.23334165e-007 1.04916452e-006 1.16003290e-006 1.20804737e-006 1.46372960e-006 1.62104589e-006 
2.25000000e+000 4.82142857e+000 2.00000000e+001 1.71882094e-009 1.15565620e-007 3.49667752e-007 4.48905400e-007 7.29793021e-007 8.32346032e-007 8.77801046e-007 1.13981694e-006 1.33827078e-006 
2.25000000e+000 0.00000000e+000 2.00000000e+001 7.26517240e-010 8.12129342e-008 2.80400129e-007 3.70273016e-007 6.34055263e-007 7.33023838e-007 7.77270023e-007 1.03909841e-006 1.24930983e-006 
2.50000000e+000 3.50000000e+001 2.00000000e+001 7.78315812e-002 2.08029454e-003 5.32353272e-004 3.85561123e-004 2.03466992e-004 1.69029123e-004 1.56373880e-004 9.58654654e-005 5.59362502e-005 
2.50000000e+000 3.48214286e+001 2.00000000e+001 2.79286457e-001 2.78122228e-003 6.00539928e-004 4.23285793e-004 2.14326701e-004 1.76446307e-004 1.62674584e-004 9.80757100e-005 5.65647187e-005 
2.50000000e+000 3.42857143e+001 2.00000000e+001 3.65965598e-002 1.43316995e-003 4.12190123e-004 3.06339398e-004 1.69637645e-004 1.42741627e-004 1.32740818e-004 8.37247816e-005 5.00705610e-005 
2.50000000e+000 3.33928571e+001 2.00000000e+001 6.53147712e-002 1.49995370e-003 3.97920806e-004 2.92643792e-004 1.60011988e-004 1.34384956e-004 1.24893890e-004 7.86451218e-005 4.70692428e-005 
2.50000000e+000 3.21428571e+001 2.00000000e+001 1.74257252e-002 7.83673669e-004 2.56642329e-004 1.97418756e-004 1.17157565e-004 1.00519492e-004 9.42281322e-005 6.21845831e-005 3.87503263e-005 
2.50000000e+000 3.05357143e+001 2.00000000e+001 1.62148215e-003 2.98094714e-004 1.36625388e-004 1.12320305e-004 7.49770941e-005 6.62976948e-005 6.29048112e-005 4.43311985e-005 2.92343703e-005 
2.50000000e+000 2.85714286e+001 2.00000000e+001 2.35445721e-004 1.21105230e-004 7.06880558e-005 6.11490980e-005 4.48883168e-005 4.07269821e-005 3.90521022e-005 2.92127559e-005 2.03653295e-005 
2.50000000e+000 2.62500000e+001 2.00000000e+001 2.54173231e-005 3.07665848e-005 2.39231205e-005 2.21695402e-005 1.86987286e-005 1.76625292e-005 1.72239244e-005 1.42321916e-005 1.09582398e-005 
2.50000000e+000 2.35714286e+001 2.00000000e+001 4.51034481e-006 1.04893581e-005 1.02120621e-005 9.99014045e-006 9.40231451e-006 9.16923994e-006 9.06181387e-006 8.10285912e-006 6.74752735e-006 
2.50000000e+000 2.05357143e+001 2.00000000e+001 8.00143152e-007 3.64443864e-006 4.45680164e-006 4.60522825e-006 4.84253214e-006 4.87758458e-006 4.88610013e-006 4.73181480e-006 4.26156616e-006 
2.50000000e+000 1.71428571e+001 2.00000000e+001 1.34961404e-007 1.25030926e-006 1.94330239e-006 2.12745393e-006 2.51632761e-006 2.62314219e-006 2.66578328e-006 2.80915727e-006 2.74550759e-006 
2.50000000e+000 1.33928571e+001 2.00000000e+001 2.13630816e-008 4.22405870e-007 8.49234939e-007 9.89707987e-007 1.33003911e-006 1.43902292e-006 1.48528341e-006 1.71296240e-006 1.82255112e-006 
2.50000000e+000 9.28571429e+000 2.00000000e+001 3.24451105e-009 1.44852596e-007 3.85044366e-007 4.80264640e-007 7.40285863e-007 8.32985347e-007 8.73833249e-007 1.10540417e-006 1.27814570e-006 
2.50000000e+000 4.82142857e+000 2.00000000e+001 5.40513740e-010 5.84508258e-008 2.07807314e-007 2.77258084e-007 4.86836782e-007 5.67649551e-007 6.04180370e-007 8.27857568e-007 1.02474139e-006 
2.50000000e+000 0.00000000e+000 2.00000000e+001 1.96305463e-010 3.84995603e-008 1.60076557e-007 2.20840729e-007 4.12395705e-007 4.88635996e-007 5.23444418e-007 7.42450762e-007 9.45405102e-007 
END