TITLE="2RS_E_WD245.dat"
VARIABLES= "Density" "Radius" "Height" "0.1053" "0.356" "0.6617" "0.7889" "1.1732" "1.3325" "1.408" "2" "3" 
ZONE T="3D Data" I=11 J=15 K=3 F=POINT
0.00000000e+000 3.50000000e+001 0.00000000e+000 2.75973455e-004 1.85184075e-004 1.17790449e-004 1.04058779e-004 7.96686489e-005 7.31326030e-005 7.04585560e-005 5.40553225e-005 3.83595972e-005 
0.00000000e+000 3.48214286e+001 0.00000000e+000 2.75372198e-004 1.84827627e-004 1.17559403e-004 1.03851216e-004 7.95021890e-005 7.29775104e-005 7.03082201e-005 5.39364539e-005 3.82747090e-005 
0.00000000e+000 3.42857143e+001 0.00000000e+000 2.73915515e-004 1.83846850e-004 1.16904842e-004 1.03259596e-004 7.90229731e-005 7.25299966e-005 6.98740479e-005 5.35917173e-005 3.80280144e-005 
0.00000000e+000 3.33928571e+001 0.00000000e+000 2.71054828e-004 1.81961307e-004 1.15651476e-004 1.02130719e-004 7.81166424e-005 7.16858579e-005 6.90559402e-005 5.29452276e-005 3.75650944e-005 
0.00000000e+000 3.21428571e+001 0.00000000e+000 2.66741105e-004 1.79101735e-004 1.13768168e-004 1.00441151e-004 7.67736847e-005 7.04389367e-005 6.78490083e-005 5.19974613e-005 3.68875363e-005 
0.00000000e+000 3.05357143e+001 0.00000000e+000 2.60504619e-004 1.74982555e-004 1.11088336e-004 9.80491632e-005 7.48953981e-005 6.87012940e-005 6.61695595e-005 5.06879830e-005 3.59528056e-005 
0.00000000e+000 2.85714286e+001 0.00000000e+000 2.50742250e-004 1.68459491e-004 1.06899941e-004 9.43345829e-005 7.20252491e-005 6.60592775e-005 6.36212245e-005 4.87209636e-005 3.45519326e-005 
0.00000000e+000 2.62500000e+001 0.00000000e+000 2.35061031e-004 1.58098312e-004 1.00355795e-004 8.85693240e-005 6.76434430e-005 6.20464673e-005 5.97589241e-005 4.57722237e-005 3.24605747e-005 
0.00000000e+000 2.35714286e+001 0.00000000e+000 2.14411464e-004 1.44395077e-004 9.17440155e-005 8.10017233e-005 6.19299347e-005 5.68254963e-005 5.47383705e-005 4.19577360e-005 2.97604369e-005 
0.00000000e+000 2.05357143e+001 0.00000000e+000 1.87222950e-004 1.26365495e-004 8.04730623e-005 7.11188282e-005 5.45108512e-005 5.00588987e-005 4.82367664e-005 3.70394808e-005 2.62853995e-005 
0.00000000e+000 1.71428571e+001 0.00000000e+000 1.56486608e-004 1.06004859e-004 6.77113856e-005 5.99236552e-005 4.61028356e-005 4.23906238e-005 4.08690745e-005 3.14678974e-005 2.23477283e-005 
0.00000000e+000 1.33928571e+001 0.00000000e+000 1.28065816e-004 8.70372454e-005 5.57300347e-005 4.93827933e-005 3.81389345e-005 3.51165602e-005 3.38762196e-005 2.61669464e-005 1.85977812e-005 
0.00000000e+000 9.28571429e+000 0.00000000e+000 1.04940207e-004 7.18600516e-005 4.60049847e-005 4.07747891e-005 3.15513403e-005 2.90806331e-005 2.80669058e-005 2.17437131e-005 1.54707395e-005 
0.00000000e+000 4.82142857e+000 0.00000000e+000 9.63340523e-005 6.63144997e-005 4.19172288e-005 3.69698764e-005 2.83380370e-005 2.60656562e-005 2.51391068e-005 1.94279115e-005 1.38216257e-005 
0.00000000e+000 0.00000000e+000 0.00000000e+000 9.60093123e-005 6.61612519e-005 4.17241750e-005 3.67203569e-005 2.79720707e-005 2.56810642e-005 2.47499588e-005 1.90616738e-005 1.35431650e-005 
2.50000000e-001 3.50000000e+001 0.00000000e+000 2.90387793e-004 1.84266028e-004 1.16139091e-004 1.02465885e-004 7.83270793e-005 7.18879979e-005 6.92566423e-005 5.31429588e-005 3.77462426e-005 
2.50000000e-001 3.48214286e+001 0.00000000e+000 2.86457916e-004 1.82809990e-004 1.15404608e-004 1.01852143e-004 7.79064599e-005 7.15140420e-005 6.89011741e-005 5.28917939e-005 3.75842198e-005 
2.50000000e-001 3.42857143e+001 0.00000000e+000 2.83363401e-004 1.81138852e-004 1.14402061e-004 1.00972875e-004 7.72378063e-005 7.09009044e-005 6.83107830e-005 5.24426067e-005 3.72747829e-005 
2.50000000e-001 3.33928571e+001 0.00000000e+000 2.71398082e-004 1.76013198e-004 1.11616602e-004 9.85980239e-005 7.55389218e-005 6.93709904e-005 6.68486368e-005 5.13759617e-005 3.65644100e-005 
2.50000000e-001 3.21428571e+001 0.00000000e+000 2.57138178e-004 1.69359866e-004 1.07898666e-004 9.54081181e-005 7.32305956e-005 6.72859517e-005 6.48534905e-005 4.99097651e-005 3.55791718e-005 
2.50000000e-001 3.05357143e+001 0.00000000e+000 2.36090901e-004 1.59376983e-004 1.02357494e-004 9.06722227e-005 6.98400216e-005 6.42344958e-005 6.19381260e-005 4.77860912e-005 3.41601998e-005 
2.50000000e-001 2.85714286e+001 0.00000000e+000 1.98901581e-004 1.41779463e-004 9.27508807e-005 8.25191632e-005 6.41084447e-005 5.91075962e-005 5.70526686e-005 4.42810708e-005 3.18449539e-005 
2.50000000e-001 2.62500000e+001 0.00000000e+000 1.46363891e-004 1.16274079e-004 7.88153299e-005 7.07070479e-005 5.58422533e-005 5.17257696e-005 5.00234148e-005 3.92553573e-005 2.85231056e-005 
2.50000000e-001 2.35714286e+001 0.00000000e+000 1.12443122e-004 9.67625056e-005 6.73136740e-005 6.07625802e-005 4.85835092e-005 4.51598025e-005 4.37366967e-005 3.46044151e-005 2.53263644e-005 
2.50000000e-001 2.05357143e+001 0.00000000e+000 8.42780370e-005 7.80337861e-005 5.56285180e-005 5.05194378e-005 4.08985987e-005 3.81531206e-005 3.70056922e-005 2.95232444e-005 2.17529055e-005 
2.50000000e-001 1.71428571e+001 0.00000000e+000 6.14961852e-005 6.09424441e-005 4.44387154e-005 4.05943049e-005 3.32746842e-005 3.11551896e-005 3.02642861e-005 2.43497527e-005 1.80513431e-005 
2.50000000e-001 1.33928571e+001 0.00000000e+000 4.48028138e-005 4.71327470e-005 3.50305980e-005 3.21615675e-005 2.66569781e-005 2.50441806e-005 2.43627718e-005 1.97581188e-005 1.47250731e-005 
2.50000000e-001 9.28571429e+000 0.00000000e+000 3.34811683e-005 3.71722671e-005 2.79863234e-005 2.57748226e-005 2.15237965e-005 2.02733599e-005 1.97436969e-005 1.61176571e-005 1.20662795e-005 
2.50000000e-001 4.82142857e+000 0.00000000e+000 2.88338463e-005 3.32779264e-005 2.49614069e-005 2.29213199e-005 1.90312360e-005 1.79071289e-005 1.74340989e-005 1.42310570e-005 1.06766961e-005 
2.50000000e-001 0.00000000e+000 0.00000000e+000 2.80552310e-005 3.28346561e-005 2.46558029e-005 2.26084923e-005 1.86805660e-005 1.75508938e-005 1.70772842e-005 1.39039743e-005 1.04259372e-005 
5.00000000e-001 3.50000000e+001 0.00000000e+000 3.64324682e-004 1.99833470e-004 1.21241281e-004 1.06126762e-004 7.99897522e-005 7.31509272e-005 7.03725793e-005 5.35919169e-005 3.78367909e-005 
5.00000000e-001 3.48214286e+001 0.00000000e+000 3.53441935e-004 1.96792678e-004 1.19861879e-004 1.05006454e-004 7.92679754e-005 7.25212280e-005 6.97787737e-005 5.31918534e-005 3.75903843e-005 
5.00000000e-001 3.42857143e+001 0.00000000e+000 3.48434858e-004 1.94546109e-004 1.18581889e-004 1.03898293e-004 7.84476175e-005 7.17748971e-005 6.90624958e-005 5.26572216e-005 3.72286302e-005 
5.00000000e-001 3.33928571e+001 0.00000000e+000 3.20812795e-004 1.85455789e-004 1.14094310e-004 1.00166618e-004 7.59158042e-005 6.95307029e-005 6.69319224e-005 5.11625378e-005 3.62697262e-005 
5.00000000e-001 3.21428571e+001 0.00000000e+000 2.92831017e-004 1.74874271e-004 1.08597763e-004 9.55389189e-005 7.26983513e-005 6.66591305e-005 6.41979971e-005 4.92127389e-005 3.49975626e-005 
5.00000000e-001 3.05357143e+001 0.00000000e+000 2.54807828e-004 1.59400284e-004 1.00468569e-004 8.86923932e-005 6.79511551e-005 6.24288266e-005 6.01733745e-005 4.63555399e-005 3.31390576e-005 
5.00000000e-001 2.85714286e+001 0.00000000e+000 1.91255730e-004 1.32118658e-004 8.61427985e-005 7.66661409e-005 5.97039936e-005 5.51107006e-005 5.32241098e-005 4.14791472e-005 2.99984752e-005 
5.00000000e-001 2.62500000e+001 0.00000000e+000 1.11481268e-004 9.41792105e-005 6.58668027e-005 5.96100039e-005 4.79932893e-005 4.47219566e-005 4.33606198e-005 3.45647664e-005 2.55397697e-005 
5.00000000e-001 2.35714286e+001 0.00000000e+000 7.14643543e-005 7.06397862e-005 5.21111243e-005 4.77628162e-005 3.94352689e-005 3.70099082e-005 3.59891032e-005 2.91749203e-005 2.18918724e-005 
5.00000000e-001 2.05357143e+001 0.00000000e+000 4.51942456e-005 5.18419810e-005 4.02113922e-005 3.73031655e-005 3.15533855e-005 2.98172844e-005 2.90774210e-005 2.39543213e-005 1.82285204e-005 
5.00000000e-001 1.71428571e+001 0.00000000e+000 2.80544075e-005 3.71492135e-005 3.02021861e-005 2.83402431e-005 2.45360479e-005 2.33414553e-005 2.28252303e-005 1.90975933e-005 1.47189812e-005 
5.00000000e-001 1.33928571e+001 0.00000000e+000 1.75510318e-005 2.66151574e-005 2.25636339e-005 2.13882594e-005 1.89075004e-005 1.80966915e-005 1.77412078e-005 1.50558176e-005 1.17329630e-005 
5.00000000e-001 9.28571429e+000 0.00000000e+000 1.14357758e-005 1.96917818e-005 1.72577341e-005 1.64823329e-005 1.48015016e-005 1.42347320e-005 1.39833552e-005 1.20063102e-005 9.44306785e-006 
5.00000000e-001 4.82142857e+000 0.00000000e+000 8.81742230e-006 1.68186095e-005 1.49242399e-005 1.42598772e-005 1.28112565e-005 1.23281054e-005 1.21148148e-005 1.04393918e-005 8.25554769e-006 
5.00000000e-001 0.00000000e+000 0.00000000e+000 8.19813559e-006 1.62952668e-005 1.45697024e-005 1.39199100e-005 1.24754302e-005 1.19945935e-005 1.17831987e-005 1.01418441e-005 8.02620176e-006 
7.50000000e-001 3.50000000e+001 0.00000000e+000 4.97797837e-004 2.26639025e-004 1.30824617e-004 1.13291572e-004 8.37048439e-005 7.61445924e-005 7.30958744e-005 5.50161671e-005 3.84523683e-005 
7.50000000e-001 3.48214286e+001 0.00000000e+000 4.71799379e-004 2.21147096e-004 1.28562700e-004 1.11498310e-004 8.26059268e-005 7.51999417e-005 7.22105789e-005 5.44410963e-005 3.81104068e-005 
7.50000000e-001 3.42857143e+001 0.00000000e+000 4.63310516e-004 2.18188378e-004 1.26989962e-004 1.10156759e-004 8.16397342e-005 7.43273456e-005 7.13756024e-005 5.38279724e-005 3.77013748e-005 
7.50000000e-001 3.33928571e+001 0.00000000e+000 4.04779927e-004 2.03485948e-004 1.20369456e-004 1.04773086e-004 7.81487968e-005 7.12731324e-005 6.84917261e-005 5.18673548e-005 3.64800092e-005 
7.50000000e-001 3.21428571e+001 0.00000000e+000 3.52926372e-004 1.87903560e-004 1.12852147e-004 9.85536488e-005 7.39723314e-005 6.75822865e-005 6.49921579e-005 4.94296794e-005 3.49244313e-005 
7.50000000e-001 3.05357143e+001 0.00000000e+000 2.89536286e-004 1.66148296e-004 1.02015291e-004 8.95408719e-005 6.78793574e-005 6.21923682e-005 5.98799732e-005 4.58651530e-005 3.26468121e-005 
7.50000000e-001 2.85714286e+001 0.00000000e+000 1.93331131e-004 1.28955360e-004 8.31060478e-005 7.37904288e-005 5.72521458e-005 5.28083209e-005 5.09874327e-005 3.97044811e-005 2.87343933e-005 
7.50000000e-001 2.62500000e+001 0.00000000e+000 9.13273454e-005 8.04501023e-005 5.72952947e-005 5.21215066e-005 4.24604694e-005 3.97161534e-005 3.85701966e-005 3.10655631e-005 2.32230661e-005 
7.50000000e-001 2.35714286e+001 0.00000000e+000 4.94425456e-005 5.44122123e-005 4.19107277e-005 3.88525667e-005 3.28680183e-005 3.10757073e-005 3.03136738e-005 2.50483085e-005 1.91777254e-005 
7.50000000e-001 2.05357143e+001 0.00000000e+000 2.65388026e-005 3.62437886e-005 3.00874974e-005 2.84003403e-005 2.49115374e-005 2.37971817e-005 2.33128584e-005 1.97377580e-005 1.54464389e-005 
7.50000000e-001 1.71428571e+001 0.00000000e+000 1.39981058e-005 2.36883656e-005 2.11316702e-005 2.02956422e-005 1.84347243e-005 1.77863814e-005 1.74962925e-005 1.51623556e-005 1.21067098e-005 
7.50000000e-001 1.33928571e+001 0.00000000e+000 7.43798042e-006 1.55675660e-005 1.48520934e-005 1.44934827e-005 1.35932701e-005 1.32361533e-005 1.30698330e-005 1.15715747e-005 9.40547381e-006 
7.50000000e-001 9.28571429e+000 0.00000000e+000 4.12704884e-006 1.06601347e-005 1.07786920e-005 1.06559581e-005 1.02573040e-005 1.00636372e-005 9.96858080e-006 8.98652998e-006 7.41472604e-006 
7.50000000e-001 4.82142857e+000 0.00000000e+000 2.75102853e-006 8.55908994e-006 8.95842804e-006 8.90130520e-006 8.64434004e-006 8.50491313e-006 8.43514538e-006 7.66893338e-006 6.38974221e-006 
7.50000000e-001 0.00000000e+000 0.00000000e+000 2.39561543e-006 8.08706108e-006 8.60958759e-006 8.57040549e-006 8.33145988e-006 8.19732024e-006 8.13032048e-006 7.39766996e-006 6.17881334e-006 
1.00000000e+000 3.50000000e+001 0.00000000e+000 7.27783321e-004 2.64879925e-004 1.44275712e-004 1.23387903e-004 8.90601798e-005 8.05100283e-005 7.70896744e-005 5.72058438e-005 3.94834844e-005 
1.00000000e+000 3.48214286e+001 0.00000000e+000 6.69333372e-004 2.55564962e-004 1.40784418e-004 1.20682855e-004 8.74783441e-005 7.91686503e-005 7.58397104e-005 5.64204397e-005 3.90310875e-005 
1.00000000e+000 3.42857143e+001 0.00000000e+000 6.54811985e-004 2.51607160e-004 1.38852335e-004 1.19065124e-004 8.63520845e-005 7.81603800e-005 7.48782955e-005 5.57276454e-005 3.85759906e-005 
1.00000000e+000 3.33928571e+001 0.00000000e+000 5.35269633e-004 2.28663849e-004 1.29429587e-004 1.11570485e-004 8.17028858e-005 7.41437729e-005 7.11054496e-005 5.32382824e-005 3.70675434e-005 
1.00000000e+000 3.21428571e+001 0.00000000e+000 4.41299261e-004 2.06281777e-004 1.19438803e-004 1.03453738e-004 7.64430727e-005 6.95414634e-005 6.67594363e-005 5.02801801e-005 3.52191657e-005 
1.00000000e+000 3.05357143e+001 0.00000000e+000 3.38421489e-004 1.76743220e-004 1.05536011e-004 9.20415534e-005 6.89226286e-005 6.29361157e-005 6.05128710e-005 4.59973819e-005 3.25254275e-005 
1.00000000e+000 2.85714286e+001 0.00000000e+000 1.98612642e-004 1.28569932e-004 8.18635320e-005 7.24763610e-005 5.59217935e-005 5.15059354e-005 4.97009699e-005 3.85863747e-005 2.78694786e-005 
1.00000000e+000 2.62500000e+001 0.00000000e+000 7.71973916e-005 7.07730216e-005 5.11188928e-005 4.66765071e-005 3.83404084e-005 3.59569872e-005 3.49593009e-005 2.83619235e-005 2.13794177e-005 
1.00000000e+000 2.35714286e+001 0.00000000e+000 3.56644362e-005 4.33303696e-005 3.46135330e-005 3.23895410e-005 2.79509269e-005 2.65870114e-005 2.60017474e-005 2.18248043e-005 1.69908638e-005 
1.00000000e+000 2.05357143e+001 0.00000000e+000 1.63698902e-005 2.62343029e-005 2.31048845e-005 2.21388269e-005 2.00386616e-005 1.93228947e-005 1.90048345e-005 1.64788278e-005 1.32181976e-005 
1.00000000e+000 1.71428571e+001 0.00000000e+000 7.36536913e-006 1.56185787e-005 1.51369489e-005 1.48433389e-005 1.40751847e-005 1.37541013e-005 1.36023763e-005 1.21700538e-005 1.00376385e-005 
1.00000000e+000 1.33928571e+001 0.00000000e+000 3.31986220e-006 9.36898789e-006 9.96151258e-006 9.98494691e-006 9.89283276e-006 9.78877011e-006 9.73097148e-006 8.96499314e-006 7.58284931e-006 
1.00000000e+000 9.28571429e+000 0.00000000e+000 1.55296137e-006 5.88264481e-006 6.81196706e-006 6.95980899e-006 7.16025659e-006 7.16145056e-006 7.15095609e-006 6.75730356e-006 5.84088407e-006 
1.00000000e+000 4.82142857e+000 0.00000000e+000 8.74121891e-007 4.38489443e-006 5.39819183e-006 5.57472916e-006 5.84617631e-006 5.87941402e-006 5.88457913e-006 5.64169933e-006 4.95046274e-006 
1.00000000e+000 0.00000000e+000 0.00000000e+000 7.00035175e-007 4.01347182e-006 5.08761403e-006 5.27674894e-006 5.56399547e-006 5.60219656e-006 5.60986226e-006 5.39601346e-006 4.75663814e-006 
1.25000000e+000 3.50000000e+001 0.00000000e+000 1.12820637e-003 3.17309815e-004 1.61786789e-004 1.36432979e-004 9.59365183e-005 8.61212565e-005 8.22279014e-005 6.00578822e-005 4.08660620e-005 
1.25000000e+000 3.48214286e+001 0.00000000e+000 1.00070676e-003 3.02053855e-004 1.56579097e-004 1.32487686e-004 9.37317489e-005 8.42759891e-005 8.05177603e-005 5.90170418e-005 4.02845836e-005 
1.25000000e+000 3.42857143e+001 0.00000000e+000 9.76793125e-004 2.96683865e-004 1.54182895e-004 1.30523054e-004 9.24168396e-005 8.31109821e-005 7.94115150e-005 5.82375293e-005 3.97817995e-005 
1.25000000e+000 3.33928571e+001 0.00000000e+000 7.37714718e-004 2.61574460e-004 1.41021258e-004 1.20282294e-004 8.63377762e-005 7.79245107e-005 7.45650356e-005 5.51335907e-005 3.79520628e-005 
1.25000000e+000 3.21428571e+001 0.00000000e+000 5.69993462e-004 2.29803724e-004 1.27913499e-004 1.09830532e-004 7.98093451e-005 7.22705137e-005 6.92483951e-005 5.16001480e-005 3.57912836e-005 
1.25000000e+000 3.05357143e+001 0.00000000e+000 4.05333344e-004 1.90350743e-004 1.10406157e-004 9.56548123e-005 7.07131990e-005 6.43400266e-005 6.17714136e-005 4.65611497e-005 3.26714203e-005 
1.25000000e+000 2.85714286e+001 0.00000000e+000 2.05476449e-004 1.29533021e-004 8.15843223e-005 7.20278455e-005 5.52593936e-005 5.08127215e-005 4.89989581e-005 3.78967076e-005 2.72819088e-005 
1.25000000e+000 2.62500000e+001 0.00000000e+000 6.63544674e-005 6.33399971e-005 4.63571384e-005 4.24657720e-005 3.51203879e-005 3.30059916e-005 3.21188569e-005 2.62031724e-005 1.98771365e-005 
1.25000000e+000 2.35714286e+001 0.00000000e+000 2.63530666e-005 3.52488448e-005 2.91215447e-005 2.74798788e-005 2.41328816e-005 2.30761526e-005 2.26184031e-005 1.92428335e-005 1.51963821e-005 
1.25000000e+000 2.05357143e+001 0.00000000e+000 1.04017142e-005 1.94480940e-005 1.80906300e-005 1.75720828e-005 1.63619511e-005 1.59110808e-005 1.57049255e-005 1.39117414e-005 1.14088524e-005 
1.25000000e+000 1.71428571e+001 0.00000000e+000 4.00626468e-006 1.05541121e-005 1.10478336e-005 1.10428746e-005 1.08938869e-005 1.07706488e-005 1.07043901e-005 9.86290581e-006 8.38246920e-006 
1.25000000e+000 1.33928571e+001 0.00000000e+000 1.53338579e-006 5.76724692e-006 6.78894306e-006 6.97788039e-006 7.27870000e-006 7.31171134e-006 7.31471734e-006 6.99688671e-006 6.14625689e-006 
1.25000000e+000 9.28571429e+000 0.00000000e+000 6.02558156e-007 3.30059213e-006 4.35155112e-006 4.58860549e-006 5.03268035e-006 5.12777494e-006 5.16010010e-006 5.10350716e-006 4.61549103e-006 
1.25000000e+000 4.82142857e+000 0.00000000e+000 2.82279327e-007 2.26075004e-006 3.26508089e-006 3.50259815e-006 3.96272026e-006 4.07261930e-006 4.11312187e-006 4.15616125e-006 3.83909856e-006 
1.25000000e+000 0.00000000e+000 0.00000000e+000 2.04561255e-007 1.99181940e-006 3.00639543e-006 3.24886459e-006 3.71580154e-006 3.82864285e-006 3.87076495e-006 3.93596426e-006 3.66180476e-006 
1.50000000e+000 3.50000000e+001 0.00000000e+000 1.83788722e-003 3.88663786e-004 1.84035915e-004 1.52791807e-004 1.04387801e-004 9.29915476e-005 8.85111705e-005 6.35363750e-005 4.25663506e-005 
1.50000000e+000 3.48214286e+001 0.00000000e+000 1.56414674e-003 3.64218196e-004 1.76436690e-004 1.47161225e-004 1.01378416e-004 9.05049480e-005 8.62189335e-005 6.21840020e-005 4.18331157e-005 
1.50000000e+000 3.42857143e+001 0.00000000e+000 1.52766734e-003 3.56898566e-004 1.73437534e-004 1.44754839e-004 9.98345998e-005 8.91527935e-005 8.49409642e-005 6.13061375e-005 4.12788115e-005 
1.50000000e+000 3.33928571e+001 0.00000000e+000 1.05523778e-003 3.03862394e-004 1.55269335e-004 1.30922484e-004 9.19741034e-005 8.25295965e-005 7.87838838e-005 5.74785571e-005 3.90843577e-005 
1.50000000e+000 3.21428571e+001 0.00000000e+000 7.59078911e-004 2.59115606e-004 1.38195811e-004 1.17561947e-004 8.39343385e-005 7.56394627e-005 7.23328672e-005 5.32954078e-005 3.65829425e-005 
1.50000000e+000 3.05357143e+001 0.00000000e+000 4.97618988e-004 2.06920328e-004 1.16378921e-004 1.00142879e-004 7.30596978e-005 6.62306458e-005 6.34899616e-005 4.74411317e-005 3.30167734e-005 
1.50000000e+000 2.85714286e+001 0.00000000e+000 2.13418006e-004 1.31243647e-004 8.18607577e-005 7.20886385e-005 5.50108444e-005 5.05036386e-005 4.86683321e-005 3.74929805e-005 2.68898903e-005 
1.50000000e+000 2.62500000e+001 0.00000000e+000 5.76355708e-005 5.73056183e-005 4.24964111e-005 3.90505689e-005 3.25003024e-005 3.06003332e-005 2.98011451e-005 2.44277813e-005 1.86256234e-005 
1.50000000e+000 2.35714286e+001 0.00000000e+000 1.97828117e-005 2.90899575e-005 2.48265197e-005 2.36133086e-005 2.10771977e-005 2.02512768e-005 1.98897414e-005 1.71281802e-005 1.36989133e-005 
1.50000000e+000 2.05357143e+001 0.00000000e+000 6.74171220e-006 1.46631952e-005 1.43730178e-005 1.41415965e-005 1.35203881e-005 1.32508317e-005 1.31221684e-005 1.18546417e-005 9.92075656e-006 
1.50000000e+000 1.71428571e+001 0.00000000e+000 2.22828410e-006 7.26287201e-006 8.18396867e-006 8.32962258e-006 8.52848460e-006 8.52490039e-006 8.51156971e-006 8.06096704e-006 7.04589310e-006 
1.50000000e+000 1.33928571e+001 0.00000000e+000 7.24981008e-007 3.61353306e-006 4.68930057e-006 4.93630529e-006 5.40716664e-006 5.51016301e-006 5.54570202e-006 5.49772369e-006 5.00678835e-006 
1.50000000e+000 9.28571429e+000 0.00000000e+000 2.39065262e-007 1.87819946e-006 2.80678340e-006 3.05123549e-006 3.55992303e-006 3.69291549e-006 3.74420244e-006 3.87066816e-006 3.65816648e-006 
1.50000000e+000 4.82142857e+000 0.00000000e+000 9.24485619e-008 1.17262261e-006 1.98204621e-006 2.20755836e-006 2.69199989e-006 2.82664925e-006 2.88035032e-006 3.06600932e-006 2.98008859e-006 
1.50000000e+000 0.00000000e+000 0.00000000e+000 5.97761102e-008 9.88507443e-007 1.77655308e-006 2.00030817e-006 2.48152316e-006 2.61656448e-006 2.67080063e-006 2.87097439e-006 2.81896895e-006 
1.75000000e+000 3.50000000e+001 0.00000000e+000 3.11904626e-003 4.85943910e-004 2.12093243e-004 1.73089681e-004 1.14585088e-004 1.01227038e-004 9.60242723e-005 6.76500747e-005 4.45714464e-005 
1.75000000e+000 3.48214286e+001 0.00000000e+000 2.53627854e-003 4.47335433e-004 2.01170857e-004 1.65174197e-004 1.10537333e-004 9.79244909e-005 9.29958452e-005 6.59172861e-005 4.36593145e-005 
1.75000000e+000 3.42857143e+001 0.00000000e+000 2.48765905e-003 4.37406490e-004 1.97396408e-004 1.62207991e-004 1.08713771e-004 9.63464622e-005 9.15117548e-005 6.49255523e-005 4.30478359e-005 
1.75000000e+000 3.33928571e+001 0.00000000e+000 1.55987288e-003 3.58030151e-004 1.72526825e-004 1.43675308e-004 9.86266923e-005 8.79516236e-005 8.37477090e-005 6.02402840e-005 4.04358522e-005 
1.75000000e+000 3.21428571e+001 0.00000000e+000 1.04047472e-003 2.95392339e-004 1.50397368e-004 1.26677990e-004 8.87728942e-005 7.95958766e-005 7.59587079e-005 5.53146175e-005 3.75577824e-005 
1.75000000e+000 3.05357143e+001 0.00000000e+000 6.26951565e-004 2.26776334e-004 1.23390509e-004 1.05418918e-004 7.58665732e-005 6.85163522e-005 6.55791411e-005 4.85680153e-005 3.35167256e-005 
1.75000000e+000 2.85714286e+001 0.00000000e+000 2.22267092e-004 1.33425871e-004 8.24824450e-005 7.24684961e-005 5.50296923e-005 5.04458530e-005 4.85820389e-005 3.72847294e-005 2.66379252e-005 
1.75000000e+000 2.62500000e+001 0.00000000e+000 5.04288575e-005 5.22286876e-005 3.92505998e-005 3.61805139e-005 3.02984713e-005 2.85777610e-005 2.78519453e-005 2.29296783e-005 1.75617823e-005 
1.75000000e+000 2.35714286e+001 0.00000000e+000 1.50194949e-005 2.42544495e-005 2.13707510e-005 2.04834582e-005 1.85711268e-005 1.79247841e-005 1.76383889e-005 1.53625578e-005 1.24301945e-005 
1.75000000e+000 2.05357143e+001 0.00000000e+000 4.43226890e-006 1.11937571e-005 1.15475403e-005 1.15034101e-005 1.12796967e-005 1.11369475e-005 1.10631200e-005 1.01809626e-005 8.68245612e-006 
1.75000000e+000 1.71428571e+001 0.00000000e+000 1.25931118e-006 5.06711178e-006 6.13445937e-006 6.35341937e-006 6.74073812e-006 6.80855692e-006 6.82773824e-006 6.63695561e-006 5.95703437e-006 
1.75000000e+000 1.33928571e+001 0.00000000e+000 3.48520854e-007 2.29575118e-006 3.27549272e-006 3.52837472e-006 4.05089342e-006 4.18522959e-006 4.23659292e-006 4.34626114e-006 4.09752267e-006 
1.75000000e+000 9.28571429e+000 0.00000000e+000 9.64103250e-008 1.08154205e-006 1.82601340e-006 2.04463709e-006 2.53303951e-006 2.67391118e-006 2.73090037e-006 2.94732683e-006 2.90778648e-006 
1.75000000e+000 4.82142857e+000 0.00000000e+000 3.06448363e-008 6.11666572e-007 1.20738831e-006 1.39554449e-006 1.83270657e-006 1.96566288e-006 2.02077965e-006 2.26487002e-006 2.31547688e-006 
1.75000000e+000 0.00000000e+000 0.00000000e+000 1.74675775e-008 4.90580380e-007 1.04980929e-006 1.23157913e-006 1.65723554e-006 1.78820827e-006 1.84283398e-006 2.09414882e-006 2.17012841e-006 
2.00000000e+000 3.50000000e+001 0.00000000e+000 5.47272521e-003 6.19198003e-004 2.47433954e-004 1.98198786e-004 1.26793466e-004 1.11005572e-004 1.04916079e-004 7.24399078e-005 4.68833741e-005 
2.00000000e+000 3.48214286e+001 0.00000000e+000 4.23762327e-003 5.58818280e-004 2.31905144e-004 1.87192397e-004 1.21407734e-004 1.06666211e-004 1.00957608e-004 7.02426685e-005 4.57601447e-005 
2.00000000e+000 3.42857143e+001 0.00000000e+000 4.19034418e-003 5.45516798e-004 2.27149289e-004 1.83524960e-004 1.19243304e-004 1.04815627e-004 9.92258714e-005 6.91180216e-005 4.50842509e-005 
2.00000000e+000 3.33928571e+001 0.00000000e+000 2.37264575e-003 4.27525710e-004 1.93323155e-004 1.58846925e-004 1.06371657e-004 9.42336450e-005 8.94887085e-005 6.34130675e-005 4.19919634e-005 
2.00000000e+000 3.21428571e+001 0.00000000e+000 1.46496259e-003 3.40285579e-004 1.64752269e-004 1.37301463e-004 9.43344770e-005 8.41338749e-005 8.01152112e-005 5.76333661e-005 3.86937764e-005 
2.00000000e+000 3.05357143e+001 0.00000000e+000 8.11539255e-004 2.50492189e-004 1.31476181e-004 1.11477810e-004 7.90924069e-005 7.11526880e-005 6.79939338e-005 4.99009204e-005 3.41419159e-005 
2.00000000e+000 2.85714286e+001 0.00000000e+000 2.31979246e-004 1.35942842e-004 8.33351754e-005 7.30613270e-005 5.52289886e-005 5.05588852e-005 4.86624236e-005 3.72135324e-005 2.64879351e-005 
2.00000000e+000 2.62500000e+001 0.00000000e+000 4.43640410e-005 4.78546405e-005 3.64500696e-005 3.37049286e-005 2.84009005e-005 2.68349250e-005 2.61723633e-005 2.16377776e-005 1.66410923e-005 
2.00000000e+000 2.35714286e+001 0.00000000e+000 1.15014224e-005 2.03783401e-005 1.85311521e-005 1.78968150e-005 1.64754281e-005 1.59722928e-005 1.57460625e-005 1.38639961e-005 1.13407093e-005 
2.00000000e+000 2.05357143e+001 0.00000000e+000 2.94562351e-006 8.62651337e-006 9.35855669e-006 9.43660605e-006 9.48326027e-006 9.43037194e-006 9.39590827e-006 8.80104023e-006 7.64104562e-006 
2.00000000e+000 1.71428571e+001 0.00000000e+000 7.20288748e-007 3.57288649e-006 4.64190923e-006 4.89009559e-006 5.37043940e-006 5.47933754e-006 5.51799176e-006 5.49960468e-006 5.06270335e-006 
2.00000000e+000 1.33928571e+001 0.00000000e+000 1.69628599e-007 1.47462301e-006 2.30936524e-006 2.54415744e-006 3.05722001e-006 3.20091133e-006 3.25831080e-006 3.45499290e-006 3.36777631e-006 
2.00000000e+000 9.28571429e+000 0.00000000e+000 3.93567471e-008 6.28991275e-007 1.19699084e-006 1.37958700e-006 1.81214735e-006 1.94574273e-006 2.00140191e-006 2.25266340e-006 2.31771507e-006 
2.00000000e+000 4.82142857e+000 0.00000000e+000 1.02624262e-008 3.20740350e-007 7.37951906e-007 8.84780007e-007 1.25031974e-006 1.36950627e-006 1.42027751e-006 1.67529373e-006 1.80076692e-006 
2.00000000e+000 0.00000000e+000 0.00000000e+000 5.10432663e-009 2.43467307e-007 6.20358549e-007 7.58276950e-007 1.10675177e-006 1.22209462e-006 1.27154291e-006 1.52751616e-006 1.67063127e-006 
2.25000000e+000 3.50000000e+001 0.00000000e+000 9.86680298e-003 8.02778292e-004 2.92013923e-004 2.29266023e-004 1.41367032e-004 1.22569580e-004 1.15392016e-004 7.79724417e-005 4.95154526e-005 
2.25000000e+000 3.48214286e+001 0.00000000e+000 7.25534304e-003 7.08990548e-004 2.70112413e-004 2.14086379e-004 1.34260002e-004 1.16914632e-004 1.10260187e-004 7.52085846e-005 4.81431129e-005 
2.25000000e+000 3.42857143e+001 0.00000000e+000 7.25964402e-003 6.91505188e-004 2.64135987e-004 2.09552906e-004 1.31683259e-004 1.14736887e-004 1.08232212e-004 7.39286067e-005 4.73941118e-005 
2.25000000e+000 3.33928571e+001 0.00000000e+000 3.69854872e-003 5.16986350e-004 2.18357905e-004 1.76851048e-004 1.15330976e-004 1.01455205e-004 9.60723030e-005 6.70099361e-005 4.37478648e-005 
2.25000000e+000 3.21428571e+001 0.00000000e+000 2.11389604e-003 3.95984970e-004 1.81592407e-004 1.49623243e-004 1.00664433e-004 8.92777627e-005 8.48197534e-005 6.02447975e-005 3.99786325e-005 
2.25000000e+000 3.05357143e+001 0.00000000e+000 1.07988495e-003 2.78869211e-004 1.40734231e-004 1.18364198e-004 8.27281008e-005 7.41235911e-005 7.07161581e-005 5.14169229e-005 3.48733032e-005 
2.25000000e+000 2.85714286e+001 0.00000000e+000 2.42567736e-004 1.38722583e-004 8.43539397e-005 7.38054359e-005 5.55555368e-005 5.07926561e-005 4.88608058e-005 3.72409794e-005 2.64134852e-005 
2.25000000e+000 2.62500000e+001 0.00000000e+000 3.91952660e-005 4.40235211e-005 3.39880300e-005 3.15282676e-005 2.67333862e-005 2.53038190e-005 2.46970005e-005 2.05034066e-005 1.58317000e-005 
2.25000000e+000 2.35714286e+001 0.00000000e+000 8.86747625e-006 1.72242045e-005 1.61608220e-005 1.57250981e-005 1.46957019e-005 1.43087008e-005 1.41314907e-005 1.25744702e-005 1.03940339e-005 
2.25000000e+000 2.05357143e+001 0.00000000e+000 1.97436665e-006 6.69780604e-006 7.63723691e-006 7.79358895e-006 8.02326703e-006 8.03436014e-006 8.02835182e-006 7.65018816e-006 6.75687291e-006 
2.25000000e+000 1.71428571e+001 0.00000000e+000 4.15858746e-007 2.54051485e-006 3.53955005e-006 3.79177519e-006 4.30744494e-006 4.43810521e-006 4.48778666e-006 4.58256183e-006 4.32260789e-006 
2.25000000e+000 1.33928571e+001 0.00000000e+000 8.33491866e-008 9.55531438e-007 1.64090153e-006 1.84807452e-006 2.32209157e-006 2.46296379e-006 2.52077569e-006 2.76017530e-006 2.77892117e-006 
2.25000000e+000 9.28571429e+000 0.00000000e+000 1.62163274e-008 3.68828549e-007 7.89888474e-007 9.36575152e-007 1.30283888e-006 1.42236532e-006 1.47327312e-006 1.72778451e-006 1.85224995e-006 
2.25000000e+000 4.82142857e+000 0.00000000e+000 3.46637042e-009 1.69006817e-007 4.52468378e-007 5.62515681e-007 8.54735216e-007 9.55903751e-007 9.99970721e-007 1.24080854e-006 1.40176204e-006 
2.25000000e+000 0.00000000e+000 0.00000000e+000 1.49157464e-009 1.20829054e-007 3.66585490e-007 4.66867352e-007 7.39122281e-007 8.35202210e-007 8.77356094e-007 1.11420252e-006 1.28610319e-006 
2.50000000e+000 3.50000000e+001 0.00000000e+000 1.81889789e-002 1.05722376e-003 3.48395654e-004 2.67769939e-004 1.58754887e-004 1.36227374e-004 1.27714067e-004 8.43370006e-005 5.24901413e-005 
2.50000000e+000 3.48214286e+001 0.00000000e+000 1.26743439e-002 9.12231356e-004 3.17691190e-004 2.46964276e-004 1.49436566e-004 1.28905351e-004 1.21103839e-004 8.08825451e-005 5.08239490e-005 
2.50000000e+000 3.42857143e+001 0.00000000e+000 1.28733804e-002 8.89826207e-004 3.10225486e-004 2.41377514e-004 1.46365646e-004 1.26337840e-004 1.18723902e-004 7.94214819e-005 4.99917678e-005 
2.50000000e+000 3.33928571e+001 0.00000000e+000 5.88751130e-003 6.32616138e-004 2.48518915e-004 1.98212321e-004 1.25666428e-004 1.09725985e-004 1.03590826e-004 7.10578440e-005 4.57057927e-005 
2.50000000e+000 3.21428571e+001 0.00000000e+000 3.11859235e-003 4.65347222e-004 2.01344168e-004 1.63894310e-004 1.07834815e-004 9.50735352e-005 9.01096503e-005 6.31540797e-005 4.14068265e-005 
2.50000000e+000 3.05357143e+001 0.00000000e+000 1.47691961e-003 3.12962732e-004 1.51311731e-004 1.26158119e-004 8.67854020e-005 7.74311596e-005 7.37447769e-005 5.31047635e-005 3.56988611e-005 
2.50000000e+000 2.85714286e+001 0.00000000e+000 2.54077815e-004 1.41725939e-004 8.55001572e-005 7.46635360e-005 5.59758183e-005 5.11151657e-005 4.91458865e-005 3.73413508e-005 2.63959989e-005 
2.50000000e+000 2.62500000e+001 0.00000000e+000 3.47485694e-005 4.06276253e-005 3.17934584e-005 2.95868811e-005 2.52458275e-005 2.39382049e-005 2.33812410e-005 1.94924906e-005 1.51104802e-005 
2.50000000e+000 2.35714286e+001 0.00000000e+000 6.87477511e-006 1.46283634e-005 1.41582836e-005 1.38794427e-005 1.31657294e-005 1.28739541e-005 1.27371579e-005 1.14520073e-005 9.56298428e-006 
2.50000000e+000 2.05357143e+001 0.00000000e+000 1.33253082e-006 5.23178962e-006 6.26771120e-006 6.47218829e-006 6.82340159e-006 6.87986983e-006 6.89442274e-006 6.68088249e-006 5.99984680e-006 
2.50000000e+000 1.71428571e+001 0.00000000e+000 2.41906664e-007 1.81874530e-006 2.71604346e-006 2.95820509e-006 3.47441170e-006 3.61444225e-006 3.66963186e-006 3.83691931e-006 3.70593508e-006 
2.50000000e+000 1.33928571e+001 0.00000000e+000 4.12645851e-008 6.23585112e-007 1.17353767e-006 1.35085532e-006 1.77354918e-006 1.90521875e-006 1.96033374e-006 2.21494384e-006 2.30132940e-006 
2.50000000e+000 9.28571429e+000 0.00000000e+000 6.73044517e-009 2.17763786e-007 5.24282135e-007 6.39281223e-007 9.40888383e-007 1.04413494e-006 1.08892052e-006 1.32956167e-006 1.48396609e-006 
2.50000000e+000 4.82142857e+000 0.00000000e+000 1.17931658e-009 8.94535949e-008 2.78263681e-007 3.58580938e-007 5.85457068e-007 6.68398448e-007 7.05243629e-007 9.20178747e-007 1.09215518e-006 
2.50000000e+000 0.00000000e+000 0.00000000e+000 4.35865282e-010 5.99656217e-008 2.16624668e-007 2.87447987e-007 4.93608290e-007 5.70792832e-007 6.05369929e-007 8.12722916e-007 9.90081761e-007 
0.00000000e+000 3.50000000e+001 1.00000000e+001 2.21255900e-004 1.49318468e-004 9.50243559e-005 8.39822358e-005 6.44118659e-005 5.91720596e-005 5.70276300e-005 4.38346191e-005 3.11202862e-005 
0.00000000e+000 3.48214286e+001 1.00000000e+001 2.20409857e-004 1.48758343e-004 9.46753154e-005 8.36758488e-005 6.41800342e-005 5.89597897e-005 5.68233060e-005 4.36784314e-005 3.10097134e-005 
0.00000000e+000 3.42857143e+001 1.00000000e+001 2.18344322e-004 1.47359028e-004 9.38023990e-005 8.29095588e-005 6.35999782e-005 5.84285404e-005 5.63118825e-005 4.32872406e-005 3.07329467e-005 
0.00000000e+000 3.33928571e+001 1.00000000e+001 2.15212520e-004 1.45259190e-004 9.24917623e-005 8.17577556e-005 6.27252783e-005 5.76265505e-005 5.55394617e-005 4.26949329e-005 3.03135200e-005 
0.00000000e+000 3.21428571e+001 1.00000000e+001 2.10729544e-004 1.42248564e-004 9.05974120e-005 8.00889849e-005 6.14521876e-005 5.64579782e-005 5.44134858e-005 4.18296474e-005 2.96995640e-005 
0.00000000e+000 3.05357143e+001 1.00000000e+001 2.05338036e-004 1.38614150e-004 8.82995552e-005 7.80619397e-005 5.99012253e-005 5.50331656e-005 5.30401514e-005 4.07724322e-005 2.89485584e-005 
0.00000000e+000 2.85714286e+001 1.00000000e+001 1.98202305e-004 1.33842479e-004 8.52807228e-005 7.53984274e-005 5.78635173e-005 5.31616486e-005 5.12364801e-005 3.93849260e-005 2.79621405e-005 
0.00000000e+000 2.62500000e+001 1.00000000e+001 1.88069482e-004 1.27106786e-004 8.10194544e-005 7.16396187e-005 5.49925895e-005 5.05272247e-005 4.86986317e-005 3.74376778e-005 2.65785084e-005 
0.00000000e+000 2.35714286e+001 1.00000000e+001 1.76778389e-004 1.19647295e-004 7.62984094e-005 6.74727207e-005 5.18073510e-005 4.76043397e-005 4.58829690e-005 3.52781030e-005 2.50442758e-005 
0.00000000e+000 2.05357143e+001 1.00000000e+001 1.62334967e-004 1.10196318e-004 7.03237075e-005 6.22031200e-005 4.77907952e-005 4.39232947e-005 4.23390238e-005 3.25698112e-005 2.31246237e-005 
0.00000000e+000 1.71428571e+001 1.00000000e+001 1.44701395e-004 9.85725812e-005 6.29520676e-005 5.57001775e-005 4.28380856e-005 3.93869157e-005 3.79728327e-005 2.92391467e-005 2.07648948e-005 
0.00000000e+000 1.33928571e+001 1.00000000e+001 1.27589365e-004 8.72969574e-005 5.57543026e-005 4.93333786e-005 3.79618510e-005 3.49146435e-005 3.36662634e-005 2.59477797e-005 1.84315678e-005 
0.00000000e+000 9.28571429e+000 1.00000000e+001 1.13648275e-004 7.82241351e-005 4.98695345e-005 4.40927783e-005 3.38891076e-005 3.11655060e-005 3.00510613e-005 2.31694819e-005 1.64614843e-005 
0.00000000e+000 4.82142857e+000 1.00000000e+001 1.07692693e-004 7.43453128e-005 4.70495898e-005 4.14732242e-005 3.16741596e-005 2.90840736e-005 2.80283074e-005 2.15616913e-005 1.53119008e-005 
0.00000000e+000 0.00000000e+000 1.00000000e+001 1.06762567e-004 7.37558828e-005 4.66134936e-005 4.10368148e-005 3.12247741e-005 2.86391391e-005 2.75871946e-005 2.11777291e-005 1.50264150e-005 
2.50000000e-001 3.50000000e+001 1.00000000e+001 2.25755365e-004 1.45504338e-004 9.20981451e-005 8.13705983e-005 6.24472426e-005 5.73952471e-005 5.53286904e-005 4.26090208e-005 3.03282394e-005 
2.50000000e-001 3.48214286e+001 1.00000000e+001 2.22505833e-004 1.44139047e-004 9.13777055e-005 8.07638184e-005 6.20261493e-005 5.70195972e-005 5.49710730e-005 4.23533574e-005 3.01594628e-005 
2.50000000e-001 3.42857143e+001 1.00000000e+001 2.18515257e-004 1.41952214e-004 9.01194330e-005 7.96818882e-005 6.12424642e-005 5.63113846e-005 5.42931407e-005 4.18522007e-005 2.98170422e-005 
2.50000000e-001 3.33928571e+001 1.00000000e+001 2.08489668e-004 1.37339076e-004 8.76137812e-005 7.75566561e-005 5.97458197e-005 5.49703611e-005 5.30141259e-005 4.09279585e-005 2.92015562e-005 
2.50000000e-001 3.21428571e+001 1.00000000e+001 1.96137289e-004 1.31252831e-004 8.42244613e-005 7.46640298e-005 5.76831397e-005 5.31155704e-005 5.12424884e-005 3.96367500e-005 2.83342963e-005 
2.50000000e-001 3.05357143e+001 1.00000000e+001 1.79177460e-004 1.22938744e-004 7.96282229e-005 7.07503841e-005 5.49083853e-005 5.06255853e-005 4.88663256e-005 3.79158048e-005 2.71874271e-005 
2.50000000e-001 2.85714286e+001 1.00000000e+001 1.51621140e-004 1.09714714e-004 7.24232404e-005 6.46435080e-005 5.06283174e-005 4.68005191e-005 4.52227946e-005 3.53086531e-005 2.54730871e-005 
2.50000000e-001 2.62500000e+001 1.00000000e+001 1.13478705e-004 9.13763189e-005 6.24554372e-005 5.62009192e-005 4.47230783e-005 4.15271859e-005 4.02014942e-005 3.17230407e-005 2.31168400e-005 
2.50000000e-001 2.35714286e+001 1.00000000e+001 9.07445442e-005 7.88942904e-005 5.52316975e-005 4.99739519e-005 4.01951799e-005 3.74345603e-005 3.62842214e-005 2.88342422e-005 2.11495862e-005 
2.50000000e-001 2.05357143e+001 1.00000000e+001 7.21571304e-005 6.73615744e-005 4.81876713e-005 4.38174136e-005 3.55901159e-005 3.32378349e-005 3.22534527e-005 2.57995226e-005 1.90352436e-005 
2.50000000e-001 1.71428571e+001 1.00000000e+001 5.64773291e-005 5.63376655e-005 4.10965522e-005 3.75398243e-005 3.07726715e-005 2.88154222e-005 2.79930060e-005 2.25333833e-005 1.67140693e-005 
2.50000000e-001 1.33928571e+001 1.00000000e+001 4.43441455e-005 4.70455486e-005 3.48993598e-005 3.20000088e-005 2.64352852e-005 2.48110869e-005 2.41263641e-005 1.95302807e-005 1.45535813e-005 
2.50000000e-001 9.28571429e+000 1.00000000e+001 3.58527367e-005 4.01911085e-005 3.01776977e-005 2.77351090e-005 2.30202613e-005 2.16385911e-005 2.10553299e-005 1.71147057e-005 1.28013175e-005 
2.50000000e-001 4.82142857e+000 1.00000000e+001 3.17186800e-005 3.69655787e-005 2.78239889e-005 2.55492784e-005 2.11581649e-005 1.98800386e-005 1.93421511e-005 1.57276679e-005 1.17865226e-005 
2.50000000e-001 0.00000000e+000 1.00000000e+001 3.06392633e-005 3.62289436e-005 2.73328674e-005 2.50866372e-005 2.07294903e-005 1.94633668e-005 1.89315004e-005 1.53761149e-005 1.15234856e-005 
5.00000000e-001 3.50000000e+001 1.00000000e+001 2.79817628e-004 1.56134456e-004 9.51943915e-005 8.34649709e-005 6.31989866e-005 5.78919444e-005 5.57336844e-005 4.26270353e-005 3.01824289e-005 
5.00000000e-001 3.48214286e+001 1.00000000e+001 2.71479770e-004 1.53615829e-004 9.40040894e-005 8.24885674e-005 6.25568793e-005 5.73281671e-005 5.52005592e-005 4.22610292e-005 2.99508701e-005 
5.00000000e-001 3.42857143e+001 1.00000000e+001 2.64986530e-004 1.50699959e-004 9.24128443e-005 8.11367408e-005 6.16011826e-005 5.64706211e-005 5.43821258e-005 4.16667119e-005 2.95521908e-005 
5.00000000e-001 3.33928571e+001 1.00000000e+001 2.43239203e-004 1.43091568e-004 8.86159633e-005 7.79803730e-005 5.94679803e-005 5.45825067e-005 5.25906308e-005 4.04122281e-005 2.87439678e-005 
5.00000000e-001 3.21428571e+001 1.00000000e+001 2.20309409e-004 1.33912471e-004 8.38172802e-005 7.39465278e-005 5.66803332e-005 5.20993712e-005 5.02283141e-005 3.87323004e-005 2.76449766e-005 
5.00000000e-001 3.05357143e+001 1.00000000e+001 1.90639078e-004 1.21376274e-004 7.72101536e-005 6.83873093e-005 5.28384468e-005 4.86792440e-005 4.69757531e-005 3.64272161e-005 2.61459367e-005 
5.00000000e-001 2.85714286e+001 1.00000000e+001 1.44595754e-004 1.01103555e-004 6.65000523e-005 5.93848675e-005 4.66486009e-005 4.31825770e-005 4.17546237e-005 3.27598401e-005 2.37886262e-005 
5.00000000e-001 2.62500000e+001 1.00000000e+001 8.60013593e-005 7.33252099e-005 5.16728724e-005 4.69080088e-005 3.80680463e-005 3.55666550e-005 3.45224498e-005 2.76910073e-005 2.05370426e-005 
5.00000000e-001 2.35714286e+001 1.00000000e+001 5.77496714e-005 5.73066072e-005 4.24790609e-005 3.90186479e-005 3.24044526e-005 3.04718316e-005 2.96563861e-005 2.41552727e-005 1.81749640e-005 
5.00000000e-001 2.05357143e+001 1.00000000e+001 3.88775333e-005 4.46649835e-005 3.47026852e-005 3.22237521e-005 2.73366114e-005 2.58602343e-005 2.52303477e-005 2.08418759e-005 1.58868817e-005 
5.00000000e-001 1.71428571e+001 1.00000000e+001 2.58840503e-005 3.43209413e-005 2.78720212e-005 2.61452577e-005 2.26274750e-005 2.15264797e-005 2.10511613e-005 1.76218075e-005 1.35918419e-005 
5.00000000e-001 1.33928571e+001 1.00000000e+001 1.73604724e-005 2.65056552e-005 2.24202910e-005 2.12237983e-005 1.86987650e-005 1.78791517e-005 1.75210684e-005 1.48433657e-005 1.15692201e-005 
5.00000000e-001 9.28571429e+000 1.00000000e+001 1.21229847e-005 2.11576945e-005 1.85175107e-005 1.76540752e-005 1.57669439e-005 1.51348133e-005 1.48559628e-005 1.27065165e-005 9.98992965e-006 
5.00000000e-001 4.82142857e+000 1.00000000e+001 9.54524226e-006 1.85114085e-005 1.65210740e-005 1.57936433e-005 1.41672577e-005 1.36175594e-005 1.33747933e-005 1.14888951e-005 9.08191512e-006 
5.00000000e-001 0.00000000e+000 1.00000000e+001 8.79394802e-006 1.77962988e-005 1.60275523e-005 1.53362243e-005 1.37620435e-005 1.32275803e-005 1.29917228e-005 1.11639245e-005 8.83719503e-006 
7.50000000e-001 3.50000000e+001 1.00000000e+001 3.80299451e-004 1.75939644e-004 1.02070773e-004 8.85423558e-005 6.57324273e-005 5.98997082e-005 5.75453586e-005 4.35100266e-005 3.05074100e-005 
7.50000000e-001 3.48214286e+001 1.00000000e+001 3.60509700e-004 1.71609737e-004 1.00232713e-004 8.70722068e-005 6.48130710e-005 5.91040989e-005 5.67975389e-005 4.30146191e-005 3.02050766e-005 
7.50000000e-001 3.42857143e+001 1.00000000e+001 3.49348580e-004 1.67757794e-004 9.82730506e-005 8.54318514e-005 6.36848072e-005 5.80991419e-005 5.58412954e-005 4.23318339e-005 2.97541287e-005 
7.50000000e-001 3.33928571e+001 1.00000000e+001 3.04083752e-004 1.55902172e-004 9.28656271e-005 8.10277960e-005 6.08252528e-005 5.55966835e-005 5.34780668e-005 4.07220030e-005 2.87449035e-005 
7.50000000e-001 3.21428571e+001 1.00000000e+001 2.62708949e-004 1.42815111e-004 8.64840005e-005 7.57460864e-005 5.72833103e-005 5.24681522e-005 5.05121540e-005 3.86554633e-005 2.74201741e-005 
7.50000000e-001 3.05357143e+001 1.00000000e+001 2.14174749e-004 1.25522418e-004 7.78107115e-005 6.85288388e-005 5.24023088e-005 4.81497427e-005 4.64159179e-005 3.57968071e-005 2.55906693e-005 
7.50000000e-001 2.85714286e+001 1.00000000e+001 1.45788638e-004 9.82210864e-005 6.37813418e-005 5.68102063e-005 4.44464643e-005 4.11116660e-005 3.97414951e-005 3.11561402e-005 2.26427246e-005 
7.50000000e-001 2.62500000e+001 1.00000000e+001 7.05620783e-005 6.24674226e-005 4.47367987e-005 4.08047137e-005 3.34852769e-005 3.14000403e-005 3.05269532e-005 2.47388182e-005 1.85651948e-005 
7.50000000e-001 2.35714286e+001 1.00000000e+001 4.02414325e-005 4.41822112e-005 3.40975735e-005 3.16579456e-005 2.69106507e-005 2.54880786e-005 2.48820980e-005 2.06514148e-005 1.58541904e-005 
7.50000000e-001 2.05357143e+001 1.00000000e+001 2.30406648e-005 3.13117238e-005 2.59598886e-005 2.45113489e-005 2.15385678e-005 2.05918945e-005 2.01803243e-005 1.71255206e-005 1.34233864e-005 
7.50000000e-001 1.71428571e+001 1.00000000e+001 1.30124791e-005 2.19407519e-005 1.95058703e-005 1.87180492e-005 1.69795508e-005 1.63793307e-005 1.61114683e-005 1.39642752e-005 1.11576168e-005 
7.50000000e-001 1.33928571e+001 1.00000000e+001 7.36433037e-006 1.54938736e-005 1.47368349e-005 1.43588914e-005 1.34170068e-005 1.30506311e-005 1.28812787e-005 1.13843473e-005 9.25591638e-006 
7.50000000e-001 9.28571429e+000 1.00000000e+001 4.33236971e-006 1.13856310e-005 1.15117222e-005 1.13637023e-005 1.08846183e-005 1.06607528e-005 1.05525172e-005 9.48019320e-006 7.82265315e-006 
7.50000000e-001 4.82142857e+000 1.00000000e+001 2.93074543e-006 9.33453434e-006 9.84873217e-006 9.79613003e-006 9.50857630e-006 9.34739860e-006 9.26689048e-006 8.40463710e-006 7.00488965e-006 
7.50000000e-001 0.00000000e+000 1.00000000e+001 2.52426875e-006 8.74215895e-006 9.39848103e-006 9.37565553e-006 9.13654955e-006 8.98974302e-006 8.91564284e-006 8.10569400e-006 6.77715014e-006 
1.00000000e+000 3.50000000e+001 1.00000000e+001 5.56930287e-004 2.04765303e-004 1.12069739e-004 9.60087124e-005 6.96340880e-005 6.30604411e-005 6.04283325e-005 4.50507467e-005 3.11955022e-005 
1.00000000e+000 3.48214286e+001 1.00000000e+001 5.11641407e-004 1.97556738e-004 1.09317454e-004 9.38617912e-005 6.83567395e-005 6.19706477e-005 5.94100503e-005 4.43991501e-005 3.08112567e-005 
1.00000000e+000 3.42857143e+001 1.00000000e+001 4.91854720e-004 1.92377654e-004 1.06897429e-004 9.18729507e-005 6.70343714e-005 6.08032761e-005 5.83032653e-005 4.36242990e-005 3.03081608e-005 
1.00000000e+000 3.33928571e+001 1.00000000e+001 3.99310243e-004 1.74233117e-004 9.93648692e-005 8.58695578e-005 6.32973366e-005 5.75712868e-005 5.52659420e-005 4.16125134e-005 2.90803081e-005 
1.00000000e+000 3.21428571e+001 1.00000000e+001 3.25173918e-004 1.55832946e-004 9.10513192e-005 7.91059940e-005 5.89080545e-005 5.37291327e-005 5.16369721e-005 3.91367288e-005 2.75244206e-005 
1.00000000e+000 3.05357143e+001 1.00000000e+001 2.47282693e-004 1.32678486e-004 8.00579731e-005 7.00689598e-005 5.29364335e-005 4.84794074e-005 4.66703901e-005 3.57224190e-005 2.53706757e-005 
1.00000000e+000 2.85714286e+001 1.00000000e+001 1.49571589e-004 9.77100148e-005 6.26337119e-005 5.56122123e-005 4.32469479e-005 3.99383777e-005 3.85827308e-005 3.01482893e-005 2.18618173e-005 
1.00000000e+000 2.62500000e+001 1.00000000e+001 5.98225080e-005 5.49610160e-005 3.98433725e-005 3.64587276e-005 3.01386519e-005 2.83296812e-005 2.75708372e-005 2.24957374e-005 1.70188865e-005 
1.00000000e+000 2.35714286e+001 1.00000000e+001 2.92543966e-005 3.53081163e-005 2.81813711e-005 2.63917988e-005 2.28532913e-005 2.17688837e-005 2.13030864e-005 1.79484020e-005 1.40053548e-005 
1.00000000e+000 2.05357143e+001 1.00000000e+001 1.43392967e-005 2.27741812e-005 1.99736511e-005 1.91294844e-005 1.73204090e-005 1.67092098e-005 1.64379323e-005 1.42764349e-005 1.14651213e-005 
1.00000000e+000 1.71428571e+001 1.00000000e+001 6.89171797e-006 1.45242484e-005 1.39965276e-005 1.37048345e-005 1.29632589e-005 1.26613575e-005 1.25196560e-005 1.11966962e-005 9.23842675e-006 
1.00000000e+000 1.33928571e+001 1.00000000e+001 3.28730678e-006 9.32633732e-006 9.87828051e-006 9.88393501e-006 9.75170407e-006 9.63771535e-006 9.57639109e-006 8.80530946e-006 7.44998266e-006 
1.00000000e+000 9.28571429e+000 1.00000000e+001 1.61373212e-006 6.24659829e-006 7.24278239e-006 7.39108520e-006 7.57041705e-006 7.55974972e-006 7.54373513e-006 7.10655555e-006 6.14589838e-006 
1.00000000e+000 4.82142857e+000 1.00000000e+001 9.16393201e-007 4.73852858e-006 5.89391960e-006 6.09627074e-006 6.39662385e-006 6.42951794e-006 6.43329535e-006 6.15714690e-006 5.40821103e-006 
1.00000000e+000 0.00000000e+000 1.00000000e+001 7.24658289e-007 4.29459950e-006 5.51133210e-006 5.73181303e-006 6.06577753e-006 6.10968151e-006 6.11846931e-006 5.88527227e-006 5.19734882e-006 
1.25000000e+000 3.50000000e+001 1.00000000e+001 8.71758664e-004 2.44748629e-004 1.25280480e-004 1.05820841e-004 7.47681479e-005 6.72377246e-005 6.42480783e-005 4.71445626e-005 3.21829530e-005 
1.25000000e+000 3.48214286e+001 1.00000000e+001 7.70077111e-004 2.32978717e-004 1.21233311e-004 1.02741127e-004 7.30240659e-005 6.57705822e-005 6.28852363e-005 4.63018968e-005 3.17025163e-005 
1.25000000e+000 3.42857143e+001 1.00000000e+001 7.34998025e-004 2.25893279e-004 1.18213353e-004 1.00310375e-004 7.14700487e-005 6.44130168e-005 6.16035783e-005 4.54251972e-005 3.11444717e-005 
1.25000000e+000 3.33928571e+001 1.00000000e+001 5.47944618e-004 1.98375383e-004 1.07825520e-004 9.22133892e-005 6.66449354e-005 6.02908440e-005 5.77492654e-005 4.29455013e-005 2.96721804e-005 
1.25000000e+000 3.21428571e+001 1.00000000e+001 4.15929427e-004 1.72623339e-004 9.70761815e-005 8.36260183e-005 6.12645603e-005 5.56266098e-005 5.33613442e-005 4.00187408e-005 2.78708608e-005 
1.25000000e+000 3.05357143e+001 1.00000000e+001 2.92036017e-004 1.42016473e-004 8.33649943e-005 7.25016726e-005 5.40955657e-005 4.93674057e-005 4.74563880e-005 3.60235708e-005 2.53877796e-005 
1.25000000e+000 2.85714286e+001 1.00000000e+001 1.54594973e-004 9.83176820e-005 6.23101973e-005 5.51609767e-005 4.26340153e-005 3.93028120e-005 3.79409661e-005 2.95239768e-005 2.13316593e-005 
1.25000000e+000 2.62500000e+001 1.00000000e+001 5.15885624e-005 4.92523341e-005 3.61233878e-005 3.31469184e-005 2.75625666e-005 2.59555820e-005 2.52802179e-005 2.07302517e-005 1.57754327e-005 
1.25000000e+000 2.35714286e+001 1.00000000e+001 2.17727466e-005 2.88515034e-005 2.37610482e-005 2.24243216e-005 1.97331636e-005 1.88885570e-005 1.85226771e-005 1.58049955e-005 1.25028781e-005 
1.25000000e+000 2.05357143e+001 1.00000000e+001 9.17936876e-006 1.69755616e-005 1.56871545e-005 1.52193929e-005 1.41549355e-005 1.37654755e-005 1.35880285e-005 1.20461666e-005 9.88488878e-006 
1.25000000e+000 1.71428571e+001 1.00000000e+001 3.76564015e-006 9.85717743e-006 1.02414470e-005 1.02159218e-005 1.00408865e-005 9.91916180e-006 9.85523707e-006 9.07065382e-006 7.70891568e-006 
1.25000000e+000 1.33928571e+001 1.00000000e+001 1.51586033e-006 5.74300363e-006 6.73135686e-006 6.90490028e-006 7.16878141e-006 7.19176759e-006 7.19101033e-006 6.86336295e-006 6.03033294e-006 
1.25000000e+000 9.28571429e+000 1.00000000e+001 6.19392374e-007 3.48452138e-006 4.60666471e-006 4.85323710e-006 5.30224092e-006 5.39466549e-006 5.42543469e-006 5.35131457e-006 4.84403185e-006 
1.25000000e+000 4.82142857e+000 1.00000000e+001 2.91203064e-007 2.42078624e-006 3.54046603e-006 3.80604873e-006 4.31292980e-006 4.43145669e-006 4.47477386e-006 4.51701771e-006 4.17955658e-006 
1.25000000e+000 0.00000000e+000 1.00000000e+001 2.08054330e-007 2.10980140e-006 3.23194476e-006 3.50420545e-006 4.02713060e-006 4.15235319e-006 4.19891526e-006 4.27312848e-006 3.98582945e-006 
1.50000000e+000 3.50000000e+001 1.00000000e+001 1.44577238e-003 2.99750174e-004 1.42227206e-004 1.18250383e-004 8.11591757e-005 7.24249040e-005 6.89884259e-005 4.97504186e-005 3.34350236e-005 
1.50000000e+000 3.48214286e+001 1.00000000e+001 1.21965592e-003 2.80782263e-004 1.36349067e-004 1.13885816e-004 7.88053556e-005 7.04723309e-005 6.71851861e-005 4.86727232e-005 3.28407794e-005 
1.50000000e+000 3.42857143e+001 1.00000000e+001 1.15853603e-003 2.70983063e-004 1.32540621e-004 1.10886898e-004 7.69678653e-005 6.88856735e-005 6.56943238e-005 4.76792998e-005 3.22226331e-005 
1.50000000e+000 3.33928571e+001 1.00000000e+001 7.82821016e-004 2.29515430e-004 1.18300199e-004 1.00032177e-004 7.07790287e-005 6.36641811e-005 6.08373565e-005 4.46465127e-005 3.04723668e-005 
1.50000000e+000 3.21428571e+001 1.00000000e+001 5.48915666e-004 1.93570129e-004 1.04445945e-004 8.91691611e-005 6.42168139e-005 5.80330378e-005 5.55619704e-005 4.12107562e-005 2.84039994e-005 
1.50000000e+000 3.05357143e+001 1.00000000e+001 3.52772441e-004 1.53390179e-004 8.74899488e-005 7.55992538e-005 5.56997238e-005 5.06508293e-005 4.86183827e-005 3.65918461e-005 2.55778099e-005 
1.50000000e+000 2.85714286e+001 1.00000000e+001 1.60448389e-004 9.95310801e-005 6.24521192e-005 5.51404706e-005 4.23783583e-005 3.90008817e-005 3.76225797e-005 2.91522130e-005 2.09763210e-005 
1.50000000e+000 2.62500000e+001 1.00000000e+001 4.49570190e-005 4.46384889e-005 3.31332309e-005 3.04865060e-005 2.54897159e-005 2.40422544e-005 2.34326107e-005 1.92953141e-005 1.47514096e-005 
1.50000000e+000 2.35714286e+001 1.00000000e+001 1.64490645e-005 2.39217830e-005 2.03140952e-005 1.93125059e-005 1.72515045e-005 1.65864928e-005 1.62956668e-005 1.40629726e-005 1.12590875e-005 
1.50000000e+000 2.05357143e+001 1.00000000e+001 5.98419861e-006 1.28679486e-005 1.25081766e-005 1.22846427e-005 1.17156127e-005 1.14780324e-005 1.13655214e-005 1.02670035e-005 8.59167305e-006 
1.50000000e+000 1.71428571e+001 1.00000000e+001 2.09962022e-006 6.81071646e-006 7.60831998e-006 7.72422763e-006 7.87080017e-006 7.85850292e-006 7.84286813e-006 7.41442728e-006 6.47744610e-006 
1.50000000e+000 1.33928571e+001 1.00000000e+001 7.14218635e-007 3.59873279e-006 4.64982297e-006 4.88423554e-006 5.32268248e-006 5.41614068e-006 5.44795159e-006 5.38738946e-006 4.90684830e-006 
1.50000000e+000 9.28571429e+000 1.00000000e+001 2.42918509e-007 1.97120130e-006 2.95857900e-006 3.21439040e-006 3.73776677e-006 3.87237147e-006 3.92403229e-006 4.04689652e-006 3.82970582e-006 
1.50000000e+000 4.82142857e+000 1.00000000e+001 9.38428501e-008 1.24416856e-006 2.13448226e-006 2.38364972e-006 2.91445992e-006 3.06039220e-006 3.11838996e-006 3.31838335e-006 3.23315297e-006 
1.50000000e+000 0.00000000e+000 1.00000000e+001 5.97400965e-008 1.03651453e-006 1.89530758e-006 2.14236897e-006 2.67368302e-006 2.82211312e-006 2.88161285e-006 3.10261851e-006 3.05673398e-006 
1.75000000e+000 3.50000000e+001 1.00000000e+001 2.51706429e-003 3.75609715e-004 1.63776953e-004 1.33798427e-004 8.89375280e-005 7.86998775e-005 7.47101009e-005 5.28688165e-005 3.49366673e-005 
1.75000000e+000 3.48214286e+001 1.00000000e+001 2.01637369e-003 3.45316594e-004 1.55316270e-004 1.27667723e-004 8.57876931e-005 7.61229260e-005 7.23439143e-005 5.15015228e-005 3.42073025e-005 
1.75000000e+000 3.42857143e+001 1.00000000e+001 1.91270162e-003 3.31705695e-004 1.50475000e-004 1.23938370e-004 8.36005627e-005 7.42574117e-005 7.05998555e-005 5.03718867e-005 3.35218734e-005 
1.75000000e+000 3.33928571e+001 1.00000000e+001 1.15962711e-003 2.69526567e-004 1.31037378e-004 1.09447977e-004 7.56962025e-005 6.76719776e-005 6.45060959e-005 4.66802979e-005 3.14523227e-005 
1.75000000e+000 3.21428571e+001 1.00000000e+001 7.46373098e-004 2.19471959e-004 1.13214607e-004 9.57330806e-005 6.77126745e-005 6.08923856e-005 5.81821786e-005 4.26622788e-005 2.90887711e-005 
1.75000000e+000 3.05357143e+001 1.00000000e+001 4.36392892e-004 1.66953063e-004 9.23523642e-005 7.92691783e-005 5.76570076e-005 5.22424709e-005 5.00715712e-005 3.73620645e-005 2.58986822e-005 
1.75000000e+000 2.85714286e+001 1.00000000e+001 1.66994467e-004 1.01119628e-004 6.28779853e-005 5.53850501e-005 4.23499007e-005 3.89139167e-005 3.75137911e-005 2.89508638e-005 2.07448081e-005 
1.75000000e+000 2.62500000e+001 1.00000000e+001 3.94613329e-005 4.07627004e-005 3.06317934e-005 2.82640119e-005 2.37613550e-005 2.24469226e-005 2.18919091e-005 1.80957601e-005 1.38894066e-005 
1.75000000e+000 2.35714286e+001 1.00000000e+001 1.25581784e-005 2.00362961e-005 1.75408161e-005 1.67966050e-005 1.52232992e-005 1.46983289e-005 1.44661734e-005 1.26165572e-005 1.02120194e-005 
1.75000000e+000 2.05357143e+001 1.00000000e+001 3.95136639e-006 9.87215344e-006 1.00865336e-005 1.00249487e-005 9.79395794e-006 9.66320057e-006 9.59682950e-006 8.82375339e-006 7.51960925e-006 
1.75000000e+000 1.71428571e+001 1.00000000e+001 1.18734772e-006 4.76810910e-006 5.71926711e-006 5.90638414e-006 6.23073259e-006 6.28439739e-006 6.29865008e-006 6.10765889e-006 5.47641525e-006 
1.75000000e+000 1.33928571e+001 1.00000000e+001 3.41604659e-007 2.28552351e-006 3.24808028e-006 3.49108664e-006 3.98622484e-006 4.11189786e-006 4.15976505e-006 4.25568813e-006 4.01203143e-006 
1.75000000e+000 9.28571429e+000 1.00000000e+001 9.67717776e-008 1.12823044e-006 1.91649656e-006 2.14546969e-006 2.65065688e-006 2.79484367e-006 2.85303689e-006 3.07284175e-006 3.03671436e-006 
1.75000000e+000 4.82142857e+000 1.00000000e+001 3.06070367e-008 6.43055263e-007 1.29133345e-006 1.49734421e-006 1.97370982e-006 2.11763038e-006 2.17717440e-006 2.44114465e-006 2.50343579e-006 
1.75000000e+000 0.00000000e+000 1.00000000e+001 1.71553895e-008 5.09241852e-007 1.11148571e-006 1.30980346e-006 1.77512558e-006 1.91804574e-006 1.97759951e-006 2.25275436e-006 2.34422161e-006 
2.00000000e+000 3.50000000e+001 1.00000000e+001 4.56109200e-003 4.80877389e-004 1.91149729e-004 1.53181472e-004 9.83168338e-005 8.62045115e-005 8.15311811e-005 5.65296541e-005 3.66867403e-005 
2.00000000e+000 3.48214286e+001 1.00000000e+001 3.45398909e-003 4.32797121e-004 1.79054238e-004 1.44628013e-004 9.41293007e-005 8.28253927e-005 7.84461328e-005 5.48055273e-005 3.57967374e-005 
2.00000000e+000 3.42857143e+001 1.00000000e+001 3.28413411e-003 4.13904484e-004 1.72869633e-004 1.39964355e-004 9.15108767e-005 8.06197954e-005 7.63947992e-005 5.35156712e-005 3.50349777e-005 
2.00000000e+000 3.33928571e+001 1.00000000e+001 1.77345329e-003 3.21024519e-004 1.46430234e-004 1.20684991e-004 8.14469153e-005 7.23398515e-005 6.87729781e-005 4.90366130e-005 3.25966270e-005 
2.00000000e+000 3.21428571e+001 1.00000000e+001 1.04375039e-003 2.51478494e-004 1.23536343e-004 1.03393644e-004 7.17484945e-005 6.41904579e-005 6.12045167e-005 4.43477039e-005 2.99035857e-005 
2.00000000e+000 3.05357143e+001 1.00000000e+001 5.53569783e-004 1.83036340e-004 9.79546774e-005 8.34892387e-005 5.99241114e-005 5.40978661e-005 5.17714968e-005 3.82953951e-005 2.63227901e-005 
2.00000000e+000 2.85714286e+001 1.00000000e+001 1.74196978e-004 1.02970750e-004 6.34909555e-005 5.58038807e-005 4.24725707e-005 3.89710451e-005 3.75460290e-005 2.88675272e-005 2.06024875e-005 
2.00000000e+000 2.62500000e+001 1.00000000e+001 3.48222410e-005 3.74234978e-005 2.84792317e-005 2.63536593e-005 2.22797072e-005 2.10802236e-005 2.05723165e-005 1.70687346e-005 1.31493985e-005 
2.00000000e+000 2.35714286e+001 1.00000000e+001 9.66301718e-006 1.69069302e-005 1.52582332e-005 1.47159663e-005 1.35297439e-005 1.31170556e-005 1.29320810e-005 1.13935628e-005 9.31729701e-006 
2.00000000e+000 2.05357143e+001 1.00000000e+001 2.63399717e-006 7.64182023e-006 8.20397787e-006 8.25023159e-006 8.25259868e-006 8.19825281e-006 8.16525954e-006 7.63582894e-006 6.62045796e-006 
2.00000000e+000 1.71428571e+001 1.00000000e+001 6.78491500e-007 3.37137025e-006 4.33924601e-006 4.55701909e-006 4.97252988e-006 5.06483170e-006 5.09723171e-006 5.06476648e-006 4.65547258e-006 
2.00000000e+000 1.33928571e+001 1.00000000e+001 1.65191793e-007 1.46668617e-006 2.28979845e-006 2.51705910e-006 3.00761640e-006 3.14370117e-006 3.19794752e-006 3.38085910e-006 3.29499720e-006 
2.00000000e+000 9.28571429e+000 1.00000000e+001 3.90006505e-008 6.52039687e-007 1.25084611e-006 1.44189033e-006 1.88999553e-006 2.02730243e-006 2.08441931e-006 2.34211628e-006 2.41470237e-006 
2.00000000e+000 4.82142857e+000 1.00000000e+001 1.00846400e-008 3.34113433e-007 7.83847183e-007 9.43325301e-007 1.33943388e-006 1.46806051e-006 1.52278845e-006 1.79821423e-006 1.94023806e-006 
2.00000000e+000 0.00000000e+000 1.00000000e+001 4.92697750e-009 2.50200192e-007 6.51833188e-007 8.00801987e-007 1.17856410e-006 1.30361069e-006 1.35720437e-006 1.63569501e-006 1.79780162e-006 
2.25000000e+000 3.50000000e+001 1.00000000e+001 8.54021910e-003 6.28022594e-004 2.25988654e-004 1.77356807e-004 1.09588903e-004 9.51376239e-005 8.96197212e-005 6.07858795e-005 3.86944606e-005 
2.25000000e+000 3.48214286e+001 1.00000000e+001 6.09230196e-003 5.52031971e-004 2.08785481e-004 1.65485306e-004 1.04050615e-004 9.07293186e-005 8.56178934e-005 5.86223856e-005 3.76134428e-005 
2.25000000e+000 3.42857143e+001 1.00000000e+001 5.82654846e-003 5.25915184e-004 2.00867503e-004 1.59634423e-004 1.00901880e-004 8.81097912e-005 8.31941901e-005 5.71436273e-005 3.67644898e-005 
2.25000000e+000 3.33928571e+001 1.00000000e+001 2.78819476e-003 3.87559110e-004 1.65007725e-004 1.34054547e-004 8.81205412e-005 7.77248695e-005 7.36843148e-005 5.17220486e-005 3.38988698e-005 
2.25000000e+000 3.21428571e+001 1.00000000e+001 1.49795599e-003 2.91124303e-004 1.35640840e-004 1.12281025e-004 7.63512782e-005 6.79393038e-005 6.46361172e-005 4.62573263e-005 3.08358838e-005 
2.25000000e+000 3.05357143e+001 1.00000000e+001 7.20860070e-004 2.02118878e-004 1.04348437e-004 8.82777111e-005 6.24858541e-005 5.61976208e-005 5.36975283e-005 3.93693812e-005 2.68321194e-005 
2.25000000e+000 2.85714286e+001 1.00000000e+001 1.82065742e-004 1.05025864e-004 6.42366839e-005 5.63448942e-005 4.27004643e-005 3.91287521e-005 3.76768701e-005 2.88681530e-005 2.05255571e-005 
2.25000000e+000 2.62500000e+001 1.00000000e+001 3.08555958e-005 3.44962876e-005 2.65891405e-005 2.46771645e-005 2.09822158e-005 1.98843240e-005 1.94180134e-005 1.61718093e-005 1.25030902e-005 
2.25000000e+000 2.35714286e+001 1.00000000e+001 7.48084893e-006 1.43476443e-005 1.33478590e-005 1.29659345e-005 1.20916724e-005 1.17706776e-005 1.16243801e-005 1.03436419e-005 8.54268797e-006 
2.25000000e+000 2.05357143e+001 1.00000000e+001 1.76882071e-006 5.95632078e-006 6.71772517e-006 6.83486076e-006 6.99811927e-006 6.99884667e-006 6.99023404e-006 6.64576541e-006 5.85844097e-006 
2.25000000e+000 1.71428571e+001 1.00000000e+001 3.90839017e-007 2.40217179e-006 3.31655242e-006 3.54134759e-006 3.99504025e-006 4.10848494e-006 4.15140408e-006 4.22399158e-006 3.97674458e-006 
2.25000000e+000 1.33928571e+001 1.00000000e+001 8.05549161e-008 9.48937086e-007 1.62643297e-006 1.82795203e-006 2.28380224e-006 2.41815328e-006 2.47319839e-006 2.69951484e-006 2.71712749e-006 
2.25000000e+000 9.28571429e+000 1.00000000e+001 1.58571402e-008 3.79867047e-007 8.21775233e-007 9.74951065e-007 1.35431098e-006 1.47732699e-006 1.52965976e-006 1.79151346e-006 1.92523641e-006 
2.25000000e+000 4.82142857e+000 1.00000000e+001 3.35136197e-009 1.74439499e-007 4.77311431e-007 5.95948429e-007 9.10842896e-007 1.01961258e-006 1.06696005e-006 1.32635018e-006 1.50513580e-006 
2.25000000e+000 0.00000000e+000 1.00000000e+001 1.41516062e-009 1.22932301e-007 3.82276360e-007 4.89611137e-007 7.82496281e-007 8.86015391e-007 9.31443122e-007 1.18766469e-006 1.37875454e-006 
2.50000000e+000 3.50000000e+001 1.00000000e+001 1.64252008e-002 8.35285851e-004 2.70479022e-004 2.07575925e-004 1.23129175e-004 1.05756054e-004 9.91936155e-005 6.57106794e-005 4.09773156e-005 
2.50000000e+000 3.48214286e+001 1.00000000e+001 1.10095306e-002 7.15515563e-004 2.46106253e-004 1.91165726e-004 1.15834877e-004 1.00028935e-004 9.40240214e-005 6.30066944e-005 3.96692394e-005 
2.50000000e+000 3.42857143e+001 1.00000000e+001 1.06211974e-002 6.79642411e-004 2.35969230e-004 1.83816579e-004 1.12037003e-004 9.69074283e-005 9.11505329e-005 6.13053441e-005 3.87203893e-005 
2.50000000e+000 3.33928571e+001 1.00000000e+001 4.48885964e-003 4.73919167e-004 1.87447580e-004 1.49956315e-004 9.58392524e-005 8.39092964e-005 7.93090686e-005 5.47553934e-005 3.53590471e-005 
2.50000000e+000 3.21428571e+001 1.00000000e+001 2.20108798e-003 3.40416622e-004 1.49827868e-004 1.22571164e-004 8.15698791e-005 7.21691115e-005 6.85009366e-005 4.83920663e-005 3.18792864e-005 
2.50000000e+000 3.05357143e+001 1.00000000e+001 9.64168524e-004 2.24835203e-004 1.11620231e-004 9.36797104e-005 6.53444582e-005 5.85378371e-005 5.58437839e-005 4.05719977e-005 2.74150945e-005 
2.50000000e+000 2.85714286e+001 1.00000000e+001 1.90635998e-004 1.07253303e-004 6.50832746e-005 5.69769917e-005 4.30050096e-005 3.93595669e-005 3.78793644e-005 2.89301936e-005 2.04974539e-005 
2.50000000e+000 2.62500000e+001 1.00000000e+001 2.74316518e-005 3.18981445e-005 2.49049265e-005 2.31831926e-005 1.98272994e-005 1.88204997e-005 1.83914911e-005 1.53756856e-005 1.19301821e-005 
2.50000000e+000 2.35714286e+001 1.00000000e+001 5.82002962e-006 1.22307886e-005 1.17288400e-005 1.14749912e-005 1.08543769e-005 1.06091440e-005 1.04949554e-005 9.43088085e-006 7.86443226e-006 
2.50000000e+000 2.05357143e+001 1.00000000e+001 1.19484892e-006 4.66814156e-006 5.53030100e-006 5.69248565e-006 5.96503458e-006 6.00539894e-006 6.01462720e-006 5.81178503e-006 5.20667439e-006 
2.50000000e+000 1.71428571e+001 1.00000000e+001 2.26580515e-007 1.72208806e-006 2.55000979e-006 2.76822231e-006 3.22759056e-006 3.35084970e-006 3.39926731e-006 3.54010266e-006 3.41145375e-006 
2.50000000e+000 1.33928571e+001 1.00000000e+001 3.95424632e-008 6.17977549e-007 1.16244628e-006 1.33554143e-006 1.74372371e-006 1.86989249e-006 1.92262520e-006 2.16522799e-006 2.24891527e-006 
2.50000000e+000 9.28571429e+000 1.00000000e+001 6.49187110e-009 2.22778292e-007 5.42978108e-007 6.62764269e-007 9.74813738e-007 1.08107460e-006 1.12712453e-006 1.37489494e-006 1.53887884e-006 
2.50000000e+000 4.82142857e+000 1.00000000e+001 1.12178377e-009 9.14812292e-008 2.91526505e-007 3.77492254e-007 6.20611579e-007 7.09413211e-007 7.48852798e-007 9.79559818e-007 1.16866966e-006 
2.50000000e+000 0.00000000e+000 1.00000000e+001 4.06514345e-010 6.04030932e-008 2.24195450e-007 2.99353652e-007 5.19536786e-007 6.02197600e-007 6.39251287e-007 8.62359573e-007 1.05738763e-006 
0.00000000e+000 3.50000000e+001 2.00000000e+001 2.22311294e-004 1.49222847e-004 9.39879884e-005 8.27312593e-005 6.28110133e-005 5.75129029e-005 5.53525395e-005 4.22285351e-005 2.98457054e-005 
0.00000000e+000 3.48214286e+001 2.00000000e+001 2.20949216e-004 1.48317229e-004 9.34225846e-005 8.22354825e-005 6.24387748e-005 5.71734283e-005 5.50263848e-005 4.19821525e-005 2.96724417e-005 
0.00000000e+000 3.42857143e+001 2.00000000e+001 2.17009958e-004 1.45716009e-004 9.17994706e-005 8.08123034e-005 6.13703533e-005 5.61990955e-005 5.40902974e-005 4.12750863e-005 2.91751926e-005 
0.00000000e+000 3.33928571e+001 2.00000000e+001 2.10682777e-004 1.41527903e-004 8.91847704e-005 7.85194269e-005 5.96486488e-005 5.46289058e-005 5.25817045e-005 4.01353970e-005 2.83735389e-005 
0.00000000e+000 3.21428571e+001 2.00000000e+001 2.02478154e-004 1.36101362e-004 8.57967589e-005 7.55484653e-005 5.74180014e-005 5.25946360e-005 5.06272625e-005 3.86589518e-005 2.73349670e-005 
0.00000000e+000 3.05357143e+001 2.00000000e+001 1.92775395e-004 1.29686539e-004 8.17898542e-005 7.20342747e-005 5.47786850e-005 5.01874411e-005 4.83144270e-005 3.69112454e-005 2.61051899e-005 
0.00000000e+000 2.85714286e+001 2.00000000e+001 1.82127951e-004 1.22656920e-004 7.73953187e-005 6.81786517e-005 5.18803661e-005 4.75432928e-005 4.57736354e-005 3.49900494e-005 2.47527948e-005 
0.00000000e+000 2.62500000e+001 2.00000000e+001 1.70761387e-004 1.15186959e-004 7.27224614e-005 6.40761365e-005 4.87900154e-005 4.47218204e-005 4.30615658e-005 3.29355945e-005 2.33051961e-005 
0.00000000e+000 2.35714286e+001 2.00000000e+001 1.60754691e-004 1.08674035e-004 6.86526272e-005 6.05021517e-005 4.60940243e-005 4.22588001e-005 4.06933477e-005 3.11383505e-005 2.20378113e-005 
0.00000000e+000 2.05357143e+001 2.00000000e+001 1.51612852e-004 1.02786709e-004 6.49710687e-005 5.72639740e-005 4.36380993e-005 4.00107243e-005 3.85300123e-005 2.94893529e-005 2.08730487e-005 
0.00000000e+000 1.71428571e+001 2.00000000e+001 1.42794796e-004 9.71216346e-005 6.13982359e-005 5.41083372e-005 4.12191814e-005 3.77894141e-005 3.63896827e-005 2.78477650e-005 1.97110898e-005 
0.00000000e+000 1.33928571e+001 2.00000000e+001 1.35034829e-004 9.21399058e-005 5.82185104e-005 5.12842145e-005 3.90240675e-005 3.57653425e-005 3.44362137e-005 2.63377368e-005 1.86387417e-005 
0.00000000e+000 9.28571429e+000 2.00000000e+001 1.29533098e-004 8.86067942e-005 5.59336408e-005 4.92397406e-005 3.74025453e-005 3.42608942e-005 3.29806436e-005 2.51991922e-005 1.78264824e-005 
0.00000000e+000 4.82142857e+000 2.00000000e+001 1.26224641e-004 8.64727855e-005 5.45509214e-005 4.79951919e-005 3.63935519e-005 3.33176389e-005 3.20651980e-005 2.44719250e-005 1.73038574e-005 
0.00000000e+000 0.00000000e+000 2.00000000e+001 1.25158615e-004 8.57977658e-005 5.41266646e-005 4.76152546e-005 3.60832591e-005 3.30259341e-005 3.17813851e-005 2.42433645e-005 1.71386232e-005 
2.50000000e-001 3.50000000e+001 2.00000000e+001 2.47907890e-004 1.52636803e-004 9.43261895e-005 8.27284093e-005 6.24313181e-005 5.70862470e-005 5.49131558e-005 4.17944323e-005 2.95101852e-005 
2.50000000e-001 3.48214286e+001 2.00000000e+001 2.43037309e-004 1.50630713e-004 9.32696266e-005 8.18392727e-005 6.18168356e-005 5.65391542e-005 5.43927905e-005 4.14241775e-005 2.92653685e-005 
2.50000000e-001 3.42857143e+001 2.00000000e+001 2.35403881e-004 1.46734183e-004 9.10422642e-005 7.99266473e-005 6.04398291e-005 5.52985303e-005 5.32068987e-005 4.05551246e-005 2.86730518e-005 
2.50000000e-001 3.33928571e+001 2.00000000e+001 2.19065917e-004 1.39168901e-004 8.68762456e-005 7.63819280e-005 5.79347686e-005 5.30537717e-005 5.10660526e-005 3.90075583e-005 2.76333908e-005 
2.50000000e-001 3.21428571e+001 2.00000000e+001 1.99778402e-004 1.29749617e-004 8.16121086e-005 7.18887771e-005 5.47412329e-005 5.01877773e-005 4.83310637e-005 3.70238350e-005 2.62967085e-005 
2.50000000e-001 3.05357143e+001 2.00000000e+001 1.75672673e-004 1.17858217e-004 7.49884661e-005 6.62433279e-005 5.07434529e-005 4.66045979e-005 4.49135984e-005 3.45544356e-005 2.46407902e-005 
2.50000000e-001 2.85714286e+001 2.00000000e+001 1.43775890e-004 1.02291908e-004 6.64483033e-005 5.89982370e-005 4.56670652e-005 4.20702659e-005 4.05954492e-005 3.14649703e-005 2.25951794e-005 
2.50000000e-001 2.62500000e+001 2.00000000e+001 1.05896012e-004 8.38777999e-005 5.64647485e-005 5.05582766e-005 3.97970960e-005 3.68387034e-005 3.56180116e-005 2.79251019e-005 2.02688766e-005 
2.50000000e-001 2.35714286e+001 2.00000000e+001 8.36174361e-005 7.19201945e-005 4.97146482e-005 4.47906683e-005 3.56914718e-005 3.31528003e-005 3.21001131e-005 2.53732035e-005 1.85545033e-005 
2.50000000e-001 2.05357143e+001 2.00000000e+001 6.73017056e-005 6.25429236e-005 4.42819403e-005 4.01153267e-005 3.23087495e-005 3.01001536e-005 2.91801625e-005 2.32266952e-005 1.70942106e-005 
2.50000000e-001 1.71428571e+001 2.00000000e+001 5.47913821e-005 5.48026515e-005 3.96488950e-005 3.60896442e-005 2.93314582e-005 2.73950295e-005 2.65852013e-005 2.12870438e-005 1.57548163e-005 
2.50000000e-001 1.33928571e+001 2.00000000e+001 4.54761884e-005 4.86846067e-005 3.58833731e-005 3.27890741e-005 2.68400224e-005 2.51169373e-005 2.43940751e-005 1.96244381e-005 1.45921153e-005 
2.50000000e-001 9.28571429e+000 2.00000000e+001 3.91221580e-005 4.43827902e-005 3.32015540e-005 3.04258962e-005 2.50298785e-005 2.34537716e-005 2.27911725e-005 1.83949968e-005 1.37266319e-005 
2.50000000e-001 4.82142857e+000 2.00000000e+001 3.53590991e-005 4.17802533e-005 3.15718248e-005 2.89847267e-005 2.39108488e-005 2.24203034e-005 2.17929622e-005 1.76200494e-005 1.31769763e-005 
2.50000000e-001 0.00000000e+000 2.00000000e+001 3.40917713e-005 4.09096852e-005 3.10379265e-005 2.85154027e-005 2.35482001e-005 2.20851894e-005 2.14691500e-005 1.73679770e-005 1.29983189e-005 
5.00000000e-001 3.50000000e+001 2.00000000e+001 3.38004221e-004 1.72302382e-004 1.01160055e-004 8.77539359e-005 6.49029444e-005 5.90347154e-005 5.66675166e-005 4.26436722e-005 2.98360694e-005 
5.00000000e-001 3.48214286e+001 2.00000000e+001 3.24606291e-004 1.68530553e-004 9.94176194e-005 8.63329802e-005 6.39809620e-005 5.82286552e-005 5.59066472e-005 4.21261536e-005 2.95093043e-005 
5.00000000e-001 3.42857143e+001 2.00000000e+001 3.10095685e-004 1.62993285e-004 9.65088237e-005 8.38819589e-005 6.22794945e-005 5.67112575e-005 5.44623075e-005 4.10934602e-005 2.88225966e-005 
5.00000000e-001 3.33928571e+001 2.00000000e+001 2.73561714e-004 1.50762157e-004 9.04429248e-005 7.88450244e-005 5.88870636e-005 5.37127022e-005 5.16188349e-005 3.91060137e-005 2.75325624e-005 
5.00000000e-001 3.21428571e+001 2.00000000e+001 2.36199328e-004 1.36603544e-004 8.31481676e-005 7.27361186e-005 5.47064756e-005 5.00015551e-005 4.80934372e-005 3.66175790e-005 2.59028551e-005 
5.00000000e-001 3.05357143e+001 2.00000000e+001 1.93160351e-004 1.19026908e-004 7.39630306e-005 6.50276215e-005 4.94173823e-005 4.53049644e-005 4.36316557e-005 3.34700407e-005 2.38469638e-005 
5.00000000e-001 2.85714286e+001 2.00000000e+001 1.39892671e-004 9.58118625e-005 6.17648872e-005 5.47947283e-005 4.24175845e-005 3.90988019e-005 3.77401826e-005 2.93393387e-005 2.11769983e-005 
5.00000000e-001 2.62500000e+001 2.00000000e+001 8.21871570e-005 6.84140120e-005 4.72376522e-005 4.26044742e-005 3.40914810e-005 3.17239787e-005 3.07427733e-005 2.44536614e-005 1.80415897e-005 
5.00000000e-001 2.35714286e+001 2.00000000e+001 5.41399499e-005 5.27584373e-005 3.84462992e-005 3.51217973e-005 2.88264622e-005 2.70181184e-005 2.62604536e-005 2.12477970e-005 1.59280597e-005 
5.00000000e-001 2.05357143e+001 2.00000000e+001 3.64887679e-005 4.15429371e-005 3.18687452e-005 2.94625321e-005 2.47521784e-005 2.33510878e-005 2.27572850e-005 1.86972375e-005 1.42163158e-005 
5.00000000e-001 1.71428571e+001 2.00000000e+001 2.48806238e-005 3.31238156e-005 2.66896684e-005 2.49499426e-005 2.14128961e-005 2.03201562e-005 1.98514446e-005 1.65360325e-005 1.27352316e-005 
5.00000000e-001 1.33928571e+001 2.00000000e+001 1.73370238e-005 2.69604552e-005 2.27372576e-005 2.14675373e-005 1.87716640e-005 1.79045938e-005 1.75281657e-005 1.47753149e-005 1.15069726e-005 
5.00000000e-001 9.28571429e+000 2.00000000e+001 1.26826634e-005 2.27917922e-005 1.99929286e-005 1.90323678e-005 1.68940789e-005 1.61785418e-005 1.58644573e-005 1.34990356e-005 1.06082689e-005 
5.00000000e-001 4.82142857e+000 2.00000000e+001 1.01242138e-005 2.03337469e-005 1.83479216e-005 1.75656301e-005 1.57479212e-005 1.51199220e-005 1.48420156e-005 1.27055508e-005 1.00446367e-005 
5.00000000e-001 0.00000000e+000 2.00000000e+001 9.28983020e-006 1.95088320e-005 1.77993906e-005 1.70780884e-005 1.53683747e-005 1.47694180e-005 1.45034830e-005 1.24427602e-005 9.85839268e-006 
7.50000000e-001 3.50000000e+001 2.00000000e+001 5.10348495e-004 2.04719999e-004 1.12676439e-004 9.63744295e-005 6.94123431e-005 6.26875468e-005 5.99996417e-005 4.44344733e-005 3.06623584e-005 
7.50000000e-001 3.48214286e+001 2.00000000e+001 4.75875837e-004 1.97982925e-004 1.09928592e-004 9.41991690e-005 6.80821976e-005 6.15442181e-005 5.89280152e-005 4.37352005e-005 3.02387910e-005 
7.50000000e-001 3.42857143e+001 2.00000000e+001 4.47035948e-004 1.90005685e-004 1.06132608e-004 9.10697684e-005 6.59977770e-005 5.97061073e-005 5.71864565e-005 4.25221685e-005 2.94518774e-005 
7.50000000e-001 3.33928571e+001 2.00000000e+001 3.66793539e-004 1.70627473e-004 9.75045630e-005 8.40821738e-005 6.15155499e-005 5.57980606e-005 5.35014186e-005 4.00294170e-005 2.78849994e-005 
7.50000000e-001 3.21428571e+001 2.00000000e+001 2.95818185e-004 1.49953016e-004 8.77176126e-005 7.60438851e-005 5.62182795e-005 5.11449944e-005 4.91005041e-005 3.70006994e-005 2.59506826e-005 
7.50000000e-001 3.05357143e+001 2.00000000e+001 2.22852884e-004 1.25422138e-004 7.56763998e-005 6.60842168e-005 4.95769569e-005 4.52952387e-005 4.35619133e-005 3.31703647e-005 2.34994700e-005 
7.50000000e-001 2.85714286e+001 2.00000000e+001 1.42580100e-004 9.41673423e-005 5.98501274e-005 5.29242495e-005 4.07330801e-005 3.74944709e-005 3.61727728e-005 2.80577164e-005 2.02433986e-005 
7.50000000e-001 2.62500000e+001 2.00000000e+001 6.83259162e-005 5.90666224e-005 4.13425511e-005 3.74275049e-005 3.02097987e-005 2.81934964e-005 2.73564111e-005 2.19451008e-005 1.63603480e-005 
7.50000000e-001 2.35714286e+001 2.00000000e+001 3.80459007e-005 4.10570927e-005 3.10726281e-005 2.86652089e-005 2.40282916e-005 2.26682177e-005 2.20940953e-005 1.81896636e-005 1.38990062e-005 
7.50000000e-001 2.05357143e+001 2.00000000e+001 2.16318569e-005 2.92059836e-005 2.38722529e-005 2.24280911e-005 1.94902526e-005 1.85749752e-005 1.81807772e-005 1.53329526e-005 1.19838898e-005 
7.50000000e-001 1.71428571e+001 2.00000000e+001 1.23607360e-005 2.10458944e-005 1.85744588e-005 1.77631295e-005 1.59778437e-005 1.53743046e-005 1.51076026e-005 1.30313171e-005 1.04009221e-005 
7.50000000e-001 1.33928571e+001 2.00000000e+001 7.16030442e-006 1.55105053e-005 1.47576597e-005 1.43523168e-005 1.33294372e-005 1.29387482e-005 1.27600513e-005 1.12328051e-005 9.13640241e-006 
7.50000000e-001 9.28571429e+000 2.00000000e+001 4.34707214e-006 1.19694170e-005 1.22012512e-005 1.20431757e-005 1.14961534e-005 1.12417506e-005 1.11199205e-005 9.95675277e-006 8.22744452e-006 
7.50000000e-001 4.82142857e+000 2.00000000e+001 2.95851112e-006 9.96613622e-006 1.07060553e-005 1.06820696e-005 1.03966942e-005 1.02184971e-005 1.01286912e-005 9.17531952e-006 7.66469845e-006 
7.50000000e-001 0.00000000e+000 2.00000000e+001 2.53241517e-006 9.30446257e-006 1.02081851e-005 1.02288152e-005 1.00303575e-005 9.87738220e-006 9.79817486e-006 8.91446692e-006 7.47709166e-006 
1.00000000e+000 3.50000000e+001 2.00000000e+001 8.36462541e-004 2.52061371e-004 1.28724339e-004 1.08330825e-004 7.56816650e-005 6.77885705e-005 6.46642613e-005 4.69999533e-005 3.18970925e-005 
1.00000000e+000 3.48214286e+001 2.00000000e+001 7.50439801e-004 2.40345853e-004 1.24490472e-004 1.05074582e-004 7.38020766e-005 6.61994076e-005 6.31849540e-005 4.60726592e-005 3.13573218e-005 
1.00000000e+000 3.42857143e+001 2.00000000e+001 6.92520747e-004 2.28647895e-004 1.19485955e-004 1.01047626e-004 7.12410109e-005 6.39693004e-005 6.10828745e-005 4.46505033e-005 3.04591595e-005 
1.00000000e+000 3.33928571e+001 2.00000000e+001 5.18426915e-004 1.98161313e-004 1.07307048e-004 9.14326655e-005 6.53746334e-005 5.89258225e-005 5.63547499e-005 4.15574381e-005 2.85766834e-005 
1.00000000e+000 3.21428571e+001 2.00000000e+001 3.84979715e-004 1.68226212e-004 9.43180423e-005 8.09779845e-005 5.87507550e-005 5.31709279e-005 5.09362729e-005 3.79239714e-005 2.63133347e-005 
1.00000000e+000 3.05357143e+001 2.00000000e+001 2.63706999e-004 1.34737031e-004 7.89014146e-005 6.84147594e-005 5.06129903e-005 4.60610808e-005 4.42271815e-005 3.33733053e-005 2.34561117e-005 
1.00000000e+000 2.85714286e+001 2.00000000e+001 1.47308084e-004 9.44308338e-005 5.92380787e-005 5.22052221e-005 3.99030722e-005 3.66594582e-005 3.53393254e-005 2.72949074e-005 1.96313670e-005 
1.00000000e+000 2.62500000e+001 2.00000000e+001 5.83202451e-005 5.24702964e-005 3.71557348e-005 3.37294353e-005 2.73839381e-005 2.56037908e-005 2.48638143e-005 2.00536356e-005 1.50535233e-005 
1.00000000e+000 2.35714286e+001 2.00000000e+001 2.76931217e-005 3.30283167e-005 2.58411094e-005 2.40338721e-005 2.04921237e-005 1.94326060e-005 1.89823581e-005 1.58440638e-005 1.22934942e-005 
1.00000000e+000 2.05357143e+001 2.00000000e+001 1.33764731e-005 2.12719107e-005 1.83964745e-005 1.75261836e-005 1.56780403e-005 1.50720112e-005 1.48064749e-005 1.27696555e-005 1.02208582e-005 
1.00000000e+000 1.71428571e+001 2.00000000e+001 6.43777758e-006 1.38426761e-005 1.32634145e-005 1.29443461e-005 1.21414811e-005 1.18286358e-005 1.16843237e-005 1.03995377e-005 8.57372039e-006 
1.00000000e+000 1.33928571e+001 2.00000000e+001 3.10477322e-006 9.19158933e-006 9.77434817e-006 9.76918416e-006 9.59342633e-006 9.46535844e-006 9.39866531e-006 8.61612872e-006 7.30084923e-006 
1.00000000e+000 9.28571429e+000 2.00000000e+001 1.55259429e-006 6.41008655e-006 7.53787724e-006 7.70211398e-006 7.88327451e-006 7.86550925e-006 7.84585497e-006 7.37995753e-006 6.40289714e-006 
1.00000000e+000 4.82142857e+000 2.00000000e+001 8.80656729e-007 4.91791387e-006 6.27168304e-006 6.51795792e-006 6.88008590e-006 6.92053793e-006 6.92603591e-006 6.63564075e-006 5.85456195e-006 
1.00000000e+000 0.00000000e+000 2.00000000e+001 6.90606089e-007 4.43819235e-006 5.85494572e-006 6.12685647e-006 6.54671016e-006 6.60596921e-006 6.61962621e-006 6.38682718e-006 5.67109544e-006 
1.25000000e+000 3.50000000e+001 2.00000000e+001 1.47008428e-003 3.19813437e-004 1.50022498e-004 1.23982857e-004 8.37289395e-005 7.43153187e-005 7.06270173e-005 5.02790988e-005 3.34931952e-005 
1.25000000e+000 3.48214286e+001 2.00000000e+001 1.25823572e-003 2.99781315e-004 1.43595717e-004 1.19177928e-004 8.11077313e-005 7.21346806e-005 6.86107403e-005 4.90639914e-005 3.28128634e-005 
1.25000000e+000 3.42857143e+001 2.00000000e+001 1.14275999e-003 2.82441853e-004 1.36931140e-004 1.13948861e-004 7.79415525e-005 6.94149141e-005 6.60613968e-005 4.73929383e-005 3.17878161e-005 
1.25000000e+000 3.33928571e+001 2.00000000e+001 7.67573971e-004 2.34726922e-004 1.19807080e-004 1.00769841e-004 7.02962639e-005 6.29352158e-005 6.00226551e-005 4.35750558e-005 2.95392902e-005 
1.25000000e+000 3.21428571e+001 2.00000000e+001 5.18552228e-004 1.91578267e-004 1.02647352e-004 8.72390267e-005 6.20624043e-005 5.58620625e-005 5.33940319e-005 3.92477512e-005 2.69117843e-005 
1.25000000e+000 3.05357143e+001 2.00000000e+001 3.19003035e-004 1.46376778e-004 8.31465383e-005 7.15867598e-005 5.22204008e-005 4.73344792e-005 4.53747084e-005 3.39147120e-005 2.36262972e-005 
1.25000000e+000 2.85714286e+001 2.00000000e+001 1.53076927e-004 9.55704014e-005 5.92867081e-005 5.20904393e-005 3.95582567e-005 3.62723073e-005 3.49377398e-005 2.68580040e-005 1.92357344e-005 
1.25000000e+000 2.62500000e+001 2.00000000e+001 5.04505652e-005 4.73324132e-005 3.39269285e-005 3.08799737e-005 2.51997432e-005 2.35969429e-005 2.29295992e-005 1.85686067e-005 1.40080114e-005 
1.25000000e+000 2.35714286e+001 2.00000000e+001 2.05392860e-005 2.70903847e-005 2.18926177e-005 2.05170842e-005 1.77647728e-005 1.69228994e-005 1.65625655e-005 1.39876560e-005 1.09938384e-005 
1.25000000e+000 2.05357143e+001 2.00000000e+001 8.46534328e-006 1.58424291e-005 1.44607295e-005 1.39563465e-005 1.28191088e-005 1.24201828e-005 1.22416287e-005 1.07702116e-005 8.80463824e-006 
1.25000000e+000 1.71428571e+001 2.00000000e+001 3.44435502e-006 9.32289346e-006 9.65694529e-006 9.60474885e-006 9.36458373e-006 9.22787915e-006 9.15913057e-006 8.38999360e-006 7.12626134e-006 
1.25000000e+000 1.33928571e+001 2.00000000e+001 1.38718271e-006 5.57049503e-006 6.58265244e-006 6.75068427e-006 6.98633511e-006 6.99966240e-006 6.99521775e-006 6.66278027e-006 5.86891464e-006 
1.25000000e+000 9.28571429e+000 2.00000000e+001 5.71100720e-007 3.49059695e-006 4.70849221e-006 4.97382191e-006 5.44464950e-006 5.53899356e-006 5.57017427e-006 5.49553888e-006 4.99948170e-006 
1.25000000e+000 4.82142857e+000 2.00000000e+001 2.66465959e-007 2.44252857e-006 3.68807055e-006 3.99018882e-006 4.56350658e-006 4.69668576e-006 4.74539089e-006 4.80584696e-006 4.47638840e-006 
1.25000000e+000 0.00000000e+000 2.00000000e+001 1.88405529e-007 2.11726712e-006 3.35836661e-006 3.67008692e-006 4.27314895e-006 4.41822091e-006 4.47236399e-006 4.57600072e-006 4.30139043e-006 
1.50000000e+000 3.50000000e+001 2.00000000e+001 2.73978154e-003 4.16930621e-004 1.77923139e-004 1.44113532e-004 9.37607122e-005 8.23933437e-005 7.79870505e-005 5.42789856e-005 3.54337269e-005 
1.50000000e+000 3.48214286e+001 2.00000000e+001 2.22005865e-003 3.83053503e-004 1.68269919e-004 1.37095347e-004 9.01394280e-005 7.94282979e-005 7.52635905e-005 5.27000452e-005 3.45828355e-005 
1.50000000e+000 3.42857143e+001 2.00000000e+001 1.99253953e-003 3.57247841e-004 1.59331757e-004 1.30257124e-004 8.62011458e-005 7.60927029e-005 7.21551738e-005 5.07292692e-005 3.34108917e-005 
1.50000000e+000 3.33928571e+001 2.00000000e+001 1.18457926e-003 2.82901279e-004 1.35328242e-004 1.12243190e-004 7.62626551e-005 6.77889626e-005 6.44622925e-005 4.60300759e-005 3.07338854e-005 
1.50000000e+000 3.21428571e+001 2.00000000e+001 7.21637870e-004 2.20935166e-004 1.12721535e-004 9.47792446e-005 6.60585896e-005 5.91235045e-005 5.63799787e-005 4.08964847e-005 2.76974293e-005 
1.50000000e+000 3.05357143e+001 2.00000000e+001 3.94703823e-004 1.60356381e-004 8.82333160e-005 7.54220911e-005 5.42478205e-005 4.89763778e-005 4.68709830e-005 3.46988420e-005 2.39521161e-005 
1.50000000e+000 2.85714286e+001 2.00000000e+001 1.59605980e-004 9.71845811e-005 5.97003239e-005 5.23157885e-005 3.95015097e-005 3.61561384e-005 3.47996382e-005 2.66308749e-005 1.89880034e-005 
1.50000000e+000 2.62500000e+001 2.00000000e+001 4.40032862e-005 4.30901944e-005 3.12874394e-005 2.85573154e-005 2.34267463e-005 2.19683656e-005 2.13598581e-005 1.73594538e-005 1.31484559e-005 
1.50000000e+000 2.35714286e+001 2.00000000e+001 1.54143935e-005 2.24925753e-005 1.87778604e-005 1.77309320e-005 1.55823907e-005 1.49075392e-005 1.46162749e-005 1.24772457e-005 9.91944472e-006 
1.50000000e+000 2.05357143e+001 2.00000000e+001 5.43614469e-006 1.19726824e-005 1.15271174e-005 1.12659212e-005 1.06125089e-005 1.03579842e-005 1.02405735e-005 9.17750723e-006 7.64892808e-006 
1.50000000e+000 1.71428571e+001 2.00000000e+001 1.87437857e-006 6.38262013e-006 7.13461810e-006 7.22645930e-006 7.31014634e-006 7.28130665e-006 7.25975870e-006 6.83190739e-006 5.96663526e-006 
1.50000000e+000 1.33928571e+001 2.00000000e+001 6.31904969e-007 3.43319253e-006 4.49362129e-006 4.72354221e-006 5.13968359e-006 5.22532637e-006 5.25411095e-006 5.18998445e-006 4.74380248e-006 
1.50000000e+000 9.28571429e+000 2.00000000e+001 2.14525404e-007 1.92755689e-006 2.97008969e-006 3.24013292e-006 3.78533264e-006 3.92417252e-006 3.97744990e-006 4.11035012e-006 3.91608185e-006 
1.50000000e+000 4.82142857e+000 2.00000000e+001 8.17801550e-008 1.22052510e-006 2.17678939e-006 2.45051342e-006 3.03379763e-006 3.19391373e-006 3.25760111e-006 3.48556112e-006 3.42602167e-006 
1.50000000e+000 0.00000000e+000 2.00000000e+001 5.14190347e-008 1.01018238e-006 1.92647858e-006 2.19857472e-006 2.78927379e-006 2.95511571e-006 3.02173375e-006 3.27867318e-006 3.26255937e-006 
1.75000000e+000 3.50000000e+001 2.00000000e+001 5.36273876e-003 5.57190558e-004 2.14420365e-004 1.69896777e-004 1.06130582e-004 9.22594513e-005 8.69425139e-005 5.90547515e-005 3.77229878e-005 
1.75000000e+000 3.48214286e+001 2.00000000e+001 4.08658050e-003 5.00302052e-004 2.00031471e-004 1.59722965e-004 1.01163072e-004 8.82556729e-005 8.32889545e-005 5.70160412e-005 3.66649517e-005 
1.75000000e+000 3.42857143e+001 2.00000000e+001 3.64321491e-003 4.61910758e-004 1.87997205e-004 1.50740044e-004 9.62404310e-005 8.41452803e-005 7.94810732e-005 5.46828100e-005 3.53216565e-005 
1.75000000e+000 3.33928571e+001 2.00000000e+001 1.89657724e-003 3.46471055e-004 1.54442842e-004 1.26177925e-004 8.33462273e-005 7.35239216e-005 6.96989897e-005 4.89092932e-005 3.21408183e-005 
1.75000000e+000 3.21428571e+001 2.00000000e+001 1.03589595e-003 2.57765867e-004 1.24727013e-004 1.03684049e-004 7.07248033e-005 6.29284405e-005 5.98636844e-005 4.28329285e-005 2.86412511e-005 
1.75000000e+000 3.05357143e+001 2.00000000e+001 5.00296057e-004 1.76969712e-004 9.41267727e-005 7.98633089e-005 5.66238080e-005 5.09168281e-005 4.86472289e-005 3.56701585e-005 2.43965203e-005 
1.75000000e+000 2.85714286e+001 2.00000000e+001 1.66815977e-004 9.91007011e-005 6.03349767e-005 5.27477996e-005 3.96244448e-005 3.62110877e-005 3.48288769e-005 2.65424574e-005 1.88430944e-005 
1.75000000e+000 2.62500000e+001 2.00000000e+001 3.85983277e-005 3.94638500e-005 2.90429600e-005 2.65874677e-005 2.19319772e-005 2.05974174e-005 2.00391585e-005 1.63436732e-005 1.24240341e-005 
1.75000000e+000 2.35714286e+001 2.00000000e+001 1.16640850e-005 1.88297656e-005 1.62444112e-005 1.54553633e-005 1.37854303e-005 1.32438733e-005 1.30078121e-005 1.12191233e-005 9.01440361e-006 
1.75000000e+000 2.05357143e+001 2.00000000e+001 3.52657321e-006 9.14017428e-006 9.28165553e-006 9.18519973e-006 8.86941291e-006 8.71844245e-006 8.64525059e-006 7.88543296e-006 6.69221910e-006 
1.75000000e+000 1.71428571e+001 2.00000000e+001 1.03204418e-006 4.42092169e-006 5.32958184e-006 5.49551833e-006 5.76182743e-006 5.79884655e-006 5.80680571e-006 5.60713890e-006 5.02784640e-006 
1.75000000e+000 1.33928571e+001 2.00000000e+001 2.91717504e-007 2.14286068e-006 3.10123887e-006 3.33926205e-006 3.81411805e-006 3.93270583e-006 3.97777253e-006 4.06915559e-006 3.85371268e-006 
1.75000000e+000 9.28571429e+000 2.00000000e+001 8.18132652e-008 1.07682779e-006 1.88972439e-006 2.12724089e-006 2.64769251e-006 2.79560871e-006 2.85536122e-006 3.08707148e-006 3.07676988e-006 
1.75000000e+000 4.82142857e+000 2.00000000e+001 2.54063966e-008 6.13387655e-007 1.28935247e-006 1.50957273e-006 2.02130594e-006 2.17627646e-006 2.24049220e-006 2.53151438e-006 2.62467703e-006 
1.75000000e+000 0.00000000e+000 2.00000000e+001 1.40384919e-008 4.82034819e-007 1.10517506e-006 1.31714114e-006 1.82075889e-006 1.97659512e-006 2.04169382e-006 2.34920701e-006 2.47466052e-006 
2.00000000e+000 3.50000000e+001 2.00000000e+001 1.09368742e-002 7.61668779e-004 2.62296530e-004 2.02952648e-004 1.21332836e-004 1.04251398e-004 9.77794976e-005 6.46998766e-005 4.03812946e-005 
2.00000000e+000 3.48214286e+001 2.00000000e+001 7.79407021e-003 6.66543719e-004 2.40967425e-004 1.88287144e-004 1.14556148e-004 9.88742471e-005 9.29044933e-005 6.20807389e-005 3.90717240e-005 
2.00000000e+000 3.42857143e+001 2.00000000e+001 6.93750695e-003 6.09586897e-004 2.24741624e-004 1.76460242e-004 1.08382238e-004 9.37911630e-005 8.82230912e-005 5.93089546e-005 3.75278991e-005 
2.00000000e+000 3.33928571e+001 2.00000000e+001 3.13645817e-003 4.30751752e-004 1.77948987e-004 1.43043890e-004 9.16825804e-005 8.02273850e-005 7.58040171e-005 5.22252016e-005 3.37534628e-005 
2.00000000e+000 3.21428571e+001 2.00000000e+001 1.53108995e-003 3.04099584e-004 1.38967339e-004 1.14123928e-004 7.60943460e-005 6.72906541e-005 6.38525847e-005 4.50434881e-005 2.97270376e-005 
2.00000000e+000 3.05357143e+001 2.00000000e+001 6.50792777e-004 1.96697349e-004 1.00866309e-004 8.49153824e-005 5.93201958e-005 5.31241334e-005 5.06708636e-005 3.67971572e-005 2.49359068e-005 
2.00000000e+000 2.85714286e+001 2.00000000e+001 1.74702353e-004 1.01237704e-004 6.11164663e-005 5.33156769e-005 3.98655218e-005 3.63791740e-005 3.49690923e-005 2.65484844e-005 1.87710010e-005 
2.00000000e+000 2.62500000e+001 2.00000000e+001 3.40000780e-005 3.62959930e-005 2.70831974e-005 2.48703381e-005 2.06355833e-005 1.94104528e-005 1.88965150e-005 1.54679922e-005 1.18000046e-005 
2.00000000e+000 2.35714286e+001 2.00000000e+001 8.88081019e-006 1.58575138e-005 1.41396710e-005 1.35561475e-005 1.22733477e-005 1.18408102e-005 1.16500187e-005 1.01505590e-005 8.23937478e-006 
2.00000000e+000 2.05357143e+001 2.00000000e+001 2.30514320e-006 7.02934292e-006 7.52953476e-006 7.54478094e-006 7.46697081e-006 7.39149718e-006 7.35086348e-006 6.82082983e-006 5.89008839e-006 
2.00000000e+000 1.71428571e+001 2.00000000e+001 5.73182206e-007 3.08856029e-006 4.01492817e-006 4.21398943e-006 4.57687868e-006 4.65317666e-006 4.67930455e-006 4.63262762e-006 4.26053728e-006 
2.00000000e+000 1.33928571e+001 2.00000000e+001 1.35987209e-007 1.35042472e-006 2.15920489e-006 2.38061182e-006 2.85138948e-006 2.98066395e-006 3.03216522e-006 3.20886415e-006 3.14500519e-006 
2.00000000e+000 9.28571429e+000 2.00000000e+001 3.15528556e-008 6.07338491e-007 1.21140910e-006 1.40624783e-006 1.86218477e-006 2.00177306e-006 2.05992407e-006 2.32754998e-006 2.42432424e-006 
2.00000000e+000 4.82142857e+000 2.00000000e+001 7.97498159e-009 3.09907409e-007 7.66296161e-007 9.32679342e-007 1.34960693e-006 1.48573569e-006 1.54378889e-006 1.84111666e-006 2.01269973e-006 
2.00000000e+000 0.00000000e+000 2.00000000e+001 3.83426746e-009 2.30044258e-007 6.34057625e-007 7.89131841e-007 1.18858951e-006 1.32213895e-006 1.37955933e-006 1.68327688e-006 1.87707005e-006 
2.25000000e+000 3.50000000e+001 2.00000000e+001 2.30861345e-002 1.06276360e-003 3.25382490e-004 2.45465722e-004 1.40017456e-004 1.18813402e-004 1.10874894e-004 7.13426915e-005 4.34421026e-005 
2.25000000e+000 3.48214286e+001 2.00000000e+001 1.53188842e-002 9.04065729e-004 2.93890386e-004 2.24413324e-004 1.30812568e-004 1.11622792e-004 1.04397910e-004 6.79916085e-005 4.18272844e-005 
2.25000000e+000 3.42857143e+001 2.00000000e+001 1.36742913e-002 8.19888320e-004 2.72019796e-004 2.08833280e-004 1.23053704e-004 1.05322264e-004 9.86286623e-005 6.46898253e-005 4.00485780e-005 
2.25000000e+000 3.33928571e+001 2.00000000e+001 5.33653251e-003 5.43147535e-004 2.06894079e-004 1.63457891e-004 1.01460267e-004 8.80267804e-005 8.28844927e-005 5.60087457e-005 3.55743591e-005 
2.25000000e+000 3.21428571e+001 2.00000000e+001 2.32541950e-003 3.62655258e-004 1.55850216e-004 1.26337627e-004 8.22330294e-005 7.22507900e-005 6.83789612e-005 4.75298736e-005 3.09471376e-005 
2.25000000e+000 3.05357143e+001 2.00000000e+001 8.70222143e-004 2.20197353e-004 1.08537832e-004 9.06201905e-005 6.23336885e-005 5.55887760e-005 5.29304031e-005 3.80630195e-005 2.55554377e-005 
2.25000000e+000 2.85714286e+001 2.00000000e+001 1.83295929e-004 1.03555156e-004 6.20044077e-005 5.39800281e-005 4.01886089e-005 3.66257269e-005 3.51863097e-005 2.66208488e-005 1.87515060e-005 
2.25000000e+000 2.62500000e+001 2.00000000e+001 3.00480081e-005 3.34884582e-005 2.53407975e-005 2.33445990e-005 1.94875192e-005 1.83608097e-005 1.78867187e-005 1.46971919e-005 1.12522674e-005 
2.25000000e+000 2.35714286e+001 2.00000000e+001 6.79436755e-006 1.34149410e-005 1.23648143e-005 1.19462680e-005 1.09800038e-005 1.06379424e-005 1.04848674e-005 9.22852199e-006 7.56624633e-006 
2.25000000e+000 2.05357143e+001 2.00000000e+001 1.51564745e-006 5.43636030e-006 6.14299643e-006 6.23283538e-006 6.32228897e-006 6.30220673e-006 6.28575384e-006 5.93214937e-006 5.20999689e-006 
2.25000000e+000 1.71428571e+001 2.00000000e+001 3.20471056e-007 2.17190869e-006 3.04445548e-006 3.25242436e-006 3.65852095e-006 3.75691021e-006 3.79378026e-006 3.84899692e-006 3.62793994e-006 
2.25000000e+000 1.33928571e+001 2.00000000e+001 6.38653281e-008 8.57405093e-007 1.51404779e-006 1.70892722e-006 2.14503729e-006 2.27269308e-006 2.32499588e-006 2.54339644e-006 2.57731348e-006 
2.25000000e+000 9.28571429e+000 2.00000000e+001 1.22734458e-008 3.45244616e-007 7.81653810e-007 9.35272686e-007 1.31625886e-006 1.44001922e-006 1.49277079e-006 1.76125010e-006 1.91546211e-006 
2.25000000e+000 4.82142857e+000 2.00000000e+001 2.52529270e-009 1.57348958e-007 4.56898908e-007 5.77879667e-007 9.02989848e-007 1.01620552e-006 1.06563689e-006 1.34079643e-006 1.54487352e-006 
2.25000000e+000 0.00000000e+000 2.00000000e+001 1.04763221e-009 1.09799060e-007 3.63795311e-007 4.72816856e-007 7.75942406e-007 8.84407897e-007 9.32192247e-007 1.20614890e-006 1.42381304e-006 
2.50000000e+000 3.50000000e+001 2.00000000e+001 5.01529515e-002 1.51063433e-003 4.08946737e-004 3.00366104e-004 1.63021141e-004 1.36512820e-004 1.26708890e-004 7.91469082e-005 4.69506680e-005 
2.50000000e+000 3.48214286e+001 2.00000000e+001 3.08913431e-002 1.24612385e-003 3.62575542e-004 2.70236397e-004 1.50560147e-004 1.26929945e-004 1.18132906e-004 7.48737228e-005 4.49656979e-005 
2.50000000e+000 3.42857143e+001 2.00000000e+001 2.77473370e-002 1.12222369e-003 3.33137163e-004 2.49724472e-004 1.40800630e-004 1.19110442e-004 1.11012974e-004 7.09326558e-005 4.29119880e-005 
2.50000000e+000 3.33928571e+001 2.00000000e+001 9.30890364e-003 6.93987770e-004 2.42627875e-004 1.88205336e-004 1.12919680e-004 9.70867073e-005 9.10799639e-005 6.03055914e-005 3.76128670e-005 
2.50000000e+000 3.21428571e+001 2.00000000e+001 3.62139292e-003 4.37054857e-004 1.75893949e-004 1.40630328e-004 8.92325487e-005 7.78698147e-005 7.34935444e-005 5.03043824e-005 3.22997978e-005 
2.50000000e+000 3.05357143e+001 2.00000000e+001 1.19755460e-003 2.48332741e-004 1.17263650e-004 9.70457442e-005 6.56765830e-005 5.83149876e-005 5.54274196e-005 3.94601720e-005 2.62460727e-005 
2.50000000e+000 2.85714286e+001 2.00000000e+001 1.92648624e-004 1.06032488e-004 6.29757621e-005 5.47179484e-005 4.05717715e-005 3.69293856e-005 3.54594588e-005 2.67413426e-005 1.87708097e-005 
2.50000000e+000 2.62500000e+001 2.00000000e+001 2.66257049e-005 3.09748758e-005 2.37717666e-005 2.19703384e-005 1.84550232e-005 1.74177603e-005 1.69799066e-005 1.40073968e-005 1.07638370e-005 
2.50000000e+000 2.35714286e+001 2.00000000e+001 5.21841796e-006 1.13892325e-005 1.08518785e-005 1.05660939e-005 9.86000344e-006 9.59365473e-006 9.47229972e-006 8.42272820e-006 6.97459586e-006 
2.50000000e+000 2.05357143e+001 2.00000000e+001 1.00127797e-006 4.22301508e-006 5.03420378e-006 5.17220067e-006 5.37744082e-006 5.39789307e-006 5.39940882e-006 5.18225359e-006 4.62775563e-006 
2.50000000e+000 1.71428571e+001 2.00000000e+001 1.80139126e-007 1.53519278e-006 2.32058807e-006 2.52335002e-006 2.93942425e-006 3.04864262e-006 3.09131725e-006 3.21308540e-006 3.10235148e-006 
2.50000000e+000 1.33928571e+001 2.00000000e+001 3.01715693e-008 5.47598974e-007 1.06781933e-006 1.23374669e-006 1.62223660e-006 1.74179720e-006 1.79178881e-006 2.02501230e-006 2.12003482e-006 
2.50000000e+000 9.28571429e+000 2.00000000e+001 4.80629707e-009 1.97532197e-007 5.07208527e-007 6.25345579e-007 9.34561426e-007 1.04028097e-006 1.08620658e-006 1.33721099e-006 1.51732293e-006 
2.50000000e+000 4.82142857e+000 2.00000000e+001 8.05558264e-010 8.02527727e-008 2.73255580e-007 3.59015156e-007 6.05379693e-007 6.96319721e-007 7.36858630e-007 9.77713627e-007 1.18689074e-006 
2.50000000e+000 0.00000000e+000 2.00000000e+001 2.86351050e-010 5.24131122e-008 2.08745023e-007 2.83310342e-007 5.06576687e-007 5.91621898e-007 6.29920743e-007 8.64285803e-007 1.08002320e-006 
END