TITLE="2RS_E_WD280.dat"
VARIABLES= "Density" "Radius" "Height" "0.1053" "0.356" "0.6617" "0.7889" "1.1732" "1.3325" "1.408" "2" "3" 
ZONE T="3D Data" I=11 J=15 K=3 F=POINT
0.00000000e+000 3.50000000e+001 0.00000000e+000 2.78152293e-004 1.86461283e-004 1.18269926e-004 1.04361960e-004 7.96751702e-005 7.30749634e-005 7.03778708e-005 5.38945471e-005 3.82174549e-005 
0.00000000e+000 3.48214286e+001 0.00000000e+000 2.77119209e-004 1.85792294e-004 1.17836488e-004 1.03976353e-004 7.93750479e-005 7.27981290e-005 7.01106367e-005 5.36875877e-005 3.80701587e-005 
0.00000000e+000 3.42857143e+001 0.00000000e+000 2.74240934e-004 1.83891891e-004 1.16616293e-004 1.02892524e-004 7.85337675e-005 7.20225847e-005 6.93621559e-005 5.31083979e-005 3.76580686e-005 
0.00000000e+000 3.33928571e+001 0.00000000e+000 2.69660396e-004 1.80852181e-004 1.14658996e-004 1.01153651e-004 7.71840509e-005 7.07784042e-005 6.81614209e-005 5.21793108e-005 3.69968224e-005 
0.00000000e+000 3.21428571e+001 0.00000000e+000 2.62306472e-004 1.75929088e-004 1.11511378e-004 9.83672466e-005 7.50407098e-005 6.88082058e-005 6.62622120e-005 5.07182918e-005 3.59588381e-005 
0.00000000e+000 3.05357143e+001 0.00000000e+000 2.51205808e-004 1.68570364e-004 1.06848228e-004 9.42538938e-005 7.19041745e-005 6.59328294e-005 6.34935168e-005 4.86002883e-005 3.44566208e-005 
0.00000000e+000 2.85714286e+001 0.00000000e+000 2.35276822e-004 1.57987936e-004 1.00183371e-004 8.83910452e-005 6.74652825e-005 6.18727866e-005 5.95877978e-005 4.56270162e-005 3.23512839e-005 
0.00000000e+000 2.62500000e+001 0.00000000e+000 2.16129738e-004 1.45320230e-004 9.22281445e-005 8.14008672e-005 6.21875079e-005 5.70497310e-005 5.49497758e-005 4.21029767e-005 2.98575404e-005 
0.00000000e+000 2.35714286e+001 0.00000000e+000 1.91482721e-004 1.28878603e-004 8.19315654e-005 7.23676425e-005 5.53966535e-005 5.08528991e-005 4.89942798e-005 3.75920181e-005 2.66680926e-005 
0.00000000e+000 2.05357143e+001 0.00000000e+000 1.65007052e-004 1.11297110e-004 7.08636685e-005 6.26414505e-005 4.80593032e-005 4.41509276e-005 4.25508024e-005 3.27009635e-005 2.32031118e-005 
0.00000000e+000 1.71428571e+001 0.00000000e+000 1.40142355e-004 9.46739099e-005 6.03377682e-005 5.33701111e-005 4.10272139e-005 3.77177134e-005 3.63618127e-005 2.79880723e-005 1.98588850e-005 
0.00000000e+000 1.33928571e+001 0.00000000e+000 1.19432270e-004 8.10208238e-005 5.15758948e-005 4.56098754e-005 3.50699148e-005 3.22501507e-005 3.10952289e-005 2.39549733e-005 1.69939895e-005 
0.00000000e+000 9.28571429e+000 0.00000000e+000 1.08803221e-004 7.41307374e-005 4.67958777e-005 4.12534725e-005 3.15194841e-005 2.89408280e-005 2.78885743e-005 2.14342463e-005 1.51948178e-005 
0.00000000e+000 4.82142857e+000 0.00000000e+000 1.06806231e-004 7.28614311e-005 4.57898804e-005 4.02491257e-005 3.05013891e-005 2.79342337e-005 2.68906186e-005 2.05612175e-005 1.45417761e-005 
0.00000000e+000 0.00000000e+000 0.00000000e+000 1.05642622e-004 7.20891946e-005 4.52872677e-005 3.97901242e-005 3.00954657e-005 2.75411992e-005 2.65034730e-005 2.02287275e-005 1.42927227e-005 
2.50000000e-001 3.50000000e+001 0.00000000e+000 2.92897713e-004 1.86026951e-004 1.16931738e-004 1.03041930e-004 7.85316117e-005 7.20080020e-005 6.93452841e-005 5.31024295e-005 3.76810905e-005 
2.50000000e-001 3.48214286e+001 0.00000000e+000 2.92197021e-004 1.85413112e-004 1.16507344e-004 1.02659779e-004 7.82284012e-005 7.17271704e-005 6.90737858e-005 5.28908575e-005 3.75301915e-005 
2.50000000e-001 3.42857143e+001 0.00000000e+000 2.79051620e-004 1.80145180e-004 1.13750180e-004 1.00337312e-004 7.66139747e-005 7.02863244e-005 6.77019253e-005 5.19102888e-005 3.68844428e-005 
2.50000000e-001 3.33928571e+001 0.00000000e+000 2.74248513e-004 1.76701494e-004 1.11537641e-004 9.83769499e-005 7.51044044e-005 6.88989161e-005 6.63647495e-005 5.08849558e-005 3.61628672e-005 
2.50000000e-001 3.21428571e+001 0.00000000e+000 2.53589059e-004 1.66958431e-004 1.06104676e-004 9.37310116e-005 7.17770186e-005 6.59038865e-005 6.35029568e-005 4.87954365e-005 3.47542965e-005 
2.50000000e-001 3.05357143e+001 0.00000000e+000 2.27059058e-004 1.53653046e-004 9.85669229e-005 8.72683268e-005 6.71316837e-005 6.17194151e-005 5.95034346e-005 4.58690304e-005 3.27727825e-005 
2.50000000e-001 2.85714286e+001 0.00000000e+000 1.88365179e-004 1.33718050e-004 8.73017763e-005 7.76316186e-005 6.02521283e-005 5.55378220e-005 5.36015028e-005 4.15790066e-005 2.98831753e-005 
2.50000000e-001 2.62500000e+001 0.00000000e+000 1.34250679e-004 1.06759740e-004 7.23789509e-005 6.49422641e-005 5.13139562e-005 4.75400449e-005 4.59791691e-005 3.60978632e-005 2.62305227e-005 
2.50000000e-001 2.35714286e+001 0.00000000e+000 1.00036353e-004 8.61250528e-005 5.99802064e-005 5.41733106e-005 4.33830191e-005 4.03475721e-005 3.90850968e-005 3.09624802e-005 2.26697033e-005 
2.50000000e-001 2.05357143e+001 0.00000000e+000 7.41048615e-005 6.85465911e-005 4.88702655e-005 4.43976657e-005 3.59875990e-005 3.35876632e-005 3.25841924e-005 2.60240675e-005 1.91763942e-005 
2.50000000e-001 1.71428571e+001 0.00000000e+000 5.50741213e-005 5.43380384e-005 3.95275101e-005 3.60901440e-005 2.95626815e-005 2.76768738e-005 2.68846126e-005 2.16270812e-005 1.60217301e-005 
2.50000000e-001 1.33928571e+001 0.00000000e+000 4.18634687e-005 4.38598121e-005 3.23959396e-005 2.96812976e-005 2.44917690e-005 2.29811383e-005 2.23445807e-005 1.80740726e-005 1.34460225e-005 
2.50000000e-001 9.28571429e+000 0.00000000e+000 3.47371136e-005 3.83417192e-005 2.84590891e-005 2.60688622e-005 2.14938748e-005 2.01680518e-005 1.96105843e-005 1.58821620e-005 1.18469606e-005 
2.50000000e-001 4.82142857e+000 0.00000000e+000 3.19693698e-005 3.65633670e-005 2.72672461e-005 2.49540327e-005 2.04834038e-005 1.91900949e-005 1.86480173e-005 1.50604764e-005 1.12324545e-005 
2.50000000e-001 0.00000000e+000 0.00000000e+000 3.08729932e-005 3.57784150e-005 2.67623439e-005 2.44993935e-005 2.00992196e-005 1.88226614e-005 1.82876862e-005 1.47555814e-005 1.10031753e-005 
5.00000000e-001 3.50000000e+001 0.00000000e+000 3.66017621e-004 2.01282475e-004 1.21972401e-004 1.06675897e-004 8.02118278e-005 7.32958898e-005 7.04886388e-005 5.35857366e-005 3.78029414e-005 
5.00000000e-001 3.48214286e+001 0.00000000e+000 3.66284376e-004 2.00872885e-004 1.21613340e-004 1.06340161e-004 7.99292306e-005 7.30306715e-005 7.02309430e-005 5.33800052e-005 3.76538054e-005 
5.00000000e-001 3.42857143e+001 0.00000000e+000 3.31726461e-004 1.90732103e-004 1.16875282e-004 1.02462622e-004 7.73916666e-005 7.08062883e-005 6.81290304e-005 5.19439580e-005 3.67503270e-005 
5.00000000e-001 3.33928571e+001 0.00000000e+000 3.29893866e-004 1.87642154e-004 1.14708132e-004 1.00513002e-004 7.58532533e-005 6.93846056e-005 6.67559797e-005 5.08810177e-005 3.59986409e-005 
5.00000000e-001 3.21428571e+001 0.00000000e+000 2.87671093e-004 1.72225763e-004 1.06807461e-004 9.38940837e-005 7.13076448e-005 6.53431799e-005 6.29142997e-005 4.81615002e-005 3.42227461e-005 
5.00000000e-001 3.05357143e+001 0.00000000e+000 2.41603530e-004 1.52962235e-004 9.65302640e-005 8.52111300e-005 6.52530746e-005 5.99385301e-005 5.77683331e-005 4.44834472e-005 3.17946330e-005 
5.00000000e-001 2.85714286e+001 0.00000000e+000 1.82458153e-004 1.25196699e-004 8.13890510e-005 7.23805496e-005 5.62819404e-005 5.19306007e-005 5.01445119e-005 3.90424786e-005 2.82086864e-005 
5.00000000e-001 2.62500000e+001 0.00000000e+000 1.01884235e-004 8.63394282e-005 6.04262439e-005 5.47004299e-005 4.40711565e-005 4.10772156e-005 3.98310408e-005 3.17699577e-005 2.34793408e-005 
5.00000000e-001 2.35714286e+001 0.00000000e+000 6.36006168e-005 6.28378537e-005 4.63919275e-005 4.25427102e-005 3.51792483e-005 3.30337324e-005 3.21301670e-005 2.60805593e-005 1.95794305e-005 
5.00000000e-001 2.05357143e+001 0.00000000e+000 3.99888079e-005 4.56045136e-005 3.53277841e-005 3.27759316e-005 2.77478839e-005 2.62316066e-005 2.55852754e-005 2.10984071e-005 1.60565054e-005 
5.00000000e-001 1.71428571e+001 0.00000000e+000 2.53874397e-005 3.32222989e-005 2.68881723e-005 2.52080748e-005 2.17959656e-005 2.07299837e-005 2.02699151e-005 1.69533581e-005 1.30560632e-005 
5.00000000e-001 1.33928571e+001 0.00000000e+000 1.65863695e-005 2.48515622e-005 2.08961046e-005 1.97588744e-005 1.73779762e-005 1.66094627e-005 1.62740732e-005 1.37712257e-005 1.07113129e-005 
5.00000000e-001 9.28571429e+000 0.00000000e+000 1.19125275e-005 2.03322474e-005 1.75568314e-005 1.66753521e-005 1.47817323e-005 1.41607171e-005 1.38886895e-005 1.18293311e-005 9.26977552e-006 
5.00000000e-001 4.82142857e+000 0.00000000e+000 9.77715437e-006 1.84794326e-005 1.63029733e-005 1.55244834e-005 1.37885893e-005 1.32110682e-005 1.29580406e-005 1.10474314e-005 8.68494709e-006 
5.00000000e-001 0.00000000e+000 0.00000000e+000 9.02233572e-006 1.77571082e-005 1.58151130e-005 1.50846583e-005 1.34232413e-005 1.28640962e-005 1.26187053e-005 1.07632675e-005 8.47073555e-006 
7.50000000e-001 3.50000000e+001 0.00000000e+000 5.02846406e-004 2.27699698e-004 1.31358878e-004 1.13690553e-004 8.38536876e-005 7.62338810e-005 7.31629388e-005 5.49929004e-005 3.84196988e-005 
7.50000000e-001 3.48214286e+001 0.00000000e+000 5.05072422e-004 2.27619776e-004 1.31106062e-004 1.13431800e-004 8.36082440e-005 7.59979755e-005 7.29316840e-005 5.48004658e-005 3.82762926e-005 
7.50000000e-001 3.42857143e+001 0.00000000e+000 4.23219405e-004 2.09937539e-004 1.23658349e-004 1.07488729e-004 7.99138225e-005 7.28076571e-005 6.99358523e-005 5.28279388e-005 3.70800636e-005 
7.50000000e-001 3.33928571e+001 0.00000000e+000 4.29592356e-004 2.07824909e-004 1.21755484e-004 1.05716703e-004 7.84400681e-005 7.14297027e-005 6.85990663e-005 5.17702825e-005 3.63210976e-005 
7.50000000e-001 3.21428571e+001 0.00000000e+000 3.46339367e-004 1.84632345e-004 1.10843362e-004 9.67544296e-005 7.25210019e-005 6.62251509e-005 6.36744591e-005 4.83763749e-005 3.41626207e-005 
7.50000000e-001 3.05357143e+001 0.00000000e+000 2.69066076e-004 1.58204290e-004 9.75743297e-005 8.56977492e-005 6.50173100e-005 5.95782507e-005 5.73659356e-005 4.39517445e-005 3.12977517e-005 
7.50000000e-001 2.85714286e+001 0.00000000e+000 1.85818938e-004 1.22704993e-004 7.87776567e-005 6.98800567e-005 5.41140731e-005 4.98871876e-005 4.81565084e-005 3.74535322e-005 2.70710912e-005 
7.50000000e-001 2.62500000e+001 0.00000000e+000 8.31483902e-005 7.36041892e-005 5.24903082e-005 4.77698248e-005 3.89535744e-005 3.64477245e-005 3.54009818e-005 2.85352581e-005 2.13396252e-005 
7.50000000e-001 2.35714286e+001 0.00000000e+000 4.40521125e-005 4.84152342e-005 3.73021742e-005 3.45940843e-005 2.93049726e-005 2.77211211e-005 2.70473807e-005 2.23775984e-005 1.71415270e-005 
7.50000000e-001 2.05357143e+001 0.00000000e+000 2.36785714e-005 3.19973616e-005 2.64759920e-005 2.49827924e-005 2.19159776e-005 2.09401999e-005 2.05162737e-005 1.73817025e-005 1.36011057e-005 
7.50000000e-001 1.71428571e+001 0.00000000e+000 1.28405484e-005 2.13088644e-005 1.88671741e-005 1.80928381e-005 1.63940017e-005 1.58095265e-005 1.55488478e-005 1.34630614e-005 1.07380480e-005 
7.50000000e-001 1.33928571e+001 0.00000000e+000 7.13660086e-006 1.46250997e-005 1.37979944e-005 1.34231376e-005 1.25110995e-005 1.21620616e-005 1.20012585e-005 1.05897207e-005 8.58812771e-006 
7.50000000e-001 9.28571429e+000 0.00000000e+000 4.32520566e-006 1.10290556e-005 1.09774404e-005 1.07901938e-005 1.02483723e-005 1.00149039e-005 9.90423500e-006 8.85505754e-006 7.27855769e-006 
7.50000000e-001 4.82142857e+000 0.00000000e+000 3.05088948e-006 9.40464254e-006 9.78623672e-006 9.69086970e-006 9.30380380e-006 9.11400403e-006 9.02218340e-006 8.11542625e-006 6.72190153e-006 
7.50000000e-001 0.00000000e+000 0.00000000e+000 2.63669507e-006 8.81299663e-006 9.34588805e-006 9.28786137e-006 8.96469817e-006 8.79179581e-006 8.70704715e-006 7.85112671e-006 6.52115087e-006 
1.00000000e+000 3.50000000e+001 0.00000000e+000 7.50796047e-004 2.66046298e-004 1.44638612e-004 1.23630324e-004 8.91042880e-005 8.05109206e-005 7.70750308e-005 5.71377381e-005 3.94330510e-005 
1.00000000e+000 3.48214286e+001 0.00000000e+000 7.57162474e-004 2.66456369e-004 1.44532326e-004 1.23476862e-004 8.89097767e-005 8.03154822e-005 7.68804239e-005 5.69644421e-005 3.92984791e-005 
1.00000000e+000 3.42857143e+001 0.00000000e+000 5.70791408e-004 2.36942318e-004 1.33305495e-004 1.14733812e-004 8.37343964e-005 7.59087912e-005 7.27665877e-005 5.43471703e-005 3.77637036e-005 
1.00000000e+000 3.33928571e+001 0.00000000e+000 5.98078364e-004 2.36646562e-004 1.31892394e-004 1.13301386e-004 8.24074479e-005 7.46415760e-005 7.15275260e-005 5.33300614e-005 3.70160238e-005 
1.00000000e+000 3.21428571e+001 0.00000000e+000 4.35518403e-004 2.02311837e-004 1.17110736e-004 1.01407857e-004 7.48611121e-005 6.80802077e-005 6.53477725e-005 4.91829526e-005 3.44447269e-005 
1.00000000e+000 3.05357143e+001 0.00000000e+000 3.06447165e-004 1.66651238e-004 1.00336743e-004 8.76343277e-005 6.57735138e-005 6.00928287e-005 5.77913465e-005 4.39801293e-005 3.11360685e-005 
1.00000000e+000 2.85714286e+001 0.00000000e+000 1.92513955e-004 1.22832981e-004 7.78354446e-005 6.88293347e-005 5.29841683e-005 4.87686859e-005 4.70471588e-005 3.64709445e-005 2.63016771e-005 
1.00000000e+000 2.62500000e+001 0.00000000e+000 7.00536091e-005 6.46085955e-005 4.67563903e-005 4.27168984e-005 3.51331574e-005 3.29627249e-005 3.20537547e-005 2.60307064e-005 1.96337966e-005 
1.00000000e+000 2.35714286e+001 0.00000000e+000 3.18252696e-005 3.85758895e-005 3.08092865e-005 2.88376278e-005 2.49137275e-005 2.37088951e-005 2.31917105e-005 1.94892000e-005 1.51798451e-005 
1.00000000e+000 2.05357143e+001 0.00000000e+000 1.47289207e-005 2.32647598e-005 2.03825584e-005 1.95140464e-005 1.76484099e-005 1.70177937e-005 1.67379909e-005 1.45164395e-005 1.16392412e-005 
1.00000000e+000 1.71428571e+001 0.00000000e+000 6.84848521e-006 1.41526236e-005 1.35715674e-005 1.32778151e-005 1.25425845e-005 1.22460284e-005 1.21070635e-005 1.08153661e-005 8.90627248e-006 
1.00000000e+000 1.33928571e+001 0.00000000e+000 3.23499654e-006 8.87015974e-006 9.29588778e-006 9.28172162e-006 9.12586225e-006 9.01154798e-006 8.95112790e-006 8.21299920e-006 6.92790270e-006 
1.00000000e+000 9.28571429e+000 0.00000000e+000 1.63867914e-006 6.10307728e-006 6.94904348e-006 7.05723004e-006 7.16003754e-006 7.13172449e-006 7.10932354e-006 6.66072650e-006 5.73444983e-006 
1.00000000e+000 4.82142857e+000 0.00000000e+000 9.69573078e-007 4.81833492e-006 5.89723160e-006 6.06942716e-006 6.29228877e-006 6.30054732e-006 6.29416334e-006 5.97010808e-006 5.20770202e-006 
1.00000000e+000 0.00000000e+000 0.00000000e+000 7.70551215e-007 4.37396384e-006 5.52292283e-006 5.71868374e-006 5.98706564e-006 6.00863706e-006 6.00796032e-006 5.72690374e-006 5.02027379e-006 
1.25000000e+000 3.50000000e+001 0.00000000e+000 1.21064539e-003 3.19837673e-004 1.62156357e-004 1.36615553e-004 9.58912238e-005 8.60380939e-005 8.21323978e-005 5.99349379e-005 4.07873543e-005 
1.25000000e+000 3.48214286e+001 0.00000000e+000 1.22604315e-003 3.20979980e-004 1.62245552e-004 1.36599629e-004 9.57613318e-005 8.58937914e-005 8.19840558e-005 5.97858933e-005 4.06642222e-005 
1.25000000e+000 3.42857143e+001 0.00000000e+000 8.08698174e-004 2.72874641e-004 1.45719477e-004 1.24036205e-004 8.86735837e-005 7.99411815e-005 7.64587194e-005 5.63857079e-005 3.87338042e-005 
1.25000000e+000 3.33928571e+001 0.00000000e+000 8.87613585e-004 2.75754323e-004 1.45088982e-004 1.23141000e-004 8.75813281e-005 7.88538004e-005 7.53798119e-005 5.54422441e-005 3.80139031e-005 
1.25000000e+000 3.21428571e+001 0.00000000e+000 5.71115809e-004 2.25269445e-004 1.25237090e-004 1.07501290e-004 7.80591334e-005 7.06694777e-005 6.77081102e-005 5.04323033e-005 3.49864784e-005 
1.25000000e+000 3.05357143e+001 0.00000000e+000 3.55091780e-004 1.77420750e-004 1.04221444e-004 9.05108878e-005 6.71783770e-005 6.11841929e-005 5.87647857e-005 4.43914596e-005 3.12138859e-005 
1.25000000e+000 2.85714286e+001 0.00000000e+000 2.01103405e-004 1.24276261e-004 7.78023575e-005 6.85912336e-005 5.24764792e-005 4.82166874e-005 4.64809753e-005 3.58852714e-005 2.57885213e-005 
1.25000000e+000 2.62500000e+001 0.00000000e+000 6.00536489e-005 5.76993521e-005 4.23288768e-005 3.88023052e-005 3.21411212e-005 3.02212132e-005 2.94151915e-005 2.40268672e-005 1.82412824e-005 
1.25000000e+000 2.35714286e+001 0.00000000e+000 2.35621619e-005 3.14025123e-005 2.59260030e-005 2.44681842e-005 2.15072356e-005 2.05737745e-005 2.01693449e-005 1.71779576e-005 1.35717339e-005 
1.25000000e+000 2.05357143e+001 0.00000000e+000 9.43502794e-006 1.73291647e-005 1.60064982e-005 1.55272692e-005 1.44324927e-005 1.40310928e-005 1.38481768e-005 1.22633640e-005 1.00491168e-005 
1.25000000e+000 1.71428571e+001 0.00000000e+000 3.77238901e-006 9.63853693e-006 9.95447321e-006 9.91966276e-006 9.73400243e-006 9.61192729e-006 9.54825134e-006 8.77692083e-006 7.44340064e-006 
1.25000000e+000 1.33928571e+001 0.00000000e+000 1.51565872e-006 5.50678493e-006 6.36921013e-006 6.51583426e-006 6.73418289e-006 6.74820916e-006 6.74444325e-006 6.41976553e-006 5.62060109e-006 
1.25000000e+000 9.28571429e+000 0.00000000e+000 6.40121211e-007 3.43548570e-006 4.44848532e-006 4.66124294e-006 5.03843037e-006 5.11157944e-006 5.13480647e-006 5.03336691e-006 4.53272515e-006 
1.25000000e+000 4.82142857e+000 0.00000000e+000 3.13167317e-007 2.48439022e-006 3.56710634e-006 3.81360718e-006 4.26525895e-006 4.36445402e-006 4.39951221e-006 4.39810982e-006 4.03854635e-006 
1.25000000e+000 0.00000000e+000 0.00000000e+000 2.25187246e-007 2.17083589e-006 3.26375462e-006 3.52108525e-006 3.99845710e-006 4.10652448e-006 4.14556069e-006 4.17741695e-006 3.86483171e-006 
1.50000000e+000 3.50000000e+001 0.00000000e+000 2.08981431e-003 3.95065503e-004 1.84781792e-004 1.53130608e-004 1.04314302e-004 9.28633960e-005 8.83665560e-005 6.33636223e-005 4.24556863e-005 
1.50000000e+000 3.48214286e+001 0.00000000e+000 2.12502171e-003 3.97322658e-004 1.85132211e-004 1.53293406e-004 1.04264522e-004 9.27818459e-005 8.82747799e-005 6.32438186e-005 4.23463558e-005 
1.50000000e+000 3.42857143e+001 0.00000000e+000 1.19604499e-003 3.20020515e-004 1.61168016e-004 1.35508876e-004 9.46994290e-005 8.48572295e-005 8.09604442e-005 5.88881076e-005 3.99508022e-005 
1.50000000e+000 3.33928571e+001 0.00000000e+000 1.39847308e-003 3.28353481e-004 1.61739316e-004 1.35420575e-004 9.39490958e-005 8.40310006e-005 8.01140415e-005 5.80532763e-005 3.92747255e-005 
1.50000000e+000 3.21428571e+001 0.00000000e+000 7.81439735e-004 2.54388334e-004 1.35196824e-004 1.14952442e-004 8.19998880e-005 7.38811123e-005 7.06461194e-005 5.20404978e-005 3.57355958e-005 
1.50000000e+000 3.05357143e+001 0.00000000e+000 4.18034542e-004 1.90304393e-004 1.08972130e-004 9.40905051e-005 6.90494861e-005 6.26882140e-005 6.01299242e-005 4.50780904e-005 3.14681234e-005 
1.50000000e+000 2.85714286e+001 0.00000000e+000 2.11196890e-004 1.26488780e-004 7.83064434e-005 6.88404695e-005 5.23586062e-005 4.80252684e-005 4.62629512e-005 3.55659371e-005 2.54566137e-005 
1.50000000e+000 2.62500000e+001 0.00000000e+000 5.20514015e-005 5.20993079e-005 3.87382164e-005 3.56251689e-005 2.97033104e-005 2.79830554e-005 2.72589526e-005 2.23760864e-005 1.70792446e-005 
1.50000000e+000 2.35714286e+001 0.00000000e+000 1.77288150e-005 2.59363230e-005 2.21083590e-005 2.10285408e-005 1.87825202e-005 1.80527858e-005 1.77333563e-005 1.52863450e-005 1.22307696e-005 
1.50000000e+000 2.05357143e+001 0.00000000e+000 6.16265890e-006 1.31282463e-005 1.27574934e-005 1.25299851e-005 1.19476060e-005 1.17034074e-005 1.15876712e-005 1.04597338e-005 8.74302820e-006 
1.50000000e+000 1.71428571e+001 0.00000000e+000 2.12256026e-006 6.68490080e-006 7.41338803e-006 7.51696182e-006 7.64451561e-006 7.62875367e-006 7.61197214e-006 7.18587675e-006 6.26340359e-006 
1.50000000e+000 1.33928571e+001 0.00000000e+000 7.25739294e-007 3.48033952e-006 4.42520465e-006 4.63283243e-006 5.01994883e-006 5.10084039e-006 5.12786244e-006 5.05391992e-006 4.58423065e-006 
1.50000000e+000 9.28571429e+000 0.00000000e+000 2.55550563e-007 1.96192308e-006 2.87635733e-006 3.10618161e-006 3.56918569e-006 3.68588850e-006 3.73024180e-006 3.82034034e-006 3.59413581e-006 
1.50000000e+000 4.82142857e+000 0.00000000e+000 1.02587218e-007 1.28872551e-006 2.16552875e-006 2.40373162e-006 2.89767186e-006 3.02933033e-006 3.08102491e-006 3.24454642e-006 3.13490488e-006 
1.50000000e+000 0.00000000e+000 0.00000000e+000 6.58092205e-008 1.07740508e-006 1.92870652e-006 2.16798916e-006 2.67036689e-006 2.80655091e-006 2.86048425e-006 3.04716388e-006 2.97532084e-006 
1.75000000e+000 3.50000000e+001 0.00000000e+000 3.82234991e-003 5.00895491e-004 2.13859624e-004 1.73961796e-004 1.14597981e-004 1.01131509e-004 9.58959114e-005 6.74471078e-005 4.44311842e-005 
1.75000000e+000 3.48214286e+001 0.00000000e+000 3.90066492e-003 5.04875790e-004 2.14562962e-004 1.74358599e-004 1.14647244e-004 1.01126454e-004 9.58727163e-005 6.73618669e-005 4.43379618e-005 
1.75000000e+000 3.42857143e+001 0.00000000e+000 1.83411899e-003 3.81738453e-004 1.80160669e-004 1.49438194e-004 1.01869912e-004 9.06831250e-005 8.62877253e-005 6.18372282e-005 4.13937752e-005 
1.75000000e+000 3.33928571e+001 0.00000000e+000 2.32389997e-003 3.99330443e-004 1.82551237e-004 1.50539972e-004 1.01601332e-004 9.02210532e-005 8.57643096e-005 6.11513174e-005 4.07784231e-005 
1.75000000e+000 3.21428571e+001 0.00000000e+000 1.11578730e-003 2.91182945e-004 1.47157445e-004 1.23828030e-004 8.66550631e-005 7.76763312e-005 7.41201777e-005 5.39635553e-005 3.66597543e-005 
1.75000000e+000 3.05357143e+001 0.00000000e+000 4.99765770e-004 2.05379627e-004 1.14491716e-004 9.82695543e-005 7.12907325e-005 6.45147557e-005 6.17994898e-005 4.59743189e-005 3.18569930e-005 
1.75000000e+000 2.85714286e+001 0.00000000e+000 2.22736716e-004 1.29222654e-004 7.91561722e-005 6.94036386e-005 5.24967955e-005 4.80730495e-005 4.62769643e-005 3.54301626e-005 2.52551313e-005 
1.75000000e+000 2.62500000e+001 0.00000000e+000 4.54655215e-005 4.73994053e-005 3.57218571e-005 3.29560953e-005 2.76536027e-005 2.60999359e-005 2.54440748e-005 2.09814322e-005 1.60900372e-005 
1.75000000e+000 2.35714286e+001 0.00000000e+000 1.34954153e-005 2.16449150e-005 1.90374586e-005 1.82451144e-005 1.65488031e-005 1.59774752e-005 1.57243830e-005 1.37077436e-005 1.10952680e-005 
1.75000000e+000 2.05357143e+001 0.00000000e+000 4.08167423e-006 1.00691638e-005 1.02827278e-005 1.02211702e-005 9.98710270e-006 9.85330485e-006 9.78526610e-006 8.99290468e-006 7.65709495e-006 
1.75000000e+000 1.71428571e+001 0.00000000e+000 1.21228378e-006 4.69938696e-006 5.58718667e-006 5.76113834e-006 6.06280407e-006 6.11136381e-006 6.12370545e-006 5.92843274e-006 5.30263362e-006 
1.75000000e+000 1.33928571e+001 0.00000000e+000 3.52788724e-007 2.22989391e-006 3.10990178e-006 3.32925976e-006 3.77513259e-006 3.88737748e-006 3.92987643e-006 4.00431242e-006 3.75731237e-006 
1.75000000e+000 9.28571429e+000 0.00000000e+000 1.03627114e-007 1.13389807e-006 1.87632840e-006 2.08644348e-006 2.54393002e-006 2.67277840e-006 2.72451400e-006 2.91169705e-006 2.85850999e-006 
1.75000000e+000 4.82142857e+000 0.00000000e+000 3.40133234e-008 6.72289643e-007 1.31926041e-006 1.51967795e-006 1.97285819e-006 2.10672959e-006 2.16168368e-006 2.39682271e-006 2.43578448e-006 
1.75000000e+000 0.00000000e+000 0.00000000e+000 1.92322626e-008 5.34725952e-007 1.13976396e-006 1.33486633e-006 1.78340304e-006 1.91810112e-006 1.97376711e-006 2.22271532e-006 2.29053563e-006 
2.00000000e+000 3.50000000e+001 0.00000000e+000 7.33339533e-003 6.51101467e-004 2.51275271e-004 2.00211823e-004 1.27075951e-004 1.11067933e-004 1.04910195e-004 7.22421682e-005 4.67217425e-005 
2.00000000e+000 3.48214286e+001 0.00000000e+000 7.50435662e-003 6.57768162e-004 2.52460865e-004 2.00918197e-004 1.27248291e-004 1.11156383e-004 1.04970283e-004 7.21975292e-005 4.66470279e-005 
2.00000000e+000 3.42857143e+001 0.00000000e+000 2.89763086e-003 4.62664115e-004 2.03415618e-004 1.66247828e-004 1.10305502e-004 9.74952351e-005 9.25023062e-005 6.52415163e-005 4.30546014e-005 
2.00000000e+000 3.33928571e+001 0.00000000e+000 4.04076925e-003 4.95802849e-004 2.08538047e-004 1.69089404e-004 1.10706075e-004 9.75322540e-005 9.24192176e-005 6.47533700e-005 4.25188651e-005 
2.00000000e+000 3.21428571e+001 0.00000000e+000 1.66098636e-003 3.37825069e-004 1.61422024e-004 1.34292531e-004 9.20498382e-005 8.20613133e-005 7.81304069e-005 5.61828467e-005 3.77399838e-005 
2.00000000e+000 3.05357143e+001 0.00000000e+000 6.06565138e-004 2.22876165e-004 1.20763692e-004 1.03013329e-004 7.38537712e-005 6.66156356e-005 6.37257823e-005 4.70401383e-005 3.23527327e-005 
2.00000000e+000 2.85714286e+001 0.00000000e+000 2.35807916e-004 1.32358812e-004 8.02480510e-005 7.01843031e-005 5.28117272e-005 4.82865633e-005 4.64521074e-005 3.54245364e-005 2.51492386e-005 
2.00000000e+000 2.62500000e+001 0.00000000e+000 3.99437423e-005 4.33614702e-005 3.31232082e-005 3.06563752e-005 2.58874964e-005 2.44771893e-005 2.38800013e-005 1.97778983e-005 1.52329893e-005 
2.00000000e+000 2.35714286e+001 0.00000000e+000 1.03639022e-005 1.82048715e-005 1.65146857e-005 1.59454018e-005 1.46815100e-005 1.42364223e-005 1.40364104e-005 1.23684514e-005 1.01205938e-005 
2.00000000e+000 2.05357143e+001 0.00000000e+000 2.73191468e-006 7.79543964e-006 8.36037638e-006 8.40854916e-006 8.41361395e-006 8.35851332e-006 8.32488436e-006 7.78346955e-006 6.74422566e-006 
2.00000000e+000 1.71428571e+001 0.00000000e+000 7.00125792e-007 3.33770252e-006 4.25073465e-006 4.45572190e-006 4.84760235e-006 4.93403436e-006 4.96413763e-006 4.92342719e-006 4.51355522e-006 
2.00000000e+000 1.33928571e+001 0.00000000e+000 1.73389245e-007 1.44389004e-006 2.20608887e-006 2.41377347e-006 2.86059779e-006 2.98383039e-006 3.03278437e-006 3.19103045e-006 3.09344908e-006 
2.00000000e+000 9.28571429e+000 0.00000000e+000 4.25053799e-008 6.61841717e-007 1.23347884e-006 1.41141284e-006 1.82336013e-006 1.94815502e-006 1.99986498e-006 2.22783012e-006 2.28000150e-006 
2.00000000e+000 4.82142857e+000 0.00000000e+000 1.13930583e-008 3.52564460e-007 8.06398612e-007 9.63568753e-007 1.34604317e-006 1.46789483e-006 1.51941254e-006 1.77296756e-006 1.89436159e-006 
2.00000000e+000 0.00000000e+000 0.00000000e+000 5.62049661e-009 2.65389494e-007 6.73540662e-007 8.21899194e-007 1.19104493e-006 1.31090174e-006 1.36192225e-006 1.62133186e-006 1.76335734e-006 
2.25000000e+000 3.50000000e+001 0.00000000e+000 1.46263843e-002 8.66406064e-004 2.99602714e-004 2.33363281e-004 1.42194413e-004 1.22977266e-004 1.15667445e-004 7.78340335e-005 4.93468748e-005 
2.25000000e+000 3.48214286e+001 0.00000000e+000 1.49940274e-002 8.77274203e-004 3.01453155e-004 2.34482990e-004 1.42520853e-004 1.23180730e-004 1.15829242e-004 7.78371158e-005 4.92932871e-005 
2.25000000e+000 3.42857143e+001 0.00000000e+000 4.69032245e-003 5.69101799e-004 2.31869797e-004 1.86494247e-004 1.20177521e-004 1.05409038e-004 9.97010471e-005 6.91278266e-005 4.49342781e-005 
2.25000000e+000 3.33928571e+001 0.00000000e+000 7.29206960e-003 6.28057296e-004 2.41066541e-004 1.91863073e-004 1.21500541e-004 1.06124138e-004 1.00212664e-004 6.88982880e-005 4.45001233e-005 
2.25000000e+000 3.21428571e+001 0.00000000e+000 2.57217903e-003 3.97308811e-004 1.78415107e-004 1.46589805e-004 9.82466260e-005 8.70727484e-005 8.27050398e-005 5.86965863e-005 3.89664492e-005 
2.25000000e+000 3.05357143e+001 0.00000000e+000 7.47133529e-004 2.43130950e-004 1.27816942e-004 1.08325667e-004 7.67177649e-005 6.89672453e-005 6.58844640e-005 4.82515686e-005 3.29369161e-005 
2.25000000e+000 2.85714286e+001 0.00000000e+000 2.50578911e-004 1.35839388e-004 8.15238237e-005 7.11267349e-005 5.32549577e-005 4.86201490e-005 4.67439765e-005 3.55139642e-005 2.51147686e-005 
2.25000000e+000 2.62500000e+001 0.00000000e+000 3.52526902e-005 3.98347057e-005 3.08430067e-005 2.86375169e-005 2.43366966e-005 2.30523160e-005 2.25066624e-005 1.87208998e-005 1.44789855e-005 
2.25000000e+000 2.35714286e+001 0.00000000e+000 8.01471593e-006 1.54051514e-005 1.44092748e-005 1.40151078e-005 1.30962888e-005 1.27535005e-005 1.25967041e-005 1.12163902e-005 9.27397930e-006 
2.25000000e+000 2.05357143e+001 0.00000000e+000 1.84359550e-006 6.07955597e-006 6.84437990e-006 6.96412933e-006 7.13299353e-006 7.13434511e-006 7.12574840e-006 6.77439050e-006 5.96926789e-006 
2.25000000e+000 1.71428571e+001 0.00000000e+000 4.07824747e-007 2.38967691e-006 3.25848047e-006 3.47151985e-006 3.90222490e-006 4.00957215e-006 4.05004348e-006 4.11213168e-006 3.86031910e-006 
2.25000000e+000 1.33928571e+001 0.00000000e+000 8.59312362e-008 9.42708057e-007 1.57699384e-006 1.76297355e-006 2.18177300e-006 2.30453653e-006 2.35470072e-006 2.55605235e-006 2.55739268e-006 
2.25000000e+000 9.28571429e+000 0.00000000e+000 1.75857910e-008 3.89459068e-007 8.16345447e-007 9.60744420e-007 1.31355056e-006 1.42670297e-006 1.47467006e-006 1.71080247e-006 1.82355612e-006 
2.25000000e+000 4.82142857e+000 0.00000000e+000 3.84911941e-009 1.85795553e-007 4.94484049e-007 6.12669779e-007 9.20259384e-007 1.02466523e-006 1.06985468e-006 1.31321759e-006 1.47465454e-006 
2.25000000e+000 0.00000000e+000 0.00000000e+000 1.64255407e-009 1.31715356e-007 3.98027282e-007 5.06057001e-007 7.95438956e-007 8.95919200e-007 9.39742316e-007 1.18266035e-006 1.35751188e-006 
2.50000000e+000 3.50000000e+001 0.00000000e+000 3.00970362e-002 1.17816066e-003 3.62334191e-004 2.75384557e-004 1.60528095e-004 1.37250734e-004 1.28499119e-004 8.43350206e-005 5.23359957e-005 
2.50000000e+000 3.48214286e+001 0.00000000e+000 3.08781967e-002 1.19559595e-003 3.65106437e-004 2.77059927e-004 1.61048919e-004 1.37596663e-004 1.28785964e-004 8.43943985e-005 5.23064901e-005 
2.50000000e+000 3.42857143e+001 0.00000000e+000 7.74423758e-003 7.09603798e-004 2.66714660e-004 2.10879791e-004 1.31705143e-004 1.14575007e-004 1.08011582e-004 7.35375279e-005 4.70406214e-005 
2.50000000e+000 3.33928571e+001 0.00000000e+000 1.35555792e-002 8.10981111e-004 2.81947235e-004 2.19898097e-004 1.34293071e-004 1.16206261e-004 1.09321794e-004 7.36433401e-005 4.67342014e-005 
2.50000000e+000 3.21428571e+001 0.00000000e+000 4.13021938e-003 4.73730004e-004 1.98691076e-004 1.61041389e-004 1.05337865e-004 9.27707865e-005 8.78935524e-005 6.15149083e-005 4.03357519e-005 
2.50000000e+000 3.05357143e+001 0.00000000e+000 9.33536007e-004 2.66577292e-004 1.35709784e-004 1.14234333e-004 7.98785586e-005 7.15609782e-005 6.82655201e-005 4.95948407e-005 3.35974052e-005 
2.50000000e+000 2.85714286e+001 0.00000000e+000 2.67282928e-004 1.39638428e-004 8.29497468e-005 7.21977212e-005 5.37960789e-005 4.90447017e-005 4.71240803e-005 3.56749621e-005 2.51347460e-005 
2.50000000e+000 2.62500000e+001 0.00000000e+000 3.12278744e-005 3.67170399e-005 2.88147851e-005 2.68401884e-005 2.29548652e-005 2.17826377e-005 2.12829106e-005 1.77791428e-005 1.38068623e-005 
2.50000000e+000 2.35714286e+001 0.00000000e+000 6.23328786e-006 1.31002670e-005 1.26308628e-005 1.23750417e-005 1.17339934e-005 1.14750229e-005 1.13538263e-005 1.02139320e-005 8.53100593e-006 
2.50000000e+000 2.05357143e+001 0.00000000e+000 1.25238879e-006 4.76948211e-006 5.63462294e-006 5.79948807e-006 6.07881144e-006 6.12056799e-006 6.13019945e-006 5.92391714e-006 5.30564222e-006 
2.50000000e+000 1.71428571e+001 0.00000000e+000 2.39183541e-007 1.72195503e-006 2.51323896e-006 2.72104291e-006 3.15898400e-006 3.27625298e-006 3.32222027e-006 3.45142879e-006 3.31561952e-006 
2.50000000e+000 1.33928571e+001 0.00000000e+000 4.28665733e-008 6.19557937e-007 1.13443953e-006 1.29558075e-006 1.67336196e-006 1.78947208e-006 1.83788456e-006 2.05683328e-006 2.12218417e-006 
2.50000000e+000 9.28571429e+000 0.00000000e+000 7.32459206e-009 2.30714392e-007 5.43431594e-007 6.57564389e-007 9.50637273e-007 1.04932495e-006 1.09194433e-006 1.31822848e-006 1.46227589e-006 
2.50000000e+000 4.82142857e+000 0.00000000e+000 1.30981262e-009 9.83506320e-008 3.04135090e-007 3.90595974e-007 6.30405236e-007 7.16548431e-007 7.54600391e-007 9.73937057e-007 1.14898541e-006 
2.50000000e+000 0.00000000e+000 0.00000000e+000 4.80026636e-010 6.53716302e-008 2.35213360e-007 3.11587786e-007 5.31233731e-007 6.12304729e-007 6.48433306e-007 8.62676969e-007 1.04507384e-006 
0.00000000e+000 3.50000000e+001 1.00000000e+001 2.23996457e-004 1.50791782e-004 9.58419499e-005 8.46617191e-005 6.48409059e-005 5.95366619e-005 5.73668090e-005 4.40428705e-005 3.12494446e-005 
0.00000000e+000 3.48214286e+001 1.00000000e+001 2.23260935e-004 1.50301034e-004 9.55333530e-005 8.43900824e-005 6.46342798e-005 5.93472350e-005 5.71843906e-005 4.39032008e-005 3.11506683e-005 
0.00000000e+000 3.42857143e+001 1.00000000e+001 2.20943978e-004 1.48742207e-004 9.45480934e-005 8.35213135e-005 6.39709753e-005 5.87385222e-005 5.65979634e-005 4.34532545e-005 3.08317831e-005 
0.00000000e+000 3.33928571e+001 1.00000000e+001 2.17333450e-004 1.46310544e-004 9.30080471e-005 8.21625235e-005 6.29319826e-005 5.77845706e-005 5.56787433e-005 4.27471112e-005 3.03309066e-005 
0.00000000e+000 3.21428571e+001 1.00000000e+001 2.11933815e-004 1.42702065e-004 9.07229385e-005 8.01465628e-005 6.13912893e-005 5.63703421e-005 5.43161632e-005 4.17010441e-005 2.95887211e-005 
0.00000000e+000 3.05357143e+001 1.00000000e+001 2.04623014e-004 1.37816769e-004 8.76363465e-005 7.74251402e-005 5.93145185e-005 5.44650661e-005 5.24808983e-005 4.02938954e-005 2.85905078e-005 
0.00000000e+000 2.85714286e+001 1.00000000e+001 1.94787405e-004 1.31292327e-004 8.35069967e-005 7.37821815e-005 5.65325796e-005 5.19129265e-005 5.00226508e-005 3.84099213e-005 2.72536958e-005 
0.00000000e+000 2.62500000e+001 1.00000000e+001 1.84557067e-004 1.24552923e-004 7.92448298e-005 7.00204789e-005 5.36565279e-005 4.92734430e-005 4.74798636e-005 3.64593705e-005 2.58688258e-005 
0.00000000e+000 2.35714286e+001 1.00000000e+001 1.70505176e-004 1.15285929e-004 7.33698850e-005 6.48361767e-005 4.97004687e-005 4.56463685e-005 4.39872534e-005 3.37874947e-005 2.39735901e-005 
0.00000000e+000 2.05357143e+001 1.00000000e+001 1.54643850e-004 1.04811032e-004 6.67058019e-005 5.89495349e-005 4.52006863e-005 4.15192671e-005 4.00126056e-005 3.07444691e-005 2.18120832e-005 
0.00000000e+000 1.71428571e+001 1.00000000e+001 1.39188403e-004 9.45693681e-005 6.01603167e-005 5.31561143e-005 4.07512174e-005 3.74327933e-005 3.60749592e-005 2.77216589e-005 1.96618933e-005 
0.00000000e+000 1.33928571e+001 1.00000000e+001 1.25908590e-004 8.58717476e-005 5.45245965e-005 4.81400031e-005 3.68505249e-005 3.38381116e-005 3.26065775e-005 2.50426549e-005 1.77530086e-005 
0.00000000e+000 9.28571429e+000 1.00000000e+001 1.18179914e-004 8.08059756e-005 5.10374965e-005 4.49652849e-005 3.42587520e-005 3.14187357e-005 3.02605550e-005 2.31894275e-005 1.64248814e-005 
0.00000000e+000 4.82142857e+000 1.00000000e+001 1.15827959e-004 7.92690447e-005 4.99372789e-005 4.39189716e-005 3.32922575e-005 3.04826379e-005 2.93394432e-005 2.24085578e-005 1.58468291e-005 
0.00000000e+000 0.00000000e+000 1.00000000e+001 1.15067593e-004 7.87767372e-005 4.96202097e-005 4.36292670e-005 3.30331101e-005 3.02305067e-005 2.90905946e-005 2.21928059e-005 1.56847949e-005 
2.50000000e-001 3.50000000e+001 1.00000000e+001 2.29710490e-004 1.47677775e-004 9.33133935e-005 8.23887784e-005 6.31128195e-005 5.79699285e-005 5.58672780e-005 4.29553287e-005 3.05432323e-005 
2.50000000e-001 3.48214286e+001 1.00000000e+001 2.30962378e-004 1.47724400e-004 9.32235436e-005 8.22871849e-005 6.30035575e-005 5.78619643e-005 5.57602781e-005 4.28608998e-005 3.04692868e-005 
2.50000000e-001 3.42857143e+001 1.00000000e+001 2.20792902e-004 1.43551234e-004 9.10372092e-005 8.04482342e-005 6.17309036e-005 5.67277661e-005 5.46810204e-005 4.20919583e-005 2.99641630e-005 
2.50000000e-001 3.33928571e+001 1.00000000e+001 2.15647156e-004 1.40319367e-004 8.90785123e-005 7.87417350e-005 6.04616279e-005 5.55722176e-005 5.35715372e-005 4.12579240e-005 2.93855936e-005 
2.50000000e-001 3.21428571e+001 1.00000000e+001 2.00647018e-004 1.33101101e-004 8.50581439e-005 7.53080192e-005 5.80091925e-005 5.33662955e-005 5.14643315e-005 3.97218996e-005 2.83530867e-005 
2.50000000e-001 3.05357143e+001 1.00000000e+001 1.79555980e-004 1.22883331e-004 7.93957120e-005 7.04815559e-005 5.45798018e-005 5.02870303e-005 4.85250862e-005 3.75888989e-005 2.69243158e-005 
2.50000000e-001 2.85714286e+001 1.00000000e+001 1.51426304e-004 1.08711465e-004 7.14734005e-005 6.37181698e-005 4.97656266e-005 4.59643958e-005 4.43993710e-005 3.45993645e-005 2.49272276e-005 
2.50000000e-001 2.62500000e+001 1.00000000e+001 1.12638064e-004 9.02061230e-005 6.14390284e-005 5.52233361e-005 4.38303563e-005 4.06662116e-005 3.93552299e-005 3.10011552e-005 2.25650735e-005 
2.50000000e-001 2.35714286e+001 1.00000000e+001 8.83166470e-005 7.64097083e-005 5.33123189e-005 4.81866448e-005 3.86682054e-005 3.59885537e-005 3.48732739e-005 2.76743852e-005 2.02809191e-005 
2.50000000e-001 2.05357143e+001 1.00000000e+001 6.92576990e-005 6.42963860e-005 4.58191536e-005 4.16155728e-005 3.37183464e-005 3.14679607e-005 3.05274842e-005 2.43837402e-005 1.79727510e-005 
2.50000000e-001 1.71428571e+001 1.00000000e+001 5.46134989e-005 5.41557606e-005 3.93192537e-005 3.58609121e-005 2.92948013e-005 2.74037691e-005 2.66106552e-005 2.13742587e-005 1.58320379e-005 
2.50000000e-001 1.33928571e+001 1.00000000e+001 4.38984948e-005 4.63225802e-005 3.41481502e-005 3.12403539e-005 2.56696858e-005 2.40530102e-005 2.33733679e-005 1.88527904e-005 1.40197274e-005 
2.50000000e-001 9.28571429e+000 1.00000000e+001 3.73225271e-005 4.15328926e-005 3.08917870e-005 2.82899403e-005 2.32752443e-005 2.18177866e-005 2.12052836e-005 1.71314945e-005 1.27740152e-005 
2.50000000e-001 4.82142857e+000 1.00000000e+001 3.41454343e-005 3.94338849e-005 2.95429568e-005 2.70654322e-005 2.22454339e-005 2.08416231e-005 2.02522637e-005 1.63489911e-005 1.22004962e-005 
2.50000000e-001 0.00000000e+000 1.00000000e+001 3.30576177e-005 3.87184441e-005 2.91090285e-005 2.66825122e-005 2.19375021e-005 2.05514616e-005 1.99694264e-005 1.61173352e-005 1.20309807e-005 
5.00000000e-001 3.50000000e+001 1.00000000e+001 2.83264056e-004 1.58417054e-004 9.65458508e-005 8.46140026e-005 6.39764101e-005 5.85711198e-005 5.63734959e-005 4.30517616e-005 3.04515560e-005 
5.00000000e-001 3.48214286e+001 1.00000000e+001 2.90093646e-004 1.59536009e-004 9.68471043e-005 8.48087142e-005 6.40283409e-005 5.85960347e-005 5.63887487e-005 4.30278986e-005 3.04146550e-005 
5.00000000e-001 3.42857143e+001 1.00000000e+001 2.63193342e-004 1.51605875e-004 9.31327601e-005 8.17685340e-005 6.20388712e-005 5.68521520e-005 5.47408997e-005 4.19022583e-005 2.97070003e-005 
5.00000000e-001 3.33928571e+001 1.00000000e+001 2.58057792e-004 1.48044491e-004 9.09618005e-005 7.98777479e-005 6.06360945e-005 5.55765630e-005 5.35168331e-005 4.09857277e-005 2.90746216e-005 
5.00000000e-001 3.21428571e+001 1.00000000e+001 2.28400573e-004 1.36834336e-004 8.51698005e-005 7.50181483e-005 5.72888052e-005 5.25979010e-005 5.06843595e-005 3.89772373e-005 2.77638344e-005 
5.00000000e-001 3.05357143e+001 1.00000000e+001 1.89761966e-004 1.21282294e-004 7.70625878e-005 6.82112996e-005 5.26026045e-005 4.84301657e-005 4.67222785e-005 3.61729313e-005 2.59359268e-005 
5.00000000e-001 2.85714286e+001 1.00000000e+001 1.45899473e-004 1.00929538e-004 6.60384575e-005 5.88804497e-005 4.60887892e-005 4.26183241e-005 4.11904915e-005 3.22359009e-005 2.33624000e-005 
5.00000000e-001 2.62500000e+001 1.00000000e+001 8.57770816e-005 7.27387591e-005 5.10487932e-005 4.62787332e-005 3.74401108e-005 3.49467715e-005 3.39074265e-005 2.71392858e-005 2.00972968e-005 
5.00000000e-001 2.35714286e+001 1.00000000e+001 5.66104645e-005 5.57800183e-005 4.11587720e-005 3.77540536e-005 3.12612111e-005 2.93717471e-005 2.85758568e-005 2.32328249e-005 1.74591422e-005 
5.00000000e-001 2.05357143e+001 1.00000000e+001 3.76981969e-005 4.28603242e-005 3.31149003e-005 3.07012169e-005 2.59603936e-005 2.45362049e-005 2.39298852e-005 1.97302665e-005 1.50191817e-005 
5.00000000e-001 1.71428571e+001 1.00000000e+001 2.52887769e-005 3.31390555e-005 2.67380176e-005 2.50332836e-005 2.15753683e-005 2.05011731e-005 2.00388192e-005 1.67319641e-005 1.28837955e-005 
5.00000000e-001 1.33928571e+001 1.00000000e+001 1.73213500e-005 2.61739842e-005 2.19743866e-005 2.07493968e-005 1.81748126e-005 1.73476742e-005 1.69879495e-005 1.43366543e-005 1.11491903e-005 
5.00000000e-001 9.28571429e+000 1.00000000e+001 1.26549940e-005 2.18850104e-005 1.89672669e-005 1.80169352e-005 1.59479241e-005 1.52656224e-005 1.49668943e-005 1.27222350e-005 9.97043941e-006 
5.00000000e-001 4.82142857e+000 1.00000000e+001 1.02850568e-005 1.97577137e-005 1.75485575e-005 1.67368612e-005 1.48996838e-005 1.42801938e-005 1.40079025e-005 1.19454681e-005 9.40263738e-006 
5.00000000e-001 0.00000000e+000 1.00000000e+001 9.49798592e-006 1.90305463e-005 1.70767182e-005 1.63185650e-005 1.45689869e-005 1.39715302e-005 1.37082608e-005 1.17051503e-005 9.22837191e-006 
7.50000000e-001 3.50000000e+001 1.00000000e+001 3.82193374e-004 1.78024691e-004 1.03414758e-004 8.97053843e-005 6.65474809e-005 6.06192852e-005 5.82262753e-005 4.39745260e-005 3.08087363e-005 
7.50000000e-001 3.48214286e+001 1.00000000e+001 4.03433822e-004 1.81024410e-004 1.04327039e-004 9.03513114e-005 6.68332532e-005 6.08344313e-005 5.84155973e-005 4.40480480e-005 3.08213806e-005 
7.50000000e-001 3.42857143e+001 1.00000000e+001 3.37922641e-004 1.67183202e-004 9.85076990e-005 8.57077466e-005 6.39447489e-005 5.83391385e-005 5.60720238e-005 4.25035798e-005 2.98848685e-005 
7.50000000e-001 3.33928571e+001 1.00000000e+001 3.34947287e-004 1.63539622e-004 9.62323817e-005 8.37203866e-005 6.24643132e-005 5.69917187e-005 5.47785779e-005 4.15334633e-005 2.92149533e-005 
7.50000000e-001 3.21428571e+001 1.00000000e+001 2.77643099e-004 1.46977507e-004 8.83351117e-005 7.72126816e-005 5.81354789e-005 5.31772309e-005 5.11660541e-005 3.90322718e-005 2.76214175e-005 
7.50000000e-001 3.05357143e+001 1.00000000e+001 2.10528041e-004 1.24971381e-004 7.75499582e-005 6.82840763e-005 5.21563324e-005 4.79013649e-005 4.61669832e-005 3.55620062e-005 2.54039690e-005 
7.50000000e-001 2.85714286e+001 1.00000000e+001 1.48411621e-004 9.86220270e-005 6.36530912e-005 5.65945847e-005 4.40988430e-005 4.07395817e-005 3.93613957e-005 3.07676392e-005 2.23072537e-005 
7.50000000e-001 2.62500000e+001 1.00000000e+001 7.05074111e-005 6.21393464e-005 4.43217994e-005 4.03695825e-005 3.30187672e-005 3.09309483e-005 3.00581102e-005 2.43015997e-005 1.82056740e-005 
7.50000000e-001 2.35714286e+001 1.00000000e+001 3.96367218e-005 4.31792732e-005 3.31477927e-005 3.07268253e-005 2.60282419e-005 2.46275122e-005 2.40321304e-005 1.99024375e-005 1.52554504e-005 
7.50000000e-001 2.05357143e+001 1.00000000e+001 2.25435056e-005 3.02179210e-005 2.48722301e-005 2.34375001e-005 2.05103575e-005 1.95865357e-005 1.91862429e-005 1.62426690e-005 1.27088039e-005 
7.50000000e-001 1.71428571e+001 1.00000000e+001 1.28482971e-005 2.13056623e-005 1.87805704e-005 1.79787803e-005 1.62265945e-005 1.56306202e-005 1.53660975e-005 1.32777865e-005 1.05870872e-005 
7.50000000e-001 1.33928571e+001 1.00000000e+001 7.41633178e-006 1.53639496e-005 1.44805602e-005 1.40686421e-005 1.30607999e-005 1.26796408e-005 1.25051844e-005 1.10056403e-005 8.92541538e-006 
7.50000000e-001 9.28571429e+000 1.00000000e+001 4.53966501e-006 1.17941601e-005 1.18024839e-005 1.16069561e-005 1.10162990e-005 1.07588067e-005 1.06368905e-005 9.49557827e-006 7.80950105e-006 
7.50000000e-001 4.82142857e+000 1.00000000e+001 3.16090834e-006 9.96823705e-006 1.04653834e-005 1.03849642e-005 1.00031955e-005 9.80504492e-006 9.70824447e-006 8.74067322e-006 7.25363857e-006 
7.50000000e-001 0.00000000e+000 1.00000000e+001 2.72918397e-006 9.35401459e-006 1.00181768e-005 9.98030132e-006 9.67555751e-006 9.49837256e-006 9.41028765e-006 8.50087195e-006 7.07865952e-006 
1.00000000e+000 3.50000000e+001 1.00000000e+001 5.56147570e-004 2.06425213e-004 1.13313741e-004 9.71116779e-005 7.04398295e-005 6.37795750e-005 6.11118792e-005 4.55293460e-005 3.15136308e-005 
1.00000000e+000 3.48214286e+001 1.00000000e+001 6.14466240e-004 2.12661459e-004 1.15151100e-004 9.84212859e-005 7.10511869e-005 6.42556705e-005 6.15385327e-005 4.57311900e-005 3.15895220e-005 
1.00000000e+000 3.42857143e+001 1.00000000e+001 4.59276100e-004 1.89332808e-004 1.06353556e-004 9.15772975e-005 6.70023011e-005 6.08074971e-005 5.83191518e-005 4.36815737e-005 3.03881821e-005 
1.00000000e+000 3.33928571e+001 1.00000000e+001 4.64993524e-004 1.85910002e-004 1.04058953e-004 8.95580599e-005 6.54825514e-005 5.94211344e-005 5.69871296e-005 4.26777703e-005 2.96923026e-005 
1.00000000e+000 3.21428571e+001 1.00000000e+001 3.54197368e-004 1.61738288e-004 9.34870933e-005 8.10139810e-005 6.00071102e-005 5.46457930e-005 5.24838083e-005 3.96349793e-005 2.77987672e-005 
1.00000000e+000 3.05357143e+001 1.00000000e+001 2.38793326e-004 1.31347490e-004 7.95475934e-005 6.96452784e-005 5.26100661e-005 4.81707580e-005 4.63686623e-005 3.54695493e-005 2.51854167e-005 
1.00000000e+000 2.85714286e+001 1.00000000e+001 1.53673853e-004 9.86105870e-005 6.27702452e-005 5.56225314e-005 4.30623449e-005 3.97136978e-005 3.83437792e-005 2.98643170e-005 2.15977016e-005 
1.00000000e+000 2.62500000e+001 1.00000000e+001 5.98290512e-005 5.47558007e-005 3.95444075e-005 3.61356950e-005 2.97731469e-005 2.79571473e-005 2.71965058e-005 2.21368593e-005 1.67174584e-005 
1.00000000e+000 2.35714286e+001 1.00000000e+001 2.89171752e-005 3.46142381e-005 2.74715275e-005 2.56821225e-005 2.21534842e-005 2.10786520e-005 2.06181721e-005 1.73286329e-005 1.34974974e-005 
1.00000000e+000 2.05357143e+001 1.00000000e+001 1.41349104e-005 2.20967415e-005 1.92146065e-005 1.83588389e-005 1.65410279e-005 1.59354410e-005 1.56680266e-005 1.35678055e-005 1.08719906e-005 
1.00000000e+000 1.71428571e+001 1.00000000e+001 6.86863232e-006 1.41883857e-005 1.35320042e-005 1.32117972e-005 1.24217029e-005 1.21118162e-005 1.19680233e-005 1.06645752e-005 8.77701887e-006 
1.00000000e+000 1.33928571e+001 1.00000000e+001 3.34019912e-006 9.29298802e-006 9.73711340e-006 9.71071647e-006 9.51128353e-006 9.37995781e-006 9.31208349e-006 8.52248707e-006 7.18990783e-006 
1.00000000e+000 9.28571429e+000 1.00000000e+001 1.69801757e-006 6.48257503e-006 7.43486445e-006 7.55754679e-006 7.66817886e-006 7.63480691e-006 7.60930337e-006 7.12169314e-006 6.13773782e-006 
1.00000000e+000 4.82142857e+000 1.00000000e+001 9.89328484e-007 5.06291961e-006 6.26547181e-006 6.46512418e-006 6.73146608e-006 6.74628511e-006 6.74161863e-006 6.40485270e-006 5.60134746e-006 
1.00000000e+000 0.00000000e+000 1.00000000e+001 7.84287501e-007 4.59788641e-006 5.87733623e-006 6.10396139e-006 6.42579849e-006 6.45741046e-006 6.45992100e-006 6.17380176e-006 5.42973747e-006 
1.25000000e+000 3.50000000e+001 1.00000000e+001 8.67904526e-004 2.45759181e-004 1.26351976e-004 1.06808750e-004 7.55322908e-005 6.79285966e-005 6.49081073e-005 4.76196508e-005 3.25068825e-005 
1.25000000e+000 3.48214286e+001 1.00000000e+001 1.02111377e-003 2.57551275e-004 1.29579639e-004 1.09085592e-004 7.65907710e-005 6.87572415e-005 6.56532628e-005 4.79873390e-005 3.26617478e-005 
1.25000000e+000 3.42857143e+001 1.00000000e+001 6.56681677e-004 2.18932358e-004 1.16533696e-004 9.91930816e-005 7.10261456e-005 6.40853691e-005 6.13171209e-005 4.53199328e-005 3.11496207e-005 
1.25000000e+000 3.33928571e+001 1.00000000e+001 6.89426554e-004 2.16299574e-004 1.14328290e-004 9.72153418e-005 6.95021301e-005 6.26886632e-005 5.99728171e-005 4.42981244e-005 3.04366225e-005 
1.25000000e+000 3.21428571e+001 1.00000000e+001 4.74043578e-004 1.81129236e-004 1.00269098e-004 8.60829704e-005 6.26439893e-005 5.67724202e-005 5.44186230e-005 4.06404735e-005 2.82151719e-005 
1.25000000e+000 3.05357143e+001 1.00000000e+001 2.75330678e-004 1.39564162e-004 8.24878049e-005 7.18083209e-005 5.36343899e-005 4.89517775e-005 4.70581075e-005 3.57242381e-005 2.51872440e-005 
1.25000000e+000 2.85714286e+001 1.00000000e+001 1.60458800e-004 9.97151838e-005 6.26850074e-005 5.53697373e-005 4.25865845e-005 3.92009632e-005 3.78192102e-005 2.93255571e-005 2.11259090e-005 
1.25000000e+000 2.62500000e+001 1.00000000e+001 5.16246668e-005 4.91113903e-005 3.58922962e-005 3.28915941e-005 2.72623182e-005 2.56466764e-005 2.49686832e-005 2.04260354e-005 1.55166107e-005 
1.25000000e+000 2.35714286e+001 1.00000000e+001 2.15862831e-005 2.83539738e-005 2.32141147e-005 2.18679289e-005 1.91651897e-005 1.83228906e-005 1.79591244e-005 1.52834205e-005 1.20665546e-005 
1.25000000e+000 2.05357143e+001 1.00000000e+001 9.10587152e-006 1.65504514e-005 1.51493498e-005 1.46582069e-005 1.35566190e-005 1.31627686e-005 1.29847453e-005 1.14718812e-005 9.38896099e-006 
1.25000000e+000 1.71428571e+001 1.00000000e+001 3.78325477e-006 9.68516482e-006 9.94418219e-006 9.88649116e-006 9.64963582e-006 9.51390563e-006 9.44504152e-006 8.65633481e-006 7.33444331e-006 
1.25000000e+000 1.33928571e+001 1.00000000e+001 1.55253239e-006 5.75142329e-006 6.65848099e-006 6.80494922e-006 7.00787977e-006 7.01363859e-006 7.00606969e-006 6.65233653e-006 5.82566924e-006 
1.25000000e+000 9.28571429e+000 1.00000000e+001 6.54442158e-007 3.62368021e-006 4.73573462e-006 4.96901493e-006 5.37594809e-006 5.45301145e-006 5.47717932e-006 5.36602363e-006 4.83969365e-006 
1.25000000e+000 4.82142857e+000 1.00000000e+001 3.14693945e-007 2.58790945e-006 3.76519767e-006 4.03787097e-006 4.54015134e-006 4.65118512e-006 4.69060766e-006 4.69989117e-006 4.32967452e-006 
1.25000000e+000 0.00000000e+000 1.00000000e+001 2.25402557e-007 2.26012165e-006 3.44810070e-006 3.73324359e-006 4.26758974e-006 4.39007103e-006 4.43460845e-006 4.48378323e-006 4.16493773e-006 
1.50000000e+000 3.50000000e+001 1.00000000e+001 1.44325410e-003 2.99877127e-004 1.43060288e-004 1.19076331e-004 8.18574375e-005 7.30671381e-005 6.96059526e-005 5.02094751e-005 3.37567317e-005 
1.50000000e+000 3.48214286e+001 1.00000000e+001 1.83770155e-003 3.21198097e-004 1.48374427e-004 1.22759777e-004 8.35272467e-005 7.43695773e-005 7.07761232e-005 5.07897449e-005 3.40091445e-005 
1.50000000e+000 3.42857143e+001 1.00000000e+001 9.82086565e-004 2.57904694e-004 1.29253272e-004 1.08630675e-004 7.59731980e-005 6.81177948e-005 6.50080027e-005 4.73615144e-005 3.21293477e-005 
1.50000000e+000 3.33928571e+001 1.00000000e+001 1.08921005e-003 2.57168096e-004 1.27310080e-004 1.06802515e-004 7.44870424e-005 6.67429572e-005 6.36802398e-005 4.63365188e-005 3.14067522e-005 
1.50000000e+000 3.21428571e+001 1.00000000e+001 6.66850380e-004 2.06012694e-004 1.08658596e-004 9.23420904e-005 6.59359092e-005 5.94498238e-005 5.68654979e-005 4.19676997e-005 2.88198544e-005 
1.50000000e+000 3.05357143e+001 1.00000000e+001 3.22234713e-004 1.49394969e-004 8.61254858e-005 7.45475448e-005 5.50554831e-005 5.00878000e-005 4.80860320e-005 3.62227515e-005 2.53485522e-005 
1.50000000e+000 2.85714286e+001 1.00000000e+001 1.68445827e-004 1.01455628e-004 6.30599079e-005 5.55387031e-005 4.24555618e-005 3.90091138e-005 3.76052766e-005 2.90279261e-005 2.08203041e-005 
1.50000000e+000 2.62500000e+001 1.00000000e+001 4.50108561e-005 4.45351346e-005 3.29444487e-005 3.02743613e-005 2.52332637e-005 2.37767212e-005 2.31641635e-005 1.90301168e-005 1.45242935e-005 
1.50000000e+000 2.35714286e+001 1.00000000e+001 1.63527750e-005 2.35570121e-005 1.98828427e-005 1.88665544e-005 1.67816679e-005 1.61145008e-005 1.58237755e-005 1.36175621e-005 1.08798798e-005 
1.50000000e+000 2.05357143e+001 1.00000000e+001 5.96910057e-006 1.26000737e-005 1.21226518e-005 1.18711309e-005 1.12512553e-005 1.10036463e-005 1.08879506e-005 9.79755978e-006 8.17422736e-006 
1.50000000e+000 1.71428571e+001 1.00000000e+001 2.12412260e-006 6.72809804e-006 7.41887085e-006 7.50412563e-006 7.58707545e-006 7.55840742e-006 7.53654893e-006 7.09048045e-006 6.17251043e-006 
1.50000000e+000 1.33928571e+001 1.00000000e+001 7.36566322e-007 3.62194396e-006 4.61640256e-006 4.82941653e-006 5.21612452e-006 5.29383410e-006 5.31921883e-006 5.23010743e-006 4.74579446e-006 
1.50000000e+000 9.28571429e+000 1.00000000e+001 2.57660680e-007 2.05447679e-006 3.04642583e-006 3.29591027e-006 3.79395904e-006 3.91820761e-006 3.96528392e-006 4.06092881e-006 3.82821102e-006 
1.50000000e+000 4.82142857e+000 1.00000000e+001 1.01515922e-007 1.33079166e-006 2.27091345e-006 2.52981743e-006 3.06901148e-006 3.21313020e-006 3.26978337e-006 3.45359613e-006 3.34995761e-006 
1.50000000e+000 0.00000000e+000 1.00000000e+001 6.47863192e-008 1.11101201e-006 2.02295812e-006 2.28332271e-006 2.83427948e-006 2.98461736e-006 3.04429767e-006 3.25641134e-006 3.19477344e-006 
1.75000000e+000 3.50000000e+001 1.00000000e+001 2.53897186e-003 3.74648984e-004 1.64309471e-004 1.34420019e-004 8.95505180e-005 7.92777486e-005 7.52706553e-005 5.33026758e-005 3.52501876e-005 
1.75000000e+000 3.48214286e+001 1.00000000e+001 3.54296839e-003 4.12288687e-004 1.72753619e-004 1.40148101e-004 9.20551494e-005 8.12158838e-005 7.70069325e-005 5.41545191e-005 3.56224488e-005 
1.75000000e+000 3.42857143e+001 1.00000000e+001 1.52679205e-003 3.09126898e-004 1.44937338e-004 1.20125086e-004 8.18851067e-005 7.29198047e-005 6.93983208e-005 4.97861334e-005 3.33057231e-005 
1.75000000e+000 3.33928571e+001 1.00000000e+001 1.82429297e-003 3.12351266e-004 1.43542925e-004 1.18617768e-004 8.04955129e-005 7.16095630e-005 6.81244900e-005 4.87745527e-005 3.25807942e-005 
1.75000000e+000 3.21428571e+001 1.00000000e+001 9.86773872e-004 2.37886046e-004 1.18819205e-004 9.98570942e-005 6.98564674e-005 6.26413578e-005 5.97849798e-005 4.35745148e-005 2.95816088e-005 
1.75000000e+000 3.05357143e+001 1.00000000e+001 3.82646238e-004 1.60864548e-004 9.03630613e-005 7.77620476e-005 5.67817382e-005 5.14930089e-005 4.93693544e-005 3.69023840e-005 2.56292446e-005 
1.75000000e+000 2.85714286e+001 1.00000000e+001 1.77593498e-004 1.03619274e-004 6.37248029e-005 5.59739227e-005 4.25469643e-005 3.90265312e-005 3.75949479e-005 2.88941249e-005 2.06328739e-005 
1.75000000e+000 2.62500000e+001 1.00000000e+001 3.95271786e-005 4.06839364e-005 3.04713123e-005 2.80811325e-005 2.35355891e-005 2.22121094e-005 2.16541224e-005 1.78591421e-005 1.36862746e-005 
1.75000000e+000 2.35714286e+001 1.00000000e+001 1.25169684e-005 1.97656751e-005 1.71950176e-005 1.64331670e-005 1.48286651e-005 1.42986909e-005 1.40653216e-005 1.22314256e-005 9.87907713e-006 
1.75000000e+000 2.05357143e+001 1.00000000e+001 3.96085591e-006 9.70430779e-006 9.80785510e-006 9.71745037e-006 9.43023391e-006 9.28646366e-006 9.21543662e-006 8.43706339e-006 7.16607093e-006 
1.75000000e+000 1.71428571e+001 1.00000000e+001 1.20853494e-006 4.73367756e-006 5.59958979e-006 5.75971281e-006 6.02438782e-006 6.06139966e-006 6.06906770e-006 5.85340018e-006 5.22731919e-006 
1.75000000e+000 1.33928571e+001 1.00000000e+001 3.54412805e-007 2.31115340e-006 3.23666686e-006 3.46352900e-006 3.91661215e-006 4.02859864e-006 4.07073673e-006 4.13862839e-006 3.88531093e-006 
1.75000000e+000 9.28571429e+000 1.00000000e+001 1.03008037e-007 1.17856613e-006 1.97684399e-006 2.20338081e-006 2.69382078e-006 2.83109214e-006 2.88612227e-006 3.08597626e-006 3.03726629e-006 
1.75000000e+000 4.82142857e+000 1.00000000e+001 3.31435708e-008 6.88208787e-007 1.37445291e-006 1.58979110e-006 2.07907169e-006 2.22401995e-006 2.28357573e-006 2.54126547e-006 2.59441449e-006 
1.75000000e+000 0.00000000e+000 1.00000000e+001 1.86229535e-008 5.46158915e-007 1.18686516e-006 1.39654417e-006 1.88237927e-006 2.02912932e-006 2.08988654e-006 2.36502984e-006 2.45060597e-006 
2.00000000e+000 3.50000000e+001 1.00000000e+001 4.69163840e-003 4.78777049e-004 1.91329103e-004 1.53562743e-004 9.88292889e-005 8.67059871e-005 8.20238075e-005 5.69315872e-005 3.69875779e-005 
2.00000000e+000 3.48214286e+001 1.00000000e+001 7.22812365e-003 5.44306323e-004 2.04466156e-004 1.62261945e-004 1.02473620e-004 8.94966922e-005 8.45137517e-005 5.81299318e-005 3.75067133e-005 
2.00000000e+000 3.42857143e+001 1.00000000e+001 2.45279771e-003 3.76620013e-004 1.64197471e-004 1.34034937e-004 8.88611155e-005 7.85530516e-005 7.45372803e-005 5.25979175e-005 3.46694634e-005 
2.00000000e+000 3.33928571e+001 1.00000000e+001 3.21522037e-003 3.87511930e-004 1.63818756e-004 1.33119429e-004 8.76538211e-005 7.73678782e-005 7.33695314e-005 5.16205429e-005 3.39500929e-005 
2.00000000e+000 3.21428571e+001 1.00000000e+001 1.53382832e-003 2.78941162e-004 1.31048042e-004 1.08788862e-004 7.44307659e-005 6.63536650e-005 6.31778207e-005 4.54433027e-005 3.04822396e-005 
2.00000000e+000 3.05357143e+001 1.00000000e+001 4.60956380e-004 1.74123181e-004 9.51753790e-005 8.14138315e-005 5.87662760e-005 5.31211251e-005 5.08623795e-005 3.77250372e-005 2.60028102e-005 
2.00000000e+000 2.85714286e+001 1.00000000e+001 1.87979268e-004 1.06106106e-004 6.45895175e-005 5.65904917e-005 4.27893982e-005 3.91866600e-005 3.77238155e-005 2.88748876e-005 2.05310396e-005 
2.00000000e+000 2.62500000e+001 1.00000000e+001 3.48966813e-005 3.73624494e-005 2.83390697e-005 2.61918962e-005 2.20764522e-005 2.08680840e-005 2.03572206e-005 1.68536479e-005 1.29647409e-005 
2.00000000e+000 2.35714286e+001 1.00000000e+001 9.65528264e-006 1.67053876e-005 1.49776656e-005 1.44161240e-005 1.31942727e-005 1.27746966e-005 1.25876172e-005 1.10570655e-005 9.02236735e-006 
2.00000000e+000 2.05357143e+001 1.00000000e+001 2.65216139e-006 7.53848495e-006 8.00147900e-006 8.02003120e-006 7.96551802e-006 7.89679920e-006 7.85839036e-006 7.31515520e-006 6.31938303e-006 
2.00000000e+000 1.71428571e+001 1.00000000e+001 6.94347874e-007 3.36223523e-006 4.26481569e-006 4.45986479e-006 4.82217817e-006 4.89867212e-006 4.92465144e-006 4.86451432e-006 4.45139031e-006 
2.00000000e+000 1.33928571e+001 1.00000000e+001 1.72287285e-007 1.48969076e-006 2.29002699e-006 2.50554436e-006 2.96297064e-006 3.08756106e-006 3.13688593e-006 3.29389390e-006 3.19531612e-006 
2.00000000e+000 9.28571429e+000 1.00000000e+001 4.16466053e-008 6.82668959e-007 1.29257281e-006 1.48328560e-006 1.92331017e-006 2.05607527e-006 2.11103525e-006 2.35419549e-006 2.41666813e-006 
2.00000000e+000 4.82142857e+000 1.00000000e+001 1.09316549e-008 3.57774567e-007 8.34658569e-007 1.00196923e-006 1.41142002e-006 1.54231392e-006 1.59771157e-006 1.87245736e-006 2.01117360e-006 
2.00000000e+000 0.00000000e+000 1.00000000e+001 5.35370518e-009 2.68492780e-007 6.96343296e-007 8.54178152e-007 1.25019003e-006 1.37954142e-006 1.43470317e-006 1.71765805e-006 1.87978759e-006 
2.25000000e+000 3.50000000e+001 1.00000000e+001 9.04711615e-003 6.25156319e-004 2.25788093e-004 1.77475826e-004 1.09990817e-004 9.55548109e-005 9.00372213e-005 6.11512559e-005 3.89792480e-005 
2.25000000e+000 3.48214286e+001 1.00000000e+001 1.54216703e-002 7.38241692e-004 2.45955180e-004 1.90490006e-004 1.15190831e-004 9.94888087e-005 9.35304080e-005 6.27915300e-005 3.96781738e-005 
2.25000000e+000 3.42857143e+001 1.00000000e+001 4.05058152e-003 4.65920631e-004 1.87840481e-004 1.50837504e-004 9.70465573e-005 8.51148868e-005 8.05062430e-005 5.58182031e-005 3.62199785e-005 
2.25000000e+000 3.33928571e+001 1.00000000e+001 5.91258071e-003 4.90937471e-004 1.89219875e-004 1.50934418e-004 9.61471548e-005 8.41415116e-005 7.95186446e-005 5.49024877e-005 3.55154952e-005 
2.25000000e+000 3.21428571e+001 1.00000000e+001 2.49514930e-003 3.32274126e-004 1.45766197e-004 1.19377727e-004 7.97200837e-005 7.06228968e-005 6.70719238e-005 4.75726833e-005 3.15124004e-005 
2.25000000e+000 3.05357143e+001 1.00000000e+001 5.63233086e-004 1.89404044e-004 1.00576547e-004 8.54989971e-005 6.09874710e-005 5.49486273e-005 5.25411227e-005 3.86677726e-005 2.64516975e-005 
2.25000000e+000 2.85714286e+001 1.00000000e+001 1.99751059e-004 1.08868469e-004 6.56041555e-005 5.73401593e-005 4.31399121e-005 3.94487265e-005 3.79521094e-005 2.89382353e-005 2.04924285e-005 
2.25000000e+000 2.62500000e+001 1.00000000e+001 3.09362885e-005 3.44489687e-005 2.64645336e-005 2.45315605e-005 2.07962485e-005 1.96896324e-005 1.92203958e-005 1.59734330e-005 1.23329441e-005 
2.25000000e+000 2.35714286e+001 1.00000000e+001 7.49288711e-006 1.41979612e-005 1.31183987e-005 1.27163745e-005 1.18038263e-005 1.14746660e-005 1.13256415e-005 1.00470936e-005 8.27942186e-006 
2.25000000e+000 2.05357143e+001 1.00000000e+001 1.78835885e-006 5.89487791e-006 6.57024708e-006 6.66175779e-006 6.77012153e-006 6.75611184e-006 6.74177179e-006 6.37827319e-006 5.60076635e-006 
2.25000000e+000 1.71428571e+001 1.00000000e+001 4.01928052e-007 2.40563701e-006 3.27145210e-006 3.47766735e-006 3.88540543e-006 3.98444127e-006 4.02138317e-006 4.06579199e-006 3.80908507e-006 
2.25000000e+000 1.33928571e+001 1.00000000e+001 8.44054798e-008 9.67764681e-007 1.63228007e-006 1.82552723e-006 2.25590601e-006 2.38084173e-006 2.43176942e-006 2.63505834e-006 2.63874852e-006 
2.25000000e+000 9.28571429e+000 1.00000000e+001 1.69816889e-008 3.98586592e-007 8.50753930e-007 1.00466351e-006 1.38009346e-006 1.50020292e-006 1.55109111e-006 1.80244954e-006 1.92812419e-006 
2.25000000e+000 4.82142857e+000 1.00000000e+001 3.63659621e-009 1.86898651e-007 5.08472674e-007 6.33255069e-007 9.60130352e-007 1.07153697e-006 1.11981527e-006 1.38148144e-006 1.56049938e-006 
2.25000000e+000 0.00000000e+000 1.00000000e+001 1.53922048e-009 1.31995608e-007 4.08557262e-007 5.22454696e-007 8.30327402e-007 9.37915491e-007 9.84929525e-007 1.24749700e-006 1.44193584e-006 
2.50000000e+000 3.50000000e+001 1.00000000e+001 1.80994961e-002 8.33012120e-004 2.69929068e-004 2.07439943e-004 1.23418853e-004 1.06086972e-004 9.95339276e-005 6.60370885e-005 4.12436487e-005 
2.50000000e+000 3.48214286e+001 1.00000000e+001 3.40589021e-002 1.02700399e-003 3.00615346e-004 2.26715654e-004 1.30741774e-004 1.11553864e-004 1.04362402e-004 6.82409478e-005 4.21625586e-005 
2.50000000e+000 3.42857143e+001 1.00000000e+001 6.84610483e-003 5.84639885e-004 2.16901924e-004 1.71140772e-004 1.06629797e-004 9.27342641e-005 8.74144235e-005 5.94816961e-005 3.79630928e-005 
2.50000000e+000 3.33928571e+001 1.00000000e+001 1.12504332e-002 6.34780855e-004 2.21194251e-004 1.72889962e-004 1.06220241e-004 9.20963214e-005 8.67117996e-005 5.86645333e-005 3.72850712e-005 
2.50000000e+000 3.21428571e+001 1.00000000e+001 4.22481282e-003 4.02232171e-004 1.63532103e-004 1.31944486e-004 8.58154962e-005 7.55082511e-005 7.15159841e-005 4.99727869e-005 3.26689551e-005 
2.50000000e+000 3.05357143e+001 1.00000000e+001 6.97864997e-004 2.07011254e-004 1.06604986e-004 9.00340278e-005 6.34386554e-005 5.69656071e-005 5.43946560e-005 3.97171811e-005 2.69643312e-005 
2.50000000e+000 2.85714286e+001 1.00000000e+001 2.13113041e-004 1.11885574e-004 6.67402512e-005 5.81945932e-005 4.35719187e-005 3.97870894e-005 3.82546485e-005 2.90630208e-005 2.05014836e-005 
2.50000000e+000 2.62500000e+001 1.00000000e+001 2.75168454e-005 3.18620178e-005 2.47928773e-005 2.30505981e-005 1.96551886e-005 1.86397797e-005 1.82078646e-005 1.51906723e-005 1.17716716e-005 
2.50000000e+000 2.35714286e+001 1.00000000e+001 5.84305414e-006 1.21206147e-005 1.15402289e-005 1.12660005e-005 1.06056208e-005 1.03513481e-005 1.02339898e-005 9.16768528e-006 7.62788605e-006 
2.50000000e+000 2.05357143e+001 1.00000000e+001 1.21266470e-006 4.63391198e-006 5.42296157e-006 5.56200704e-006 5.78306287e-006 5.80893318e-006 5.81240384e-006 5.58751757e-006 4.98516127e-006 
2.50000000e+000 1.71428571e+001 1.00000000e+001 2.34044881e-007 1.73117881e-006 2.52385050e-006 2.72718399e-006 3.14768879e-006 3.25815456e-006 3.30116881e-006 3.41479360e-006 3.27337171e-006 
2.50000000e+000 1.33928571e+001 1.00000000e+001 4.16044334e-008 6.32616920e-007 1.17051301e-006 1.33796357e-006 1.72696048e-006 1.84556482e-006 1.89492103e-006 2.11759746e-006 2.18732337e-006 
2.50000000e+000 9.28571429e+000 1.00000000e+001 6.97034559e-009 2.34251309e-007 5.63161163e-007 6.84147265e-007 9.94791674e-007 1.09926564e-006 1.14437327e-006 1.38466186e-006 1.54231469e-006 
2.50000000e+000 4.82142857e+000 1.00000000e+001 1.21851383e-009 9.80710821e-008 3.10694995e-007 4.01289220e-007 6.54426733e-007 7.45790886e-007 7.86206698e-007 1.02055502e-006 1.21192222e-006 
2.50000000e+000 0.00000000e+000 1.00000000e+001 4.42575690e-010 6.48932632e-008 2.39712112e-007 3.19562053e-007 5.51476669e-007 6.37670926e-007 6.76163937e-007 9.06035093e-007 1.10607598e-006 
0.00000000e+000 3.50000000e+001 2.00000000e+001 2.15503490e-004 1.44476988e-004 9.09881015e-005 8.00947991e-005 6.08249378e-005 5.57003825e-005 5.36106457e-005 4.09101311e-005 2.89160932e-005 
0.00000000e+000 3.48214286e+001 2.00000000e+001 2.14274644e-004 1.43659772e-004 9.04770979e-005 7.96464489e-005 6.04877956e-005 5.53927675e-005 5.33150386e-005 4.06865997e-005 2.87588365e-005 
0.00000000e+000 3.42857143e+001 2.00000000e+001 2.10742496e-004 1.41327015e-004 8.90203635e-005 7.83688535e-005 5.95280648e-005 5.45173611e-005 5.24739206e-005 4.00510073e-005 2.83119251e-005 
0.00000000e+000 3.33928571e+001 2.00000000e+001 2.05206175e-004 1.37659158e-004 8.67278760e-005 7.63576329e-005 5.80160865e-005 5.31378953e-005 5.11483469e-005 3.90487319e-005 2.76068512e-005 
0.00000000e+000 3.21428571e+001 2.00000000e+001 1.97795243e-004 1.32761048e-004 8.36638736e-005 7.36685523e-005 5.59926202e-005 5.12912004e-005 4.93735659e-005 3.77058173e-005 2.66617032e-005 
0.00000000e+000 3.05357143e+001 2.00000000e+001 1.89086332e-004 1.27021965e-004 8.00748666e-005 7.05182120e-005 5.36205938e-005 4.91258920e-005 4.72923722e-005 3.61302453e-005 2.55527392e-005 
0.00000000e+000 2.85714286e+001 2.00000000e+001 1.79601351e-004 1.20794507e-004 7.61788464e-005 6.70967255e-005 5.10400947e-005 4.67687411e-005 4.50261393e-005 3.44117602e-005 2.43422037e-005 
0.00000000e+000 2.62500000e+001 2.00000000e+001 1.71067695e-004 1.15235707e-004 7.27037438e-005 6.40440746e-005 4.87344941e-005 4.46612562e-005 4.29992957e-005 3.28716528e-005 2.32560620e-005 
0.00000000e+000 2.35714286e+001 2.00000000e+001 1.62007447e-004 1.09352173e-004 6.90130058e-005 6.07951751e-005 4.62654195e-005 4.23995449e-005 4.08221751e-005 3.12093271e-005 2.20807111e-005 
0.00000000e+000 2.05357143e+001 2.00000000e+001 1.53326374e-004 1.03738583e-004 6.54668257e-005 5.76627517e-005 4.38636706e-005 4.01934052e-005 3.86961307e-005 2.95763841e-005 2.09227976e-005 
0.00000000e+000 1.71428571e+001 2.00000000e+001 1.45295025e-004 9.85301535e-005 6.21458553e-005 5.47171168e-005 4.15810507e-005 3.80896917e-005 3.66660027e-005 2.80057579e-005 1.98045546e-005 
0.00000000e+000 1.33928571e+001 2.00000000e+001 1.39039262e-004 9.44723377e-005 5.95323001e-005 5.23867912e-005 3.97491302e-005 3.63935063e-005 3.50260129e-005 2.67243541e-005 1.88879824e-005 
0.00000000e+000 9.28571429e+000 2.00000000e+001 1.34476167e-004 9.14914028e-005 5.76056660e-005 5.06623112e-005 3.83742180e-005 3.51139522e-005 3.37862023e-005 2.57447323e-005 1.81831543e-005 
0.00000000e+000 4.82142857e+000 2.00000000e+001 1.31587694e-004 8.96111444e-005 5.64143345e-005 4.96017913e-005 3.75305406e-005 3.43273121e-005 3.30232292e-005 2.51378771e-005 1.77446905e-005 
0.00000000e+000 0.00000000e+000 2.00000000e+001 1.30417023e-004 8.88422068e-005 5.59289272e-005 4.91719773e-005 3.71929276e-005 3.40134312e-005 3.27191026e-005 2.48968639e-005 1.75705486e-005 
2.50000000e-001 3.50000000e+001 2.00000000e+001 2.37832700e-004 1.46883410e-004 9.09051842e-005 7.97647923e-005 6.02608499e-005 5.51207780e-005 5.30302402e-005 4.03936603e-005 2.85360151e-005 
2.50000000e-001 3.48214286e+001 2.00000000e+001 2.38695907e-004 1.46626992e-004 9.06275662e-005 7.94998290e-005 6.00319676e-005 5.49047149e-005 5.28197822e-005 4.02225692e-005 2.84080707e-005 
2.50000000e-001 3.42857143e+001 2.00000000e+001 2.24604391e-004 1.40929047e-004 8.76601831e-005 7.70107326e-005 5.83241052e-005 5.33875957e-005 5.13781878e-005 3.92031945e-005 2.77390070e-005 
2.50000000e-001 3.33928571e+001 2.00000000e+001 2.15631882e-004 1.35902105e-004 8.47042816e-005 7.44559587e-005 5.64614455e-005 5.17035503e-005 4.97661330e-005 3.80123564e-005 2.69217583e-005 
2.50000000e-001 3.21428571e+001 2.00000000e+001 1.95909014e-004 1.26637098e-004 7.96024416e-005 7.01166865e-005 5.33983298e-005 4.89598300e-005 4.71499036e-005 3.61239356e-005 2.56567577e-005 
2.50000000e-001 3.05357143e+001 2.00000000e+001 1.70459804e-004 1.14681697e-004 7.30685265e-005 6.45732729e-005 4.95084308e-005 4.54824580e-005 4.38370061e-005 3.37463959e-005 2.40755162e-005 
2.50000000e-001 2.85714286e+001 2.00000000e+001 1.41939603e-004 1.00701796e-004 6.53899536e-005 5.80559557e-005 4.49347490e-005 4.13946952e-005 3.99431245e-005 3.09567406e-005 2.22284840e-005 
2.50000000e-001 2.62500000e+001 2.00000000e+001 1.06052765e-004 8.38793246e-005 5.64503867e-005 5.05406200e-005 3.97701659e-005 3.68086489e-005 3.55866986e-005 2.78896560e-005 2.02390849e-005 
2.50000000e-001 2.35714286e+001 2.00000000e+001 8.43625184e-005 7.24065026e-005 5.00117168e-005 4.50441547e-005 3.58597306e-005 3.32974728e-005 3.22352877e-005 2.54578645e-005 1.86082103e-005 
2.50000000e-001 2.05357143e+001 2.00000000e+001 6.81707528e-005 6.31628464e-005 4.46521027e-005 4.04261361e-005 3.25047160e-005 3.02651962e-005 2.93329082e-005 2.33164043e-005 1.71486722e-005 
2.50000000e-001 1.71428571e+001 2.00000000e+001 5.58419432e-005 5.56388148e-005 4.01612456e-005 3.65235669e-005 2.96132996e-005 2.76356732e-005 2.68093895e-005 2.14250900e-005 1.58406887e-005 
2.50000000e-001 1.33928571e+001 2.00000000e+001 4.68758810e-005 4.99451175e-005 3.67127496e-005 3.35123125e-005 2.73544887e-005 2.55729629e-005 2.48263508e-005 1.99237606e-005 1.47945571e-005 
2.50000000e-001 9.28571429e+000 2.00000000e+001 4.07008667e-005 4.58841535e-005 3.42269537e-005 3.13332948e-005 2.57007921e-005 2.40563993e-005 2.33656834e-005 1.88060720e-005 1.40094093e-005 
2.50000000e-001 4.82142857e+000 2.00000000e+001 3.69836041e-005 4.33788415e-005 3.26970143e-005 2.99945405e-005 2.46851202e-005 2.31238715e-005 2.24669646e-005 1.81153238e-005 1.35224770e-005 
2.50000000e-001 0.00000000e+000 2.00000000e+001 3.56538027e-005 4.24489433e-005 3.21210799e-005 2.94896900e-005 2.43010856e-005 2.27708699e-005 2.21265672e-005 1.78525051e-005 1.33360017e-005 
5.00000000e-001 3.50000000e+001 2.00000000e+001 3.20898479e-004 1.64946176e-004 9.71141015e-005 8.43091819e-005 6.24631477e-005 5.68458057e-005 5.45785515e-005 4.11228207e-005 2.87984237e-005 
5.00000000e-001 3.48214286e+001 2.00000000e+001 3.28385638e-004 1.65850276e-004 9.72577716e-005 8.43646853e-005 6.24114778e-005 5.67767805e-005 5.45037593e-005 4.10313656e-005 2.87127764e-005 
5.00000000e-001 3.42857143e+001 2.00000000e+001 2.89127931e-004 1.54917811e-004 9.22417469e-005 8.02833843e-005 5.97780545e-005 5.44788401e-005 5.23364751e-005 3.95655902e-005 2.77940814e-005 
5.00000000e-001 3.33928571e+001 2.00000000e+001 2.76054525e-004 1.48611508e-004 8.86978651e-005 7.72516235e-005 5.76117352e-005 5.25315841e-005 5.04769895e-005 3.82118243e-005 2.68791396e-005 
5.00000000e-001 3.21428571e+001 2.00000000e+001 2.34883406e-004 1.33943968e-004 8.13143966e-005 7.11036605e-005 5.34521924e-005 4.88511266e-005 4.69854986e-005 3.57674917e-005 2.52931944e-005 
5.00000000e-001 3.05357143e+001 2.00000000e+001 1.85564154e-004 1.15191891e-004 7.17765460e-005 6.31526552e-005 4.80706449e-005 4.40914965e-005 4.24714432e-005 3.26157563e-005 2.32585020e-005 
5.00000000e-001 2.85714286e+001 2.00000000e+001 1.38951122e-004 9.45375736e-005 6.08643177e-005 5.39854762e-005 4.17797677e-005 3.85083061e-005 3.71691345e-005 2.88896774e-005 2.08473357e-005 
5.00000000e-001 2.62500000e+001 2.00000000e+001 8.24032358e-005 6.84395479e-005 4.72418189e-005 4.26062040e-005 3.40863886e-005 3.17160907e-005 3.07336490e-005 2.44381947e-005 1.80258747e-005 
5.00000000e-001 2.35714286e+001 2.00000000e+001 5.47446745e-005 5.31723564e-005 3.87132443e-005 3.53551623e-005 2.89924451e-005 2.71645393e-005 2.63988295e-005 2.13407004e-005 1.59888708e-005 
5.00000000e-001 2.05357143e+001 2.00000000e+001 3.70935099e-005 4.20210189e-005 3.21749034e-005 2.97264568e-005 2.49309930e-005 2.35057478e-005 2.29021397e-005 1.87889701e-005 1.42742439e-005 
5.00000000e-001 1.71428571e+001 2.00000000e+001 2.54509648e-005 3.36814240e-005 2.70667107e-005 2.52787850e-005 2.16417974e-005 2.05201140e-005 2.00395800e-005 1.66589726e-005 1.28148350e-005 
5.00000000e-001 1.33928571e+001 2.00000000e+001 1.79175034e-005 2.76880124e-005 2.32817491e-005 2.19582469e-005 1.91455920e-005 1.82428549e-005 1.78515494e-005 1.50105283e-005 1.16730933e-005 
5.00000000e-001 9.28571429e+000 2.00000000e+001 1.32286873e-005 2.35951172e-005 2.06318761e-005 1.96190972e-005 1.73617365e-005 1.66078478e-005 1.62774657e-005 1.38105401e-005 1.08333127e-005 
5.00000000e-001 4.82142857e+000 2.00000000e+001 1.06247370e-005 2.11519877e-005 1.90290721e-005 1.82016701e-005 1.62758707e-005 1.56107182e-005 1.53166679e-005 1.30740921e-005 1.03154949e-005 
5.00000000e-001 0.00000000e+000 2.00000000e+001 9.75058285e-006 2.02844917e-005 1.84489568e-005 1.76866901e-005 1.58784276e-005 1.52448612e-005 1.49637570e-005 1.28015857e-005 1.01221529e-005 
7.50000000e-001 3.50000000e+001 2.00000000e+001 4.78686969e-004 1.94883855e-004 1.07745012e-004 9.22599251e-005 6.66084144e-005 6.01985863e-005 5.76347136e-005 4.27551773e-005 2.95425969e-005 
7.50000000e-001 3.48214286e+001 2.00000000e+001 5.06002207e-004 1.97980188e-004 1.08577831e-004 9.28228699e-005 6.68202950e-005 6.03444603e-005 5.77567804e-005 4.27745875e-005 2.95134855e-005 
7.50000000e-001 3.42857143e+001 2.00000000e+001 4.03365458e-004 1.78322380e-004 1.00597487e-004 8.65144184e-005 6.29766527e-005 5.70449272e-005 5.46659810e-005 4.07660995e-005 2.83041096e-005 
7.50000000e-001 3.33928571e+001 2.00000000e+001 3.85264649e-004 1.70490597e-004 9.64161232e-005 8.29783510e-005 6.05048483e-005 5.48364287e-005 5.25622468e-005 3.92560435e-005 2.72973329e-005 
7.50000000e-001 3.21428571e+001 2.00000000e+001 3.01249258e-004 1.48130638e-004 8.61542353e-005 7.46136391e-005 5.50756266e-005 5.00881564e-005 4.80794343e-005 3.62043966e-005 2.53716895e-005 
7.50000000e-001 3.05357143e+001 2.00000000e+001 2.11342679e-004 1.20707495e-004 7.31491523e-005 6.39477872e-005 4.80856506e-005 4.39625039e-005 4.22920160e-005 3.22535703e-005 2.28791129e-005 
7.50000000e-001 2.85714286e+001 2.00000000e+001 1.42689619e-004 9.32305935e-005 5.91077427e-005 5.22451643e-005 4.01827346e-005 3.69815297e-005 3.56753786e-005 2.76597662e-005 1.99462973e-005 
7.50000000e-001 2.62500000e+001 2.00000000e+001 6.85979926e-005 5.91258856e-005 4.13661459e-005 3.74470622e-005 3.02211613e-005 2.82018118e-005 2.73633610e-005 2.19438869e-005 1.63550064e-005 
7.50000000e-001 2.35714286e+001 2.00000000e+001 3.85596448e-005 4.14301787e-005 3.13202356e-005 2.88846134e-005 2.41908890e-005 2.28139277e-005 2.22327721e-005 1.82869124e-005 1.39642158e-005 
7.50000000e-001 2.05357143e+001 2.00000000e+001 2.20747274e-005 2.96008721e-005 2.41380381e-005 2.26614349e-005 1.96565842e-005 1.87215828e-005 1.83192547e-005 1.54254085e-005 1.20440422e-005 
7.50000000e-001 1.71428571e+001 2.00000000e+001 1.26979398e-005 2.14439339e-005 1.88652319e-005 1.80227089e-005 1.61689264e-005 1.55443702e-005 1.52689133e-005 1.31419905e-005 1.04750350e-005 
7.50000000e-001 1.33928571e+001 2.00000000e+001 7.42606741e-006 1.59528435e-005 1.51271828e-005 1.46950383e-005 1.36069812e-005 1.31944277e-005 1.30063588e-005 1.14200906e-005 9.27398033e-006 
7.50000000e-001 9.28571429e+000 2.00000000e+001 4.54793797e-006 1.24100768e-005 1.26053488e-005 1.24274342e-005 1.18250699e-005 1.15500322e-005 1.14190830e-005 1.01940808e-005 8.40719802e-006 
7.50000000e-001 4.82142857e+000 2.00000000e+001 3.11525515e-006 1.03870157e-005 1.11194714e-005 1.10835473e-005 1.07571695e-005 1.05612549e-005 1.04633048e-005 9.44971923e-006 7.87710520e-006 
7.50000000e-001 0.00000000e+000 2.00000000e+001 2.66752209e-006 9.69417836e-006 1.05969647e-005 1.06083228e-005 1.03754230e-005 1.02066211e-005 1.01200157e-005 9.17991056e-006 7.68293348e-006 
1.00000000e+000 3.50000000e+001 2.00000000e+001 7.75746715e-004 2.38457621e-004 1.22566057e-004 1.03307180e-004 7.24016447e-005 6.49110878e-005 6.19433897e-005 4.51206209e-005 3.06758432e-005 
1.00000000e+000 3.48214286e+001 2.00000000e+001 8.61722568e-004 2.45655458e-004 1.24505560e-004 1.04656812e-004 7.29952096e-005 6.53623794e-005 6.23430770e-005 4.52896405e-005 3.07199260e-005 
1.00000000e+000 3.42857143e+001 2.00000000e+001 5.98014222e-004 2.11265981e-004 1.12155106e-004 9.51701030e-005 6.75339293e-005 6.07490733e-005 5.80503996e-005 4.26065802e-005 2.91650803e-005 
1.00000000e+000 3.33928571e+001 2.00000000e+001 5.78297524e-004 2.01605670e-004 1.07234694e-004 9.10594787e-005 6.47288810e-005 5.82595829e-005 5.56855269e-005 4.09352928e-005 2.80666246e-005 
1.00000000e+000 3.21428571e+001 2.00000000e+001 4.07003885e-004 1.67897265e-004 9.31763291e-005 7.98506629e-005 5.77598235e-005 5.22372367e-005 5.00279175e-005 3.71917959e-005 2.57682346e-005 
1.00000000e+000 3.05357143e+001 2.00000000e+001 2.45746900e-004 1.28852839e-004 7.59466875e-005 6.59535127e-005 4.89438844e-005 4.45816679e-005 4.28223396e-005 3.23791614e-005 2.27961278e-005 
1.00000000e+000 2.85714286e+001 2.00000000e+001 1.48688504e-004 9.38591960e-005 5.86585177e-005 5.16578574e-005 3.94376057e-005 3.62207941e-005 3.49120928e-005 2.69448568e-005 1.93640099e-005 
1.00000000e+000 2.62500000e+001 2.00000000e+001 5.86330115e-005 5.25609325e-005 3.71967901e-005 3.37642846e-005 2.74079608e-005 2.56242841e-005 2.48827522e-005 2.00628574e-005 1.50559590e-005 
1.00000000e+000 2.35714286e+001 2.00000000e+001 2.81323441e-005 3.33702363e-005 2.60731008e-005 2.42412838e-005 2.06500941e-005 1.95756857e-005 1.91191861e-005 1.59429685e-005 1.23611566e-005 
1.00000000e+000 2.05357143e+001 2.00000000e+001 1.37007017e-005 2.16048327e-005 1.86314426e-005 1.77356022e-005 1.58334080e-005 1.52109601e-005 1.49385691e-005 1.28614713e-005 1.02821223e-005 
1.00000000e+000 1.71428571e+001 2.00000000e+001 6.64154481e-006 1.41366423e-005 1.34939046e-005 1.31543176e-005 1.23036366e-005 1.19752679e-005 1.18243678e-005 1.04996858e-005 8.64281374e-006 
1.00000000e+000 1.33928571e+001 2.00000000e+001 3.23254649e-006 9.47078105e-006 1.00318486e-005 1.00142422e-005 9.80308122e-006 9.66171211e-006 9.58913937e-006 8.76695229e-006 7.41571946e-006 
1.00000000e+000 9.28571429e+000 2.00000000e+001 1.62975503e-006 6.65704452e-006 7.79690908e-006 7.95672942e-006 8.11654984e-006 8.08853949e-006 8.06409403e-006 7.56169665e-006 6.54697827e-006 
1.00000000e+000 4.82142857e+000 2.00000000e+001 9.30477065e-007 5.13545430e-006 6.52325781e-006 6.77192862e-006 7.12655192e-006 7.16018927e-006 7.16218190e-006 6.84007533e-006 6.02118715e-006 
1.00000000e+000 0.00000000e+000 2.00000000e+001 7.30024980e-007 4.63348152e-006 6.08722186e-006 6.36312807e-006 6.77985816e-006 6.83368832e-006 6.84440432e-006 6.58299010e-006 5.83160605e-006 
1.25000000e+000 3.50000000e+001 2.00000000e+001 1.35430578e-003 3.00556406e-004 1.42183964e-004 1.17740436e-004 7.98363338e-005 7.09434582e-005 6.74552703e-005 4.81526954e-005 3.21495107e-005 
1.25000000e+000 3.48214286e+001 2.00000000e+001 1.61123600e-003 3.15408344e-004 1.45894893e-004 1.20304486e-004 8.09786662e-005 7.18252099e-005 6.82430420e-005 4.85212795e-005 3.22870322e-005 
1.25000000e+000 3.42857143e+001 2.00000000e+001 9.33671467e-004 2.56065876e-004 1.27068329e-004 1.06254489e-004 7.33372462e-005 6.54732435e-005 6.23718234e-005 4.49908840e-005 3.03169699e-005 
1.25000000e+000 3.33928571e+001 2.00000000e+001 9.31830107e-004 2.44442596e-004 1.21299123e-004 1.01485818e-004 7.01584996e-005 6.26716116e-005 5.97181157e-005 4.31464003e-005 2.91231989e-005 
1.25000000e+000 3.21428571e+001 2.00000000e+001 5.79647314e-004 1.93830358e-004 1.02155723e-004 8.65644701e-005 6.12824925e-005 5.50955860e-005 5.26371264e-005 3.85961520e-005 2.64063778e-005 
1.25000000e+000 3.05357143e+001 2.00000000e+001 2.90326543e-004 1.38940891e-004 7.96606625e-005 6.87272328e-005 5.03377805e-005 4.56796555e-005 4.38087234e-005 3.28287179e-005 2.29194346e-005 
1.25000000e+000 2.85714286e+001 2.00000000e+001 1.56019637e-004 9.54001877e-005 5.88784824e-005 5.16798265e-005 3.91780280e-005 3.59074184e-005 3.45798687e-005 2.65540484e-005 1.89964522e-005 
1.25000000e+000 2.62500000e+001 2.00000000e+001 5.07902800e-005 4.74501474e-005 3.39832388e-005 3.09279042e-005 2.52338581e-005 2.36269498e-005 2.29578331e-005 1.85857239e-005 1.40164053e-005 
1.25000000e+000 2.35714286e+001 2.00000000e+001 2.09144561e-005 2.74052148e-005 2.21106020e-005 2.07133001e-005 1.79172413e-005 1.70620770e-005 1.66961317e-005 1.40864182e-005 1.10625747e-005 
1.25000000e+000 2.05357143e+001 2.00000000e+001 8.70132876e-006 1.61240442e-005 1.46694131e-005 1.41449286e-005 1.29639205e-005 1.25512628e-005 1.23669065e-005 1.08602062e-005 8.86607818e-006 
1.25000000e+000 1.71428571e+001 2.00000000e+001 3.56802645e-006 9.54335157e-006 9.84237391e-006 9.77689549e-006 9.50343310e-006 9.35522525e-006 9.28149956e-006 8.48077071e-006 7.19064254e-006 
1.25000000e+000 1.33928571e+001 2.00000000e+001 1.45004933e-006 5.75123602e-006 6.76573361e-006 6.92914312e-006 7.14697399e-006 7.15242583e-006 7.14436238e-006 6.78540278e-006 5.96550451e-006 
1.25000000e+000 9.28571429e+000 2.00000000e+001 6.01601491e-007 3.63148394e-006 4.87652421e-006 5.14430970e-006 5.61136325e-006 5.70145820e-006 5.73042413e-006 5.63537484e-006 5.11535383e-006 
1.25000000e+000 4.82142857e+000 2.00000000e+001 2.82509320e-007 2.55549838e-006 3.84155862e-006 4.15119769e-006 4.73225684e-006 4.86444555e-006 4.91222949e-006 4.95825597e-006 4.60714691e-006 
1.25000000e+000 0.00000000e+000 2.00000000e+001 1.99856889e-007 2.21489597e-006 3.49691202e-006 3.81696655e-006 4.43049117e-006 4.57554660e-006 4.62917973e-006 4.72082627e-006 4.42645653e-006 
1.50000000e+000 3.50000000e+001 2.00000000e+001 2.52903912e-003 3.89292898e-004 1.67801008e-004 1.36249545e-004 8.90866565e-005 7.83982073e-005 7.42496184e-005 5.18509813e-005 3.39443390e-005 
1.50000000e+000 3.48214286e+001 2.00000000e+001 3.27748335e-003 4.18373932e-004 1.74343785e-004 1.40686119e-004 9.10165063e-005 7.98852512e-005 7.55785164e-005 5.24846549e-005 3.42004088e-005 
1.50000000e+000 3.42857143e+001 2.00000000e+001 1.52345037e-003 3.16657178e-004 1.45902489e-004 1.20070592e-004 8.04277749e-005 7.12242720e-005 6.76264088e-005 4.78847284e-005 3.17283039e-005 
1.50000000e+000 3.33928571e+001 2.00000000e+001 1.60719791e-003 3.03454198e-004 1.39209550e-004 1.14573060e-004 7.68318209e-005 6.80752184e-005 6.46518221e-005 4.58511354e-005 3.04330986e-005 
1.50000000e+000 3.21428571e+001 2.00000000e+001 8.72238290e-004 2.27540061e-004 1.13215759e-004 9.47730324e-005 6.55722762e-005 5.85853052e-005 5.58281289e-005 4.03483428e-005 2.72400345e-005 
1.50000000e+000 3.05357143e+001 2.00000000e+001 3.48069145e-004 1.50859507e-004 8.40898108e-005 7.20768553e-005 5.21116519e-005 4.71145812e-005 4.51153285e-005 3.35060357e-005 2.31912351e-005 
1.50000000e+000 2.85714286e+001 2.00000000e+001 1.64486852e-004 9.74605988e-005 5.94750415e-005 5.20495476e-005 3.92088550e-005 3.58663583e-005 3.45121036e-005 2.63725456e-005 1.87759280e-005 
1.50000000e+000 2.62500000e+001 2.00000000e+001 4.43588677e-005 4.32307500e-005 3.13570506e-005 2.86165611e-005 2.34692068e-005 2.20061080e-005 2.13955994e-005 1.73827646e-005 1.31615298e-005 
1.50000000e+000 2.35714286e+001 2.00000000e+001 1.57337567e-005 2.27827645e-005 1.89828325e-005 1.79164892e-005 1.57288792e-005 1.50420712e-005 1.47457371e-005 1.25746990e-005 9.98829227e-006 
1.50000000e+000 2.05357143e+001 2.00000000e+001 5.60700719e-006 1.22104799e-005 1.17123398e-005 1.14355383e-005 1.07469038e-005 1.04809292e-005 1.03586211e-005 9.26475828e-006 7.70979110e-006 
1.50000000e+000 1.71428571e+001 2.00000000e+001 1.94943573e-006 6.54899127e-006 7.28489671e-006 7.36856336e-006 7.42955868e-006 7.39226523e-006 7.36697964e-006 6.91416191e-006 6.02653184e-006 
1.50000000e+000 1.33928571e+001 2.00000000e+001 6.63183691e-007 3.55214894e-006 4.62572594e-006 4.85530291e-006 5.26415087e-006 5.34541143e-006 5.37206445e-006 5.29046347e-006 4.82551208e-006 
1.50000000e+000 9.28571429e+000 2.00000000e+001 2.26805867e-007 2.00909364e-006 3.08022123e-006 3.35534541e-006 3.90530180e-006 4.04325857e-006 4.09582232e-006 4.21842068e-006 4.00955989e-006 
1.50000000e+000 4.82142857e+000 2.00000000e+001 8.70044545e-008 1.27945412e-006 2.27067294e-006 2.55280711e-006 3.14949923e-006 3.31148890e-006 3.37560513e-006 3.59926145e-006 3.52867310e-006 
1.50000000e+000 0.00000000e+000 2.00000000e+001 5.47332986e-008 1.05888453e-006 2.00899188e-006 2.28975896e-006 2.89534017e-006 3.06369430e-006 3.13102354e-006 3.38550059e-006 3.35993710e-006 
1.75000000e+000 3.50000000e+001 2.00000000e+001 5.02050439e-003 5.17308977e-004 2.01215616e-004 1.59888179e-004 1.00465145e-004 8.74829830e-005 8.24994462e-005 5.62610828e-005 3.60616099e-005 
1.75000000e+000 3.48214286e+001 2.00000000e+001 7.16751994e-003 5.72712613e-004 2.12277236e-004 1.67208339e-004 1.03524296e-004 8.98205014e-005 8.45822499e-005 5.72463837e-005 3.64676915e-005 
1.75000000e+000 3.42857143e+001 2.00000000e+001 2.58060572e-003 3.98807408e-004 1.69542313e-004 1.37135375e-004 8.89459091e-005 7.80885491e-005 7.38827753e-005 5.12934368e-005 3.33866467e-005 
1.75000000e+000 3.33928571e+001 2.00000000e+001 2.95040016e-003 3.85553204e-004 1.61944507e-004 1.30882977e-004 8.48956204e-005 7.45593172e-005 7.05566740e-005 4.90532927e-005 3.19823762e-005 
1.75000000e+000 3.21428571e+001 2.00000000e+001 1.38780325e-003 2.71579312e-004 1.26694015e-004 1.04651411e-004 7.06440873e-005 6.27004985e-005 5.95885863e-005 4.24183774e-005 2.82428142e-005 
1.75000000e+000 3.05357143e+001 2.00000000e+001 4.23333044e-004 1.64728670e-004 8.91694807e-005 7.59267339e-005 5.41880613e-005 4.88123631e-005 4.66698754e-005 3.43544969e-005 2.35743131e-005 
1.75000000e+000 2.85714286e+001 2.00000000e+001 1.74114382e-004 9.98762842e-005 6.03068347e-005 5.26355785e-005 3.94230841e-005 3.59990105e-005 3.46138655e-005 2.63301940e-005 1.86579228e-005 
1.75000000e+000 2.62500000e+001 2.00000000e+001 3.89612299e-005 3.96232934e-005 2.91241686e-005 2.66565880e-005 2.19815494e-005 2.06416697e-005 2.00811827e-005 1.63720197e-005 1.24408833e-005 
1.75000000e+000 2.35714286e+001 2.00000000e+001 1.19347595e-005 1.90971414e-005 1.64371658e-005 1.56307623e-005 1.39257585e-005 1.33733882e-005 1.31327248e-005 1.13145371e-005 9.08270136e-006 
1.75000000e+000 2.05357143e+001 2.00000000e+001 3.64975845e-006 9.34039839e-006 9.44567546e-006 9.33735708e-006 8.99357009e-006 8.83312073e-006 8.75582148e-006 7.96927510e-006 6.75192141e-006 
1.75000000e+000 1.71428571e+001 2.00000000e+001 1.07754913e-006 4.54674629e-006 5.45177367e-006 5.61318500e-006 5.86469354e-006 5.89561857e-006 5.90081261e-006 5.68156341e-006 5.08345316e-006 
1.75000000e+000 1.33928571e+001 2.00000000e+001 3.07368841e-007 2.22198620e-006 3.19757472e-006 3.43753423e-006 3.91139354e-006 4.02786717e-006 4.07179037e-006 4.15201353e-006 3.92318609e-006 
1.75000000e+000 9.28571429e+000 2.00000000e+001 8.68163250e-008 1.12455425e-006 1.96254366e-006 2.20572191e-006 2.73455591e-006 2.88338829e-006 2.94327042e-006 3.17093173e-006 3.15240296e-006 
1.75000000e+000 4.82142857e+000 2.00000000e+001 2.71235193e-008 6.44256708e-007 1.34692033e-006 1.57469966e-006 2.10074572e-006 2.25877817e-006 2.32404910e-006 2.61639610e-006 2.70529524e-006 
1.75000000e+000 0.00000000e+000 2.00000000e+001 1.49945887e-008 5.06282783e-007 1.15424902e-006 1.37367779e-006 1.89218569e-006 2.05145734e-006 2.11778816e-006 2.42793926e-006 2.55042763e-006 
2.00000000e+000 3.50000000e+001 2.00000000e+001 1.05346805e-002 7.04241844e-004 2.44960628e-004 1.90124311e-004 1.14415150e-004 9.84995574e-005 9.24598762e-005 6.14648175e-005 3.85179341e-005 
2.00000000e+000 3.48214286e+001 2.00000000e+001 1.66320268e-002 8.08092055e-004 2.63215220e-004 2.01876837e-004 1.19092362e-004 1.02031261e-004 9.55924016e-005 6.29162742e-005 3.91136391e-005 
2.00000000e+000 3.42857143e+001 2.00000000e+001 4.51318272e-003 5.10746908e-004 1.99198003e-004 1.58164491e-004 9.91089190e-005 8.62116186e-005 8.12626305e-005 5.52498178e-005 3.52927735e-005 
2.00000000e+000 3.33928571e+001 2.00000000e+001 5.71804053e-003 5.01248081e-004 1.90898702e-004 1.51222591e-004 9.45850782e-005 8.22796060e-005 7.75622093e-005 5.27864346e-005 3.37710984e-005 
2.00000000e+000 3.21428571e+001 2.00000000e+001 2.32996746e-003 3.29689505e-004 1.43107564e-004 1.16493191e-004 7.65691422e-005 6.74813475e-005 6.39485536e-005 4.48011909e-005 2.94013892e-005 
2.00000000e+000 3.05357143e+001 2.00000000e+001 5.22261701e-004 1.80792075e-004 9.49011922e-005 8.02588067e-005 5.65311853e-005 5.07359434e-005 4.84351938e-005 3.53410025e-005 2.40446757e-005 
2.00000000e+000 2.85714286e+001 2.00000000e+001 1.85025962e-004 1.02575245e-004 6.13020251e-005 5.33688647e-005 3.97602164e-005 3.62483147e-005 3.48296675e-005 2.63833639e-005 1.86128352e-005 
2.00000000e+000 2.62500000e+001 2.00000000e+001 3.43638685e-005 3.64708009e-005 2.71744875e-005 2.49481040e-005 2.06913420e-005 1.94603252e-005 1.89439430e-005 1.55005653e-005 1.18199818e-005 
2.00000000e+000 2.35714286e+001 2.00000000e+001 9.10918630e-006 1.61035950e-005 1.43209048e-005 1.37218811e-005 1.24075270e-005 1.19651758e-005 1.17701925e-005 1.02434958e-005 8.30667756e-006 
2.00000000e+000 2.05357143e+001 2.00000000e+001 2.39364318e-006 7.19745781e-006 7.67440216e-006 7.68088849e-006 7.58119122e-006 7.49794813e-006 7.45389937e-006 6.90082086e-006 5.94819266e-006 
2.00000000e+000 1.71428571e+001 2.00000000e+001 6.00736748e-007 3.18375440e-006 4.11439647e-006 4.31152413e-006 4.66550493e-006 4.73754915e-006 4.76168141e-006 4.69983523e-006 4.31204089e-006 
2.00000000e+000 1.33928571e+001 2.00000000e+001 1.43843091e-007 1.40341280e-006 2.22998399e-006 2.45444620e-006 2.92791201e-006 3.05654272e-006 3.10755811e-006 3.27753736e-006 3.20432474e-006 
2.00000000e+000 9.28571429e+000 2.00000000e+001 3.36067155e-008 6.35522066e-007 1.25991377e-006 1.46007268e-006 1.92541949e-006 2.06679893e-006 2.12552300e-006 2.39286408e-006 2.48568578e-006 
2.00000000e+000 4.82142857e+000 2.00000000e+001 8.54368553e-009 3.26140932e-007 8.01680093e-007 9.74228098e-007 1.40422449e-006 1.54369531e-006 1.60302006e-006 1.90452871e-006 2.07604004e-006 
2.00000000e+000 0.00000000e+000 2.00000000e+001 4.10929384e-009 2.42095594e-007 6.63206341e-007 8.24145039e-007 1.23664296e-006 1.37370715e-006 1.43249323e-006 1.74125664e-006 1.93598403e-006 
2.25000000e+000 3.50000000e+001 2.00000000e+001 2.32306151e-002 9.80868503e-004 3.02557213e-004 2.28954149e-004 1.31524473e-004 1.11848462e-004 1.04470288e-004 6.75765531e-005 4.13423564e-005 
2.25000000e+000 3.48214286e+001 2.00000000e+001 4.04306728e-002 1.17345974e-003 3.32228991e-004 2.47504235e-004 1.38517302e-004 1.17055437e-004 1.09063231e-004 6.96457396e-005 4.21776462e-005 
2.25000000e+000 3.42857143e+001 2.00000000e+001 8.11298399e-003 6.64190079e-004 2.36465260e-004 1.84093422e-004 1.11205473e-004 9.57910516e-005 8.99333548e-005 5.98078876e-005 3.74571455e-005 
2.25000000e+000 3.33928571e+001 2.00000000e+001 1.15907490e-002 6.66543932e-004 2.27994492e-004 1.76688997e-004 1.06222411e-004 9.14537284e-005 8.58518189e-005 5.71078543e-005 3.58097737e-005 
2.25000000e+000 3.21428571e+001 2.00000000e+001 4.10753107e-003 4.07284912e-004 1.63165592e-004 1.30706355e-004 8.34625117e-005 7.30021867e-005 6.89689571e-005 4.75087620e-005 3.07113795e-005 
2.25000000e+000 3.05357143e+001 2.00000000e+001 6.53495787e-004 1.99385242e-004 1.01322901e-004 8.50861986e-005 5.91283036e-005 5.28691876e-005 5.03941239e-005 3.64466785e-005 2.45869101e-005 
2.25000000e+000 2.85714286e+001 2.00000000e+001 1.97412150e-004 1.05526990e-004 6.24225546e-005 5.42116441e-005 4.01849753e-005 3.65803282e-005 3.51262179e-005 2.65044171e-005 1.86207448e-005 
2.25000000e+000 2.62500000e+001 2.00000000e+001 3.04079147e-005 3.36755275e-005 2.54407982e-005 2.34299219e-005 1.95487248e-005 1.84156151e-005 1.79388806e-005 1.47334061e-005 1.12749013e-005 
2.25000000e+000 2.35714286e+001 2.00000000e+001 6.98623112e-006 1.36410732e-005 1.25351524e-005 1.21028102e-005 1.11081554e-005 1.07571706e-005 1.06002697e-005 9.31873795e-006 7.63226178e-006 
2.25000000e+000 2.05357143e+001 2.00000000e+001 1.57904016e-006 5.57716413e-006 6.27063824e-006 6.35426889e-006 6.42699141e-006 6.40061973e-006 6.38135729e-006 6.00802771e-006 5.26618781e-006 
2.25000000e+000 1.71428571e+001 2.00000000e+001 3.37136309e-007 2.24390140e-006 3.12543223e-006 3.33327254e-006 3.73483101e-006 3.83040131e-006 3.86588508e-006 3.90955725e-006 3.67553024e-006 
2.25000000e+000 1.33928571e+001 2.00000000e+001 6.78153883e-008 8.93043592e-007 1.56632336e-006 1.76469312e-006 2.20552953e-006 2.33348103e-006 2.38573199e-006 2.60054010e-006 2.62813950e-006 
2.25000000e+000 9.28571429e+000 2.00000000e+001 1.31208602e-008 3.62001244e-007 8.14161014e-007 9.72400156e-007 1.36251046e-006 1.48840089e-006 1.54192906e-006 1.81228945e-006 1.96537051e-006 
2.25000000e+000 4.82142857e+000 2.00000000e+001 2.71481120e-009 1.65916549e-007 4.78697093e-007 6.04438436e-007 9.40591764e-007 1.05697132e-006 1.10767032e-006 1.38820274e-006 1.59465988e-006 
2.25000000e+000 0.00000000e+000 2.00000000e+001 1.12654557e-009 1.15778969e-007 3.81088290e-007 4.94476954e-007 8.08241813e-007 9.19899562e-007 9.68983780e-007 1.24881409e-006 1.46959424e-006 
2.50000000e+000 3.50000000e+001 2.00000000e+001 5.35023616e-002 1.39597981e-003 3.78903602e-004 2.79080432e-004 1.52555011e-004 1.28044712e-004 1.18966017e-004 7.47435160e-005 4.45749786e-005 
2.50000000e+000 3.48214286e+001 2.00000000e+001 1.01809320e-001 1.75043823e-003 4.26644870e-004 3.08029812e-004 1.62856869e-004 1.35599049e-004 1.25588557e-004 7.76308576e-005 4.57128927e-005 
2.50000000e+000 3.42857143e+001 2.00000000e+001 1.49359605e-002 8.75864261e-004 2.83426561e-004 2.16122950e-004 1.25599900e-004 1.07076922e-004 1.00107434e-004 6.50400526e-005 3.98978439e-005 
2.50000000e+000 3.33928571e+001 2.00000000e+001 2.43474287e-002 9.05979259e-004 2.75862560e-004 2.08750816e-004 1.20227451e-004 1.02365371e-004 9.56650216e-005 6.20963078e-005 3.81173261e-005 
2.50000000e+000 3.21428571e+001 2.00000000e+001 7.55153660e-003 5.12217716e-004 1.87811397e-004 1.47828566e-004 9.14800520e-005 7.93671635e-005 7.47369894e-005 5.05659010e-005 3.21748191e-005 
2.50000000e+000 3.05357143e+001 2.00000000e+001 8.29239373e-004 2.20931684e-004 1.08496399e-004 9.04412208e-005 6.19803028e-005 5.52083468e-005 5.25413967e-005 3.76614481e-005 2.51912374e-005 
2.50000000e+000 2.85714286e+001 2.00000000e+001 2.11524122e-004 1.08722035e-004 6.36477902e-005 5.51426390e-005 4.06761895e-005 3.69743151e-005 3.54830231e-005 2.66755104e-005 1.86680763e-005 
2.50000000e+000 2.62500000e+001 2.00000000e+001 2.69782291e-005 3.11715078e-005 2.38792317e-005 2.20622345e-005 1.85210504e-005 1.74769360e-005 1.70362612e-005 1.40468087e-005 1.07887764e-005 
2.50000000e+000 2.35714286e+001 2.00000000e+001 5.37897705e-006 1.15966611e-005 1.10118867e-005 1.07138904e-005 9.98230457e-006 9.70783822e-006 9.58298831e-006 8.51010401e-006 7.03913873e-006 
2.50000000e+000 2.05357143e+001 2.00000000e+001 1.04657104e-006 4.34068974e-006 5.14642944e-006 5.28029681e-006 5.47313060e-006 5.48856989e-006 5.48780353e-006 5.25389734e-006 4.68181686e-006 
2.50000000e+000 1.71428571e+001 2.00000000e+001 1.90207330e-007 1.58960277e-006 2.38648266e-006 2.59033354e-006 3.00506500e-006 3.11257631e-006 3.15434499e-006 3.26753935e-006 3.14622524e-006 
2.50000000e+000 1.33928571e+001 2.00000000e+001 3.21597849e-008 5.71635801e-007 1.10657040e-006 1.27602386e-006 1.67023051e-006 1.79066735e-006 1.84088744e-006 2.07270958e-006 2.16370698e-006 
2.50000000e+000 9.28571429e+000 2.00000000e+001 5.15713226e-009 2.07547037e-007 5.29104545e-007 6.51078969e-007 9.68529811e-007 1.07641680e-006 1.12318160e-006 1.37721487e-006 1.55800997e-006 
2.50000000e+000 4.82142857e+000 2.00000000e+001 8.69028345e-010 8.47892633e-008 2.86713282e-007 3.76023926e-007 6.31300929e-007 7.25025094e-007 7.66719833e-007 1.01317920e-006 1.22604029e-006 
2.50000000e+000 0.00000000e+000 2.00000000e+001 3.08943039e-010 5.53759791e-008 2.18993020e-007 2.96696253e-007 5.28268460e-007 6.16029118e-007 6.55472220e-007 8.95659258e-007 1.11557819e-006 
END