TITLE="3SCB_EB_E_WD140.dat"
VARIABLES= "Density" "Radius" "Height" "0.1053" "0.356" "0.6617" "0.7889" "1.1732" "1.3325" "1.408" "2" "3" 
ZONE T="3D Data" I=11 J=8 K=3 F=POINT
0.00000000e+000 8.75000000e+000 0.00000000e+000 1.62944554e-004 1.11187700e-004 7.21694490e-005 6.42661954e-005 5.02127245e-005 4.63951943e-005 4.48205691e-005 3.48867311e-005 2.49361405e-005 
0.00000000e+000 1.51554446e+001 0.00000000e+000 2.13952097e-004 1.45044845e-004 9.27979696e-005 8.21245831e-005 6.31511811e-005 5.80547898e-005 5.59668146e-005 4.30894462e-005 3.06538277e-005 
0.00000000e+000 1.95655948e+001 0.00000000e+000 2.30708376e-004 1.56128139e-004 9.97120106e-005 8.81794119e-005 6.76677089e-005 6.21606493e-005 5.99056990e-005 4.60368761e-005 3.27153463e-005 
0.00000000e+000 2.31503240e+001 0.00000000e+000 2.33171733e-004 1.57675393e-004 1.00804885e-004 8.91919776e-005 6.85273241e-005 6.29710082e-005 6.06943438e-005 4.66676975e-005 3.31610500e-005 
0.00000000e+000 2.62500000e+001 0.00000000e+000 2.31428380e-004 1.56330246e-004 1.00094212e-004 8.86337581e-005 6.82380370e-005 6.27447317e-005 6.04917448e-005 4.65697144e-005 3.30977275e-005 
0.00000000e+000 2.90204669e+001 0.00000000e+000 2.29285542e-004 1.54908741e-004 9.93070422e-005 8.79966270e-005 6.78754753e-005 6.24504004e-005 6.02237036e-005 4.64257914e-005 3.30070747e-005 
0.00000000e+000 3.15485737e+001 0.00000000e+000 2.31748815e-004 1.56613193e-004 1.00279409e-004 8.88379135e-005 6.85217272e-005 6.30525478e-005 6.08083810e-005 4.68990707e-005 3.33517486e-005 
0.00000000e+000 3.38886043e+001 0.00000000e+000 2.40720721e-004 1.62567058e-004 1.03830171e-004 9.18989520e-005 7.07513161e-005 6.50752898e-005 6.27488354e-005 4.83629425e-005 3.43851182e-005 
2.50000000e-001 8.75000000e+000 0.00000000e+000 5.20381950e-005 5.75844910e-005 4.39458920e-005 4.06601722e-005 3.42762520e-005 3.23624177e-005 3.15459854e-005 2.58697743e-005 1.94544503e-005 
2.50000000e-001 1.51554446e+001 0.00000000e+000 8.01558254e-005 8.13271951e-005 5.98025118e-005 5.47117438e-005 4.49545199e-005 4.21167581e-005 4.09229830e-005 3.29864630e-005 2.45424752e-005 
2.50000000e-001 1.95655948e+001 0.00000000e+000 1.01963990e-004 9.51708406e-005 6.82102136e-005 6.20261273e-005 5.03407138e-005 4.69946503e-005 4.55947585e-005 3.64414710e-005 2.69150191e-005 
2.50000000e-001 2.31503240e+001 0.00000000e+000 1.21983600e-004 1.04868327e-004 7.34090713e-005 6.64184055e-005 5.33967738e-005 4.97166469e-005 4.81830599e-005 3.82636032e-005 2.80738414e-005 
2.50000000e-001 2.62500000e+001 0.00000000e+000 1.46021589e-004 1.14819434e-004 7.83234618e-005 7.04813893e-005 5.60993249e-005 5.20908221e-005 5.04271046e-005 3.97784087e-005 2.89710150e-005 
2.50000000e-001 2.90204669e+001 0.00000000e+000 1.81908208e-004 1.29234480e-004 8.53770083e-005 7.62910881e-005 5.99271920e-005 5.54439609e-005 5.35928176e-005 4.19039847e-005 3.02306782e-005 
2.50000000e-001 3.15485737e+001 0.00000000e+000 2.12480520e-004 1.42407526e-004 9.20366155e-005 8.18139765e-005 6.36265295e-005 5.87067462e-005 5.66835415e-005 4.40390613e-005 3.15674085e-005 
2.50000000e-001 3.38886043e+001 0.00000000e+000 2.42080105e-004 1.56321433e-004 9.94882022e-005 8.80793194e-005 6.79386021e-005 6.25427441e-005 6.03313049e-005 4.66327184e-005 3.32735017e-005 
5.00000000e-001 8.75000000e+000 0.00000000e+000 1.76760130e-005 3.04550936e-005 2.70840148e-005 2.59910972e-005 2.35670225e-005 2.27196781e-005 2.23392658e-005 1.92690479e-005 1.52245692e-005 
5.00000000e-001 1.51554446e+001 0.00000000e+000 3.43319245e-005 4.79803908e-005 3.97234012e-005 3.74125708e-005 3.26022377e-005 3.10683258e-005 3.04028519e-005 2.55502235e-005 1.98110410e-005 
5.00000000e-001 1.95655948e+001 0.00000000e+000 5.41757665e-005 6.26605054e-005 4.89157227e-005 4.54520157e-005 3.85721277e-005 3.64842981e-005 3.55931221e-005 2.93940028e-005 2.24382775e-005 
5.00000000e-001 2.31503240e+001 0.00000000e+000 7.91990042e-005 7.69985429e-005 5.69007421e-005 5.22271832e-005 4.32932454e-005 4.06843630e-005 3.95842081e-005 3.21880796e-005 2.42038735e-005 
5.00000000e-001 2.62500000e+001 0.00000000e+000 1.16348195e-004 9.47879771e-005 6.61351041e-005 5.99238470e-005 4.84591316e-005 4.52273437e-005 4.38796336e-005 3.50967797e-005 2.59552178e-005 
5.00000000e-001 2.90204669e+001 0.00000000e+000 1.80478676e-004 1.21942167e-004 7.97664361e-005 7.12025957e-005 5.59262828e-005 5.17704359e-005 5.00572355e-005 3.92482213e-005 2.84417781e-005 
5.00000000e-001 3.15485737e+001 0.00000000e+000 2.38567623e-004 1.45052854e-004 9.13068446e-005 8.07480607e-005 6.22669838e-005 5.73422010e-005 5.53259157e-005 4.28423614e-005 3.06609806e-005 
5.00000000e-001 3.38886043e+001 0.00000000e+000 2.95545145e-004 1.67058693e-004 1.02495814e-004 9.00528655e-005 6.85258872e-005 6.28686560e-005 6.05638314e-005 4.64847196e-005 3.29918127e-005 
7.50000000e-001 8.75000000e+000 0.00000000e+000 6.33632149e-006 1.64282660e-005 1.68862102e-005 1.67799740e-005 1.63177886e-005 1.60503712e-005 1.59142391e-005 1.44153180e-005 1.19505039e-005 
7.50000000e-001 1.51554446e+001 0.00000000e+000 1.60403090e-005 2.94941150e-005 2.70833786e-005 2.61733519e-005 2.40426250e-005 2.32669120e-005 2.29157817e-005 2.00059546e-005 1.61151481e-005 
7.50000000e-001 1.95655948e+001 0.00000000e+000 3.15900664e-005 4.35336132e-005 3.63858500e-005 3.44062048e-005 3.02884984e-005 2.89642433e-005 2.83874472e-005 2.41014695e-005 1.89294597e-005 
7.50000000e-001 2.31503240e+001 0.00000000e+000 5.60157329e-005 5.99900701e-005 4.60539240e-005 4.27020982e-005 3.61842296e-005 3.42351553e-005 3.34059086e-005 2.76517360e-005 2.11937027e-005 
7.50000000e-001 2.62500000e+001 0.00000000e+000 9.95900637e-005 8.30485943e-005 5.85092676e-005 5.31759422e-005 4.33280084e-005 4.05441637e-005 3.93815032e-005 3.17412511e-005 2.36924462e-005 
7.50000000e-001 2.90204669e+001 0.00000000e+000 1.88448022e-004 1.21172508e-004 7.78797508e-005 6.92511181e-005 5.40280307e-005 4.99331723e-005 4.82511881e-005 3.77250517e-005 2.73034137e-005 
7.50000000e-001 3.15485737e+001 0.00000000e+000 2.81926999e-004 1.54655613e-004 9.42020649e-005 8.26877736e-005 6.28701857e-005 5.76810845e-005 5.55687917e-005 4.26805323e-005 3.03429728e-005 
7.50000000e-001 3.38886043e+001 0.00000000e+000 3.84563840e-004 1.86738493e-004 1.09581422e-004 9.53201004e-005 7.11676494e-005 6.49570733e-005 6.24447210e-005 4.73763494e-005 3.32888901e-005 
1.00000000e+000 8.75000000e+000 0.00000000e+000 2.37666793e-006 9.02548474e-006 1.06446019e-005 1.09365586e-005 1.13752254e-005 1.14078757e-005 1.14029442e-005 1.08302605e-005 9.40844969e-006 
1.00000000e+000 1.51554446e+001 0.00000000e+000 7.91511590e-006 1.87196123e-005 1.88739799e-005 1.86703639e-005 1.79935672e-005 1.76601189e-005 1.74967142e-005 1.58203174e-005 1.32028066e-005 
1.00000000e+000 1.95655948e+001 0.00000000e+000 1.93293256e-005 3.13543052e-005 2.78160880e-005 2.67023797e-005 2.42601402e-005 2.34193895e-005 2.30446581e-005 2.00407238e-005 1.61375326e-005 
1.00000000e+000 2.31503240e+001 0.00000000e+000 4.11465774e-005 4.83764578e-005 3.83650650e-005 3.58670567e-005 3.09299948e-005 2.94213685e-005 2.87744593e-005 2.41560795e-005 1.88000171e-005 
1.00000000e+000 2.62500000e+001 0.00000000e+000 8.75934000e-005 7.49628168e-005 5.32063681e-005 4.84477602e-005 3.96478349e-005 3.71553307e-005 3.61135396e-005 2.92365982e-005 2.19470224e-005 
1.00000000e+000 2.90204669e+001 0.00000000e+000 2.00232329e-004 1.23067469e-004 7.77716468e-005 6.88671503e-005 5.32876427e-005 4.91371266e-005 4.74380362e-005 3.69020449e-005 2.65987080e-005 
1.00000000e+000 3.15485737e+001 0.00000000e+000 3.42400784e-004 1.68312204e-004 9.91484656e-005 8.63493658e-005 6.46497834e-005 5.90589522e-005 5.67955391e-005 4.31885208e-005 3.04290406e-005 
1.00000000e+000 3.38886043e+001 0.00000000e+000 5.23184437e-004 2.13771165e-004 1.19574632e-004 1.02892874e-004 7.52281188e-005 6.82650732e-005 6.54680763e-005 4.90020220e-005 3.40080745e-005 
1.25000000e+000 8.75000000e+000 0.00000000e+000 9.25320651e-007 5.04210632e-006 6.77999755e-006 7.19252232e-006 7.98150006e-006 8.15577833e-006 8.21625887e-006 8.17057870e-006 7.42870411e-006 
1.25000000e+000 1.51554446e+001 0.00000000e+000 4.04729411e-006 1.21756204e-005 1.33923699e-005 1.35374591e-005 1.36400212e-005 1.35634017e-005 1.35118413e-005 1.26224272e-005 1.08883701e-005 
1.25000000e+000 1.95655948e+001 0.00000000e+000 1.21652031e-005 2.31346474e-005 2.16976972e-005 2.11175837e-005 1.97404045e-005 1.92181208e-005 1.89781600e-005 1.68619594e-005 1.38837335e-005 
1.25000000e+000 2.31503240e+001 0.00000000e+000 3.08564728e-005 3.98233814e-005 3.25771927e-005 3.06857652e-005 2.68753620e-005 2.56831073e-005 2.51676669e-005 2.13819021e-005 1.68556897e-005 
1.25000000e+000 2.62500000e+001 0.00000000e+000 7.81263918e-005 6.87505856e-005 4.91839162e-005 4.48629417e-005 3.68430961e-005 3.45637799e-005 3.36101151e-005 2.72909665e-005 2.05624783e-005 
1.25000000e+000 2.90204669e+001 0.00000000e+000 2.15031001e-004 1.26298589e-004 7.85925526e-005 6.93240907e-005 5.32127171e-005 4.89534431e-005 4.72146750e-005 3.65216558e-005 2.61871375e-005 
1.25000000e+000 3.15485737e+001 0.00000000e+000 4.26144068e-004 1.85365203e-004 1.05530172e-004 9.11850912e-005 6.72141244e-005 6.11308694e-005 5.86805623e-005 4.41539697e-005 3.08015648e-005 
1.25000000e+000 3.38886043e+001 0.00000000e+000 7.41993256e-004 2.48891280e-004 1.32208278e-004 1.12468726e-004 8.04331094e-005 7.25414243e-005 6.93933515e-005 5.11945164e-005 3.50529164e-005 
1.50000000e+000 8.75000000e+000 0.00000000e+000 3.71378078e-007 2.85969762e-006 4.36053919e-006 4.77052592e-006 5.63519028e-006 5.86357703e-006 5.95197610e-006 6.18884500e-006 5.88221731e-006 
1.50000000e+000 1.51554446e+001 0.00000000e+000 2.12140592e-006 8.06906069e-006 9.64381999e-006 9.94975344e-006 1.04543715e-005 1.05242978e-005 1.05385394e-005 1.01515868e-005 9.03408457e-006 
1.50000000e+000 1.95655948e+001 0.00000000e+000 7.80094802e-006 1.73566930e-005 1.71788872e-005 1.69397143e-005 1.62638291e-005 1.59582842e-005 1.58110912e-005 1.43277599e-005 1.20395239e-005 
1.50000000e+000 2.31503240e+001 0.00000000e+000 2.34546453e-005 3.32157403e-005 2.80228727e-005 2.65893184e-005 2.36325834e-005 2.26811430e-005 2.22659610e-005 1.91215190e-005 1.52447527e-005 
1.50000000e+000 2.62500000e+001 0.00000000e+000 7.03051094e-005 6.36505590e-005 4.59308181e-005 4.19739543e-005 3.45923628e-005 3.24841790e-005 3.16008171e-005 2.57225148e-005 1.94339776e-005 
1.50000000e+000 2.90204669e+001 0.00000000e+000 2.33110921e-004 1.30387432e-004 7.99590610e-005 7.02759881e-005 5.35416787e-005 4.91468742e-005 4.73569862e-005 3.64287914e-005 2.59769892e-005 
1.50000000e+000 3.15485737e+001 0.00000000e+000 5.44078657e-004 2.05984047e-004 1.13145865e-004 9.69829704e-005 7.03734148e-005 6.37210138e-005 6.10545505e-005 4.54538903e-005 3.13855176e-005 
1.50000000e+000 3.38886043e+001 0.00000000e+000 1.09676523e-003 2.94040342e-004 1.47651041e-004 1.24083408e-004 8.67004882e-005 7.76940293e-005 7.41264700e-005 5.38688456e-005 3.63657134e-005 
1.75000000e+000 8.75000000e+000 0.00000000e+000 1.52791612e-007 1.64406798e-006 2.82984458e-006 3.18934605e-006 4.00220456e-006 4.23824520e-006 4.33387541e-006 4.70596873e-006 4.67056804e-006 
1.75000000e+000 1.51554446e+001 0.00000000e+000 1.13257591e-006 5.42569844e-006 7.02840607e-006 7.39542595e-006 8.08858119e-006 8.23871970e-006 8.29051523e-006 8.22248529e-006 7.53696609e-006 
1.75000000e+000 1.95655948e+001 0.00000000e+000 5.07131036e-006 1.31787661e-005 1.37535854e-005 1.37359208e-005 1.35318077e-005 1.33773245e-005 1.32955381e-005 1.22743464e-005 1.05115024e-005 
1.75000000e+000 2.31503240e+001 0.00000000e+000 1.80060468e-005 2.79547364e-005 2.43246210e-005 2.32487274e-005 2.09644409e-005 2.02039662e-005 1.98684374e-005 1.72373551e-005 1.38858219e-005 
1.75000000e+000 2.62500000e+001 0.00000000e+000 6.36708406e-005 5.92947981e-005 4.31807901e-005 3.95406820e-005 3.27104978e-005 3.07483402e-005 2.99246571e-005 2.44160707e-005 1.84905541e-005 
1.75000000e+000 2.90204669e+001 0.00000000e+000 2.55196557e-004 1.35165976e-004 8.16932555e-005 7.15537406e-005 5.41328053e-005 4.95860855e-005 4.77382648e-005 3.65289434e-005 2.59079395e-005 
1.75000000e+000 3.15485737e+001 0.00000000e+000 7.14110039e-004 2.30743526e-004 1.21988378e-004 1.03693033e-004 7.40439947e-005 6.67451101e-005 6.38338657e-005 4.70182438e-005 3.21332508e-005 
1.75000000e+000 3.38886043e+001 0.00000000e+000 1.69065874e-003 3.52198870e-004 1.66332977e-004 1.37967974e-004 9.40579701e-005 8.37228129e-005 7.96585657e-005 5.69902798e-005 3.79140536e-005 
2.00000000e+000 8.75000000e+000 0.00000000e+000 6.41508038e-008 9.56705740e-007 1.85182654e-006 2.14808859e-006 2.85838063e-006 3.07908520e-006 3.17113294e-006 3.59176555e-006 3.71847398e-006 
2.00000000e+000 1.51554446e+001 0.00000000e+000 6.13440474e-007 3.69028200e-006 5.17290614e-006 5.54824084e-006 6.30865214e-006 6.49880094e-006 6.57067546e-006 6.70186735e-006 6.31942550e-006 
2.00000000e+000 1.95655948e+001 0.00000000e+000 3.33228745e-006 1.00970331e-005 1.11055002e-005 1.12313628e-005 1.13469231e-005 1.12992202e-005 1.12642720e-005 1.05867537e-005 9.23103056e-006 
2.00000000e+000 2.31503240e+001 0.00000000e+000 1.39318991e-005 2.36825641e-005 2.12543105e-005 2.04628232e-005 1.87204001e-005 1.81154471e-005 1.78449693e-005 1.56364398e-005 1.27210660e-005 
2.00000000e+000 2.62500000e+001 0.00000000e+000 5.79429886e-005 5.54824074e-005 4.07854153e-005 3.74269474e-005 3.10870724e-005 2.92541024e-005 2.84830572e-005 2.32973258e-005 1.76836176e-005 
2.00000000e+000 2.90204669e+001 0.00000000e+000 2.82397350e-004 1.40593604e-004 8.37119268e-005 7.30733228e-005 5.49079032e-005 5.01965023e-005 4.82856989e-005 3.67638150e-005 2.59399844e-005 
2.00000000e+000 3.15485737e+001 0.00000000e+000 9.65837762e-004 2.60520732e-004 1.32155294e-004 1.11351465e-004 7.82004552e-005 7.01701347e-005 6.69832814e-005 4.88088836e-005 3.30148722e-005 
2.00000000e+000 3.38886043e+001 0.00000000e+000 2.72039549e-003 4.27593943e-004 1.88894096e-004 1.54496217e-004 1.02604250e-004 9.06862756e-005 8.60348174e-005 6.05561803e-005 3.96823766e-005 
2.25000000e+000 8.75000000e+000 0.00000000e+000 2.73904064e-008 5.62753122e-007 1.22114210e-006 1.45675660e-006 2.05226502e-006 2.24778071e-006 2.33113890e-006 2.75119485e-006 2.96818186e-006 
2.25000000e+000 1.51554446e+001 0.00000000e+000 3.36197218e-007 2.53322313e-006 3.83828242e-006 4.19483601e-006 4.95426333e-006 5.16002277e-006 5.24112698e-006 5.49277885e-006 5.32254008e-006 
2.25000000e+000 1.95655948e+001 0.00000000e+000 2.20886969e-006 7.79071256e-006 9.02738942e-006 9.24405234e-006 9.57462129e-006 9.60271767e-006 9.60154483e-006 9.18279486e-006 8.14706244e-006 
2.25000000e+000 2.31503240e+001 0.00000000e+000 1.08498792e-005 2.01660017e-005 1.86648919e-005 1.81014891e-005 1.68011604e-005 1.63249452e-005 1.61085298e-005 1.42545657e-005 1.17088270e-005 
2.25000000e+000 2.62500000e+001 0.00000000e+000 5.29325354e-005 5.20911412e-005 3.86559755e-005 3.55508268e-005 2.96536400e-005 2.79373163e-005 2.72137465e-005 2.23173422e-005 1.69794769e-005 
2.25000000e+000 2.90204669e+001 0.00000000e+000 3.16275980e-004 1.46691422e-004 8.59780622e-005 7.47934447e-005 5.58232856e-005 5.09351978e-005 4.89568682e-005 3.70970158e-005 2.60463711e-005 
2.25000000e+000 3.15485737e+001 0.00000000e+000 1.34910082e-003 2.96508803e-004 1.43814319e-004 1.20048019e-004 8.28516049e-005 7.39932825e-005 7.04962195e-005 5.08073188e-005 3.40121353e-005 
2.25000000e+000 3.38886043e+001 0.00000000e+000 4.57304906e-003 5.26151339e-004 2.16190429e-004 1.74174755e-004 1.12492197e-004 9.86857050e-005 9.33392767e-005 6.45858037e-005 4.16666923e-005 
2.50000000e+000 8.75000000e+000 0.00000000e+000 1.18601386e-008 3.34210162e-007 8.10937258e-007 9.94222183e-007 1.48082352e-006 1.64841860e-006 1.72119626e-006 2.11457444e-006 2.37525480e-006 
2.50000000e+000 1.51554446e+001 0.00000000e+000 1.86090604e-007 1.75224890e-006 2.86735076e-006 3.19230146e-006 3.91355146e-006 4.12023343e-006 4.20385571e-006 4.52384341e-006 4.50120019e-006 
2.50000000e+000 1.95655948e+001 0.00000000e+000 1.47507044e-006 6.04572683e-006 7.37768262e-006 7.64877404e-006 8.12043477e-006 8.20201870e-006 8.22515986e-006 8.00260705e-006 7.22116009e-006 
2.50000000e+000 2.31503240e+001 0.00000000e+000 8.49693410e-006 1.72427579e-005 1.64558915e-005 1.60759898e-005 1.51385971e-005 1.47699624e-005 1.45989552e-005 1.30463534e-005 1.08186538e-005 
2.50000000e+000 2.62500000e+001 0.00000000e+000 4.85045423e-005 4.90397864e-005 3.67357237e-005 3.38600315e-005 2.83660140e-005 2.67562446e-005 2.60760511e-005 2.14431607e-005 1.63544472e-005 
2.50000000e+000 2.90204669e+001 0.00000000e+000 3.58993016e-004 1.53517708e-004 8.84788962e-005 7.66954803e-005 5.68545643e-005 5.17773249e-005 4.97268781e-005 3.75055937e-005 2.62090590e-005 
2.50000000e+000 3.15485737e+001 0.00000000e+000 1.94938077e-003 3.40289408e-004 1.57192861e-004 1.29913233e-004 8.80285130e-005 7.82310154e-005 7.43842756e-005 5.30075776e-005 3.51145450e-005 
2.50000000e+000 3.38886043e+001 0.00000000e+000 8.03277559e-003 6.56215064e-004 2.49333638e-004 1.97656286e-004 1.23923832e-004 1.07858974e-004 1.01688455e-004 6.91147667e-005 4.38713006e-005 
0.00000000e+000 8.75000000e+000 1.00000000e+001 1.29778871e-004 8.96938655e-005 5.84469230e-005 5.21209885e-005 4.08895089e-005 3.78363984e-005 3.65755465e-005 2.85708867e-005 2.04515737e-005 
0.00000000e+000 1.51554446e+001 1.00000000e+001 1.55289685e-004 1.06343309e-004 6.86643808e-005 6.09970152e-005 4.73634701e-005 4.36784916e-005 4.21629411e-005 3.26860680e-005 2.33107906e-005 
0.00000000e+000 1.95655948e+001 1.00000000e+001 1.65370826e-004 1.13043518e-004 7.28177238e-005 6.46302424e-005 5.00702202e-005 4.61384460e-005 4.45225483e-005 3.44496018e-005 2.45409883e-005 
0.00000000e+000 2.31503240e+001 1.00000000e+001 1.69865916e-004 1.16040913e-004 7.46453257e-005 6.62244938e-005 5.12611961e-005 4.72243430e-005 4.55658195e-005 3.52371254e-005 2.50909011e-005 
0.00000000e+000 2.62500000e+001 1.00000000e+001 1.73496472e-004 1.18484335e-004 7.60985650e-005 6.74796778e-005 5.21808445e-005 4.80596747e-005 4.63674018e-005 3.58404860e-005 2.55111006e-005 
0.00000000e+000 2.90204669e+001 1.00000000e+001 1.79121817e-004 1.22303792e-004 7.83561197e-005 6.94201330e-005 5.35804030e-005 4.93241092e-005 4.75781009e-005 3.67429484e-005 2.61415218e-005 
0.00000000e+000 3.15485737e+001 1.00000000e+001 1.88752819e-004 1.28747928e-004 8.21705329e-005 7.26960185e-005 5.59305361e-005 5.14417690e-005 4.96033156e-005 3.82421261e-005 2.71890116e-005 
0.00000000e+000 3.38886043e+001 1.00000000e+001 2.02621532e-004 1.37986300e-004 8.77653106e-005 7.75318803e-005 5.94343152e-005 5.46038324e-005 5.26286482e-005 4.04822728e-005 2.87520751e-005 
2.50000000e-001 8.75000000e+000 1.00000000e+001 4.02625072e-005 4.56867673e-005 3.51468118e-005 3.25975276e-005 2.76459130e-005 2.61554101e-005 2.55177705e-005 2.10293874e-005 1.58577326e-005 
2.50000000e-001 1.51554446e+001 1.00000000e+001 5.55679166e-005 5.80290746e-005 4.33452628e-005 3.98691999e-005 3.31865988e-005 3.12188566e-005 3.03856400e-005 2.47171339e-005 1.84741977e-005 
2.50000000e-001 1.95655948e+001 1.00000000e+001 6.84515818e-005 6.62725033e-005 4.83592236e-005 4.42375444e-005 3.64179413e-005 3.41494488e-005 3.31939771e-005 2.67983766e-005 1.99001730e-005 
2.50000000e-001 2.31503240e+001 1.00000000e+001 8.22167296e-005 7.36505742e-005 5.24495393e-005 4.77136952e-005 3.88638923e-005 3.63364274e-005 3.52772773e-005 2.82860813e-005 2.08713359e-005 
2.50000000e-001 2.62500000e+001 1.00000000e+001 1.01609875e-004 8.31062500e-005 5.74478057e-005 5.19000642e-005 4.17129736e-005 3.88577206e-005 3.76686006e-005 2.99492939e-005 2.19249056e-005 
2.50000000e-001 2.90204669e+001 1.00000000e+001 1.36414356e-004 9.92456321e-005 6.58250470e-005 5.88795115e-005 4.64028680e-005 4.29911194e-005 4.15822033e-005 3.26458245e-005 2.36245822e-005 
2.50000000e-001 3.15485737e+001 1.00000000e+001 1.67746051e-004 1.14706259e-004 7.41193997e-005 6.58453785e-005 5.11653919e-005 4.72134991e-005 4.55909058e-005 3.54647681e-005 2.54616274e-005 
2.50000000e-001 3.38886043e+001 1.00000000e+001 1.96732118e-004 1.29896626e-004 8.26277163e-005 7.30727578e-005 5.62225620e-005 5.17286060e-005 4.98905218e-005 3.85500050e-005 2.75289518e-005 
5.00000000e-001 8.75000000e+000 1.00000000e+001 1.33196006e-005 2.37834630e-005 2.14003387e-005 2.06050293e-005 1.88310812e-005 1.82006665e-005 1.79154850e-005 1.55495018e-005 1.23346372e-005 
5.00000000e-001 1.51554446e+001 1.00000000e+001 2.30381770e-005 3.34746600e-005 2.82757877e-005 2.68058223e-005 2.37236439e-005 2.27170997e-005 2.22754576e-005 1.89271091e-005 1.47696557e-005 
5.00000000e-001 1.95655948e+001 1.00000000e+001 3.48302424e-005 4.22932283e-005 3.38127190e-005 3.16575332e-005 2.73468294e-005 2.60100370e-005 2.54334128e-005 2.12720221e-005 1.63673621e-005 
5.00000000e-001 2.31503240e+001 1.00000000e+001 5.08549745e-005 5.21523230e-005 3.94596990e-005 3.64824618e-005 3.07627391e-005 2.90653008e-005 2.83435808e-005 2.33423728e-005 1.77039743e-005 
5.00000000e-001 2.62500000e+001 1.00000000e+001 7.78137908e-005 6.64159068e-005 4.71760420e-005 4.29741677e-005 3.52054144e-005 3.29980127e-005 3.20731673e-005 2.59263150e-005 1.93241834e-005 
5.00000000e-001 2.90204669e+001 1.00000000e+001 1.34034185e-004 9.23923969e-005 6.06563332e-005 5.42039054e-005 4.27385242e-005 3.96284941e-005 3.83464933e-005 3.02179149e-005 2.19922719e-005 
5.00000000e-001 3.15485737e+001 1.00000000e+001 1.86654494e-004 1.15554216e-004 7.27295891e-005 6.42850079e-005 4.95519397e-005 4.56462579e-005 4.40498665e-005 3.41775364e-005 2.45220100e-005 
5.00000000e-001 3.38886043e+001 1.00000000e+001 2.36642639e-004 1.36782339e-004 8.39855409e-005 7.37392315e-005 5.60291708e-005 5.13941510e-005 4.95092103e-005 3.80293660e-005 2.70477342e-005 
7.50000000e-001 8.75000000e+000 1.00000000e+001 4.66222932e-006 1.26389608e-005 1.31878630e-005 1.31593002e-005 1.29201036e-005 1.27474182e-005 1.26557760e-005 1.15493752e-005 9.62418314e-006 
7.50000000e-001 1.51554446e+001 1.00000000e+001 1.05167081e-005 2.02067328e-005 1.89807957e-005 1.84780318e-005 1.72699606e-005 1.68036011e-005 1.65876177e-005 1.46638215e-005 1.19059776e-005 
7.50000000e-001 1.95655948e+001 1.00000000e+001 1.97275863e-005 2.86806062e-005 2.46270324e-005 2.34880367e-005 2.10977731e-005 2.03029459e-005 1.99512957e-005 1.71901110e-005 1.36361953e-005 
7.50000000e-001 2.31503240e+001 1.00000000e+001 3.48388619e-005 3.95387944e-005 3.11767294e-005 2.91488618e-005 2.51895121e-005 2.39817776e-005 2.34625772e-005 1.97134000e-005 1.52743100e-005 
7.50000000e-001 2.62500000e+001 1.00000000e+001 6.50529839e-005 5.68999258e-005 4.08735329e-005 3.73693728e-005 3.08967734e-005 2.90524299e-005 2.82782178e-005 2.30731712e-005 1.73892668e-005 
7.50000000e-001 2.90204669e+001 1.00000000e+001 1.40047209e-004 9.12960673e-005 5.87784870e-005 5.23038192e-005 4.09413041e-005 3.78985558e-005 3.66494338e-005 2.88007610e-005 2.09414794e-005 
7.50000000e-001 3.15485737e+001 1.00000000e+001 2.21329348e-004 1.22566344e-004 7.45456018e-005 6.53847116e-005 4.96811364e-005 4.55933680e-005 4.39324816e-005 3.38138976e-005 2.41086286e-005 
7.50000000e-001 3.38886043e+001 1.00000000e+001 3.09677903e-004 1.51603524e-004 8.89310059e-005 7.73020051e-005 5.76454860e-005 5.26139972e-005 5.05823394e-005 3.84294273e-005 2.70806258e-005 
1.00000000e+000 8.75000000e+000 1.00000000e+001 1.71144207e-006 6.84651685e-006 8.22068216e-006 8.48753427e-006 8.92699945e-006 8.98434332e-006 8.99393928e-006 8.61609096e-006 7.53236127e-006 
1.00000000e+000 1.51554446e+001 1.00000000e+001 5.09690154e-006 1.26374154e-005 1.30526806e-005 1.30132599e-005 1.27763178e-005 1.26131379e-005 1.25271880e-005 1.14833851e-005 9.67205974e-006 
1.00000000e+000 1.95655948e+001 1.00000000e+001 1.18123309e-005 2.02686410e-005 1.85015792e-005 1.79243649e-005 1.66417206e-005 1.61752291e-005 1.59622768e-005 1.41082920e-005 1.14922124e-005 
1.00000000e+000 2.31503240e+001 1.00000000e+001 2.49904067e-005 3.12198651e-005 2.54702627e-005 2.40245104e-005 2.11613049e-005 2.02662612e-005 1.98777309e-005 1.69647145e-005 1.33694427e-005 
1.00000000e+000 2.62500000e+001 1.00000000e+001 5.62871140e-005 5.05316978e-005 3.65840177e-005 3.35184346e-005 2.78549161e-005 2.62389628e-005 2.55600826e-005 2.09680983e-005 1.59104147e-005 
1.00000000e+000 2.90204669e+001 1.00000000e+001 1.49637550e-004 9.25766611e-005 5.84767770e-005 5.17926949e-005 4.01718971e-005 3.70937537e-005 3.58349543e-005 2.80076068e-005 2.02777487e-005 
1.00000000e+000 3.15485737e+001 1.00000000e+001 2.72735938e-004 1.33247090e-004 7.81845108e-005 6.80116977e-005 5.08533758e-005 4.64623149e-005 4.46883540e-005 3.40463612e-005 2.40555960e-005 
1.00000000e+000 3.38886043e+001 1.00000000e+001 4.33160869e-004 1.73174638e-004 9.64578627e-005 8.29005653e-005 6.05076830e-005 5.49047298e-005 5.26587683e-005 3.94756256e-005 2.74862513e-005 
1.25000000e+000 8.75000000e+000 1.00000000e+001 6.53312821e-007 3.77440731e-006 5.18019335e-006 5.52598555e-006 6.20984147e-006 6.37069427e-006 6.42875545e-006 6.45539408e-006 5.91292443e-006 
1.25000000e+000 1.51554446e+001 1.00000000e+001 2.56662439e-006 8.11983703e-006 9.15668489e-006 9.33126907e-006 9.58585712e-006 9.59090251e-006 9.57928319e-006 9.08065135e-006 7.91383399e-006 
1.25000000e+000 1.95655948e+001 1.00000000e+001 7.30422511e-006 1.47275329e-005 1.42237202e-005 1.39754171e-005 1.33628175e-005 1.31032282e-005 1.29789927e-005 1.17325745e-005 9.78399430e-006 
1.25000000e+000 2.31503240e+001 1.00000000e+001 1.83834883e-005 2.52673167e-005 2.12832249e-005 2.02334697e-005 1.81180229e-005 1.74384781e-005 1.71404746e-005 1.48199783e-005 1.18439428e-005 
1.25000000e+000 2.62500000e+001 1.00000000e+001 4.95801073e-005 4.57679570e-005 3.34000402e-005 3.06568802e-005 2.55748498e-005 2.41205834e-005 2.35090240e-005 1.93530259e-005 1.47488372e-005 
1.25000000e+000 2.90204669e+001 1.00000000e+001 1.62202690e-004 9.50754301e-005 5.90050570e-005 5.20309624e-005 3.99944384e-005 3.68337698e-005 3.55452919e-005 2.76088614e-005 1.98754518e-005 
1.25000000e+000 3.15485737e+001 1.00000000e+001 3.48429567e-004 1.47113002e-004 8.31189992e-005 7.16914364e-005 5.27236700e-005 4.79481216e-005 4.60291857e-005 3.46855115e-005 2.42575211e-005 
1.25000000e+000 3.38886043e+001 1.00000000e+001 6.45721982e-004 2.02526934e-004 1.06386651e-004 9.02996790e-005 6.43808447e-005 5.80483331e-005 5.55288369e-005 4.10195337e-005 2.81781920e-005 
1.50000000e+000 8.75000000e+000 1.00000000e+001 2.57449395e-007 2.11409123e-006 3.29754789e-006 3.62984755e-006 4.34776052e-006 4.54381262e-006 4.62088292e-006 4.85669853e-006 4.65530955e-006 
1.50000000e+000 1.51554446e+001 1.00000000e+001 1.32670122e-006 5.32518420e-006 6.52870600e-006 6.79185889e-006 7.27981645e-006 7.37539482e-006 7.40531797e-006 7.24360007e-006 6.51805990e-006 
1.50000000e+000 1.95655948e+001 1.00000000e+001 4.61284680e-006 1.09079565e-005 1.11232513e-005 1.10750818e-005 1.08829078e-005 1.07581662e-005 1.06925485e-005 9.86561197e-006 8.40362242e-006 
1.50000000e+000 2.31503240e+001 1.00000000e+001 1.37460557e-005 2.07763199e-005 1.80611380e-005 1.73001531e-005 1.57311238e-005 1.52098462e-005 1.49784998e-005 1.31006061e-005 1.05974567e-005 
1.50000000e+000 2.62500000e+001 1.00000000e+001 4.41679207e-005 4.19469328e-005 3.08771734e-005 2.83949930e-005 2.37752930e-005 2.24471378e-005 2.18877783e-005 1.80676485e-005 1.38118113e-005 
1.50000000e+000 2.90204669e+001 1.00000000e+001 1.78134893e-004 9.83796431e-005 6.00276708e-005 5.27149957e-005 4.01780392e-005 3.69105700e-005 3.55820984e-005 2.74666475e-005 1.96528082e-005 
1.50000000e+000 3.15485737e+001 1.00000000e+001 4.62172128e-004 1.64452473e-004 8.91943208e-005 7.62505014e-005 5.51281642e-005 4.98977217e-005 4.78071380e-005 3.56225283e-005 2.46475216e-005 
1.50000000e+000 3.38886043e+001 1.00000000e+001 1.02358341e-003 2.42008656e-004 1.18954589e-004 9.95816670e-005 6.92066649e-005 6.19726986e-005 5.91170556e-005 4.29878366e-005 2.91053855e-005 
1.75000000e+000 8.75000000e+000 1.00000000e+001 1.04106276e-007 1.20111361e-006 2.11901923e-006 2.40423809e-006 3.06285755e-006 3.25894169e-006 3.33919884e-006 3.66864728e-006 3.67568544e-006 
1.75000000e+000 1.51554446e+001 1.00000000e+001 6.99029549e-007 3.54761627e-006 4.71665746e-006 5.00485329e-006 5.58608344e-006 5.72707141e-006 5.77906320e-006 5.82325581e-006 5.40088389e-006 
1.75000000e+000 1.95655948e+001 1.00000000e+001 2.95783084e-006 8.19024135e-006 8.81047240e-006 8.88593960e-006 8.96315996e-006 8.92848442e-006 8.90257407e-006 8.37281214e-006 7.27339212e-006 
1.75000000e+000 2.31503240e+001 1.00000000e+001 1.04010200e-005 1.72704488e-005 1.54944447e-005 1.49527088e-005 1.38014379e-005 1.34019550e-005 1.32220165e-005 1.16891007e-005 9.55994960e-006 
1.75000000e+000 2.62500000e+001 1.00000000e+001 3.96609697e-005 3.87475241e-005 2.87836132e-005 2.65236398e-005 2.22944545e-005 2.10714246e-005 2.05553483e-005 1.70106671e-005 1.30367233e-005 
1.75000000e+000 2.90204669e+001 1.00000000e+001 1.98309544e-004 1.02351358e-004 6.13897626e-005 5.36969573e-005 4.05979167e-005 3.72082919e-005 3.58335050e-005 2.74971424e-005 1.95561476e-005 
1.75000000e+000 3.15485737e+001 1.00000000e+001 6.37727688e-004 1.85975497e-004 9.64349058e-005 8.16631110e-005 5.79986285e-005 5.22404609e-005 4.99514872e-005 3.67962960e-005 2.51834218e-005 
1.75000000e+000 3.38886043e+001 1.00000000e+001 1.72028575e-003 2.95285344e-004 1.34672548e-004 1.11024986e-004 7.50308722e-005 6.66919654e-005 6.34275109e-005 4.53534966e-005 3.02399046e-005 
2.00000000e+000 8.75000000e+000 1.00000000e+001 4.29947738e-008 6.91130154e-007 1.37362582e-006 1.60484633e-006 2.17032510e-006 2.34984686e-006 2.42533712e-006 2.78198055e-006 2.91030099e-006 
2.00000000e+000 1.51554446e+001 1.00000000e+001 3.73825622e-007 2.39250724e-006 3.44421259e-006 3.72569810e-006 4.32434621e-006 4.48442525e-006 4.54685457e-006 4.71371206e-006 4.49972936e-006 
2.00000000e+000 1.95655948e+001 1.00000000e+001 1.91903634e-006 6.21273724e-006 7.04690437e-006 7.19788328e-006 7.44816471e-006 7.47443334e-006 7.47583498e-006 7.16079972e-006 6.33673461e-006 
2.00000000e+000 2.31503240e+001 1.00000000e+001 7.94308964e-006 1.44709657e-005 1.33986583e-005 1.30269485e-005 1.22037719e-005 1.19009814e-005 1.17619809e-005 1.05066083e-005 8.68193422e-006 
2.00000000e+000 2.62500000e+001 1.00000000e+001 3.58272341e-005 3.59940376e-005 2.69898549e-005 2.49240259e-005 2.10358427e-005 1.99040808e-005 1.94254613e-005 1.61168240e-005 1.23807849e-005 
2.00000000e+000 2.90204669e+001 1.00000000e+001 2.24055405e-004 1.06968155e-004 6.30201070e-005 5.49040534e-005 4.11854481e-005 3.76613236e-005 3.62353881e-005 2.76487466e-005 1.95499470e-005 
2.00000000e+000 3.15485737e+001 1.00000000e+001 9.16585700e-004 2.12752318e-004 1.04968041e-004 8.79853231e-005 6.13200703e-005 5.49522714e-005 5.24354388e-005 3.81744880e-005 2.58390569e-005 
2.00000000e+000 3.38886043e+001 1.00000000e+001 3.05516503e-003 3.67761050e-004 1.54297143e-004 1.25066199e-004 8.19702656e-005 7.22776295e-005 6.85167795e-005 4.81195733e-005 3.15693454e-005 
2.25000000e+000 8.75000000e+000 1.00000000e+001 1.80673052e-008 4.02194925e-007 8.97615707e-007 1.07898487e-006 1.54638672e-006 1.70290697e-006 1.77012918e-006 2.11748243e-006 2.31053054e-006 
2.25000000e+000 1.51554446e+001 1.00000000e+001 2.02337901e-007 1.62933205e-006 2.53718257e-006 2.79689987e-006 3.37276191e-006 3.53664273e-006 3.60256574e-006 3.83877341e-006 3.76752181e-006 
2.25000000e+000 1.95655948e+001 1.00000000e+001 1.25697300e-006 4.75024184e-006 5.67937971e-006 5.87438324e-006 6.23366365e-006 6.30116424e-006 6.32143350e-006 6.16361457e-006 5.55198297e-006 
2.25000000e+000 2.31503240e+001 1.00000000e+001 6.11212867e-006 1.22000689e-005 1.16566192e-005 1.14180673e-005 1.08563646e-005 1.06318309e-005 1.05261091e-005 9.49905669e-006 7.92796549e-006 
2.25000000e+000 2.62500000e+001 1.00000000e+001 3.25150907e-005 3.35797891e-005 2.54183063e-005 2.35245339e-005 1.99395996e-005 1.88889718e-005 1.84436084e-005 1.53431751e-005 1.18143692e-005 
2.25000000e+000 2.90204669e+001 1.00000000e+001 2.57268330e-004 1.12266232e-004 6.48886888e-005 5.63014094e-005 4.19025363e-005 3.82320652e-005 3.67505337e-005 2.78893213e-005 1.96104918e-005 
2.25000000e+000 3.15485737e+001 1.00000000e+001 1.37249167e-003 2.46267236e-004 1.14996786e-004 9.53279994e-005 6.51097703e-005 5.80371834e-005 5.52587081e-005 3.97426448e-005 2.65987770e-005 
2.25000000e+000 3.38886043e+001 1.00000000e+001 5.71366045e-003 4.67359686e-004 1.78861336e-004 1.42303290e-004 9.02001673e-005 7.88459077e-005 7.44815432e-005 5.13103462e-005 3.30921123e-005 
2.50000000e+000 8.75000000e+000 1.00000000e+001 7.70276565e-009 2.36407960e-007 5.90898617e-007 7.30280222e-007 1.10755596e-006 1.23997155e-006 1.29786783e-006 1.61746829e-006 1.83917389e-006 
2.50000000e+000 1.51554446e+001 1.00000000e+001 1.10630029e-007 1.11848344e-006 1.88262380e-006 2.11442585e-006 2.64740882e-006 2.80636928e-006 2.87168414e-006 3.14295352e-006 3.16855677e-006 
2.50000000e+000 1.95655948e+001 1.00000000e+001 8.29902834e-007 3.65531613e-006 4.60517736e-006 4.82315057e-006 5.24758205e-006 5.34253793e-006 5.37573467e-006 5.33378690e-006 4.88806727e-006 
2.50000000e+000 2.31503240e+001 1.00000000e+001 4.73352417e-006 1.03366203e-005 1.01895144e-005 1.00555797e-005 9.70371361e-006 9.54322226e-006 9.46489198e-006 8.62851020e-006 7.27228423e-006 
2.50000000e+000 2.62500000e+001 1.00000000e+001 2.96195500e-005 3.14343917e-005 2.40192888e-005 2.22793817e-005 1.89670323e-005 1.79895380e-005 1.75741550e-005 1.46608009e-005 1.13166670e-005 
2.50000000e+000 2.90204669e+001 1.00000000e+001 3.00619393e-004 1.18319551e-004 6.69875525e-005 5.78745127e-005 4.27282158e-005 3.88989513e-005 3.73572698e-005 2.81986557e-005 1.97218172e-005 
2.50000000e+000 3.15485737e+001 1.00000000e+001 2.13884839e-003 2.88542657e-004 1.26795243e-004 1.03847747e-004 6.94071664e-005 6.15178971e-005 5.84384513e-005 4.14978571e-005 2.74539612e-005 
2.50000000e+000 3.38886043e+001 1.00000000e+001 1.12104956e-002 6.05777856e-004 2.09745426e-004 1.63524202e-004 9.99531780e-005 8.65541382e-005 8.14544145e-005 5.49667296e-005 3.48145362e-005 
0.00000000e+000 8.75000000e+000 2.00000000e+001 1.12334522e-004 7.79206215e-005 4.97441141e-005 4.40028111e-005 3.38947204e-005 3.12035060e-005 3.01024045e-005 2.32815281e-005 1.65781431e-005 
0.00000000e+000 1.51554446e+001 2.00000000e+001 1.25267980e-004 8.61067433e-005 5.48207946e-005 4.84480862e-005 3.72021905e-005 3.42044225e-005 3.29783833e-005 2.54162048e-005 1.80559145e-005 
0.00000000e+000 1.95655948e+001 2.00000000e+001 1.40462559e-004 9.60184708e-005 6.09652498e-005 5.38192815e-005 4.11908866e-005 3.78250365e-005 3.64495088e-005 2.80032806e-005 1.98589701e-005 
0.00000000e+000 2.31503240e+001 2.00000000e+001 1.55946929e-004 1.06217775e-004 6.72975069e-005 5.93553858e-005 4.53050401e-005 4.15614180e-005 4.00325733e-005 3.06795818e-005 2.17289699e-005 
0.00000000e+000 2.62500000e+001 2.00000000e+001 1.72407004e-004 1.17069164e-004 7.40362950e-005 6.52496979e-005 4.96947649e-005 4.55519041e-005 4.38610163e-005 3.35474338e-005 2.37370214e-005 
0.00000000e+000 2.90204669e+001 2.00000000e+001 1.90089956e-004 1.28712954e-004 8.12741007e-005 7.15855174e-005 5.44267034e-005 4.98583337e-005 4.79946418e-005 3.66531341e-005 2.59154671e-005 
0.00000000e+000 3.15485737e+001 2.00000000e+001 2.08683787e-004 1.40950645e-004 8.88915158e-005 7.82594570e-005 5.94256411e-005 5.44128287e-005 5.23685188e-005 3.99487395e-005 2.82310550e-005 
0.00000000e+000 3.38886043e+001 2.00000000e+001 2.29469733e-004 1.54625693e-004 9.74154354e-005 8.57333515e-005 6.50377876e-005 5.95309757e-005 5.72857987e-005 4.36630870e-005 3.08446094e-005 
2.50000000e-001 8.75000000e+000 2.00000000e+001 3.33106499e-005 3.86473081e-005 2.93028026e-005 2.69954288e-005 2.25406097e-005 2.12330636e-005 2.06802291e-005 1.69081825e-005 1.27108428e-005 
2.50000000e-001 1.51554446e+001 2.00000000e+001 4.43793964e-005 4.66264884e-005 3.43349773e-005 3.14130418e-005 2.58494806e-005 2.42430318e-005 2.35682022e-005 1.90660737e-005 1.42095235e-005 
2.50000000e-001 1.95655948e+001 2.00000000e+001 5.92983902e-005 5.68988114e-005 4.07165570e-005 3.69911565e-005 2.99945281e-005 2.80072175e-005 2.71776589e-005 2.17574423e-005 1.60792426e-005 
2.50000000e-001 2.31503240e+001 2.00000000e+001 7.88473807e-005 6.92632773e-005 4.81677445e-005 4.34558956e-005 3.47274512e-005 3.22872801e-005 3.12746930e-005 2.47819799e-005 1.81590814e-005 
2.50000000e-001 2.62500000e+001 2.00000000e+001 1.08107437e-004 8.58301007e-005 5.77380862e-005 5.16741312e-005 4.06222394e-005 3.75870395e-005 3.63354965e-005 2.84641027e-005 2.06507492e-005 
2.50000000e-001 2.90204669e+001 2.00000000e+001 1.58022150e-004 1.10759506e-004 7.14234117e-005 6.32753578e-005 4.87264530e-005 4.48166458e-005 4.32164399e-005 3.33699879e-005 2.38936533e-005 
2.50000000e-001 3.15485737e+001 2.00000000e+001 2.04559532e-004 1.33879781e-004 8.42692232e-005 7.42127449e-005 5.64500707e-005 5.17318282e-005 4.98085732e-005 3.81179005e-005 2.70679858e-005 
2.50000000e-001 3.38886043e+001 2.00000000e+001 2.50037362e-004 1.56231074e-004 9.68333895e-005 8.49579480e-005 6.41240422e-005 5.86293747e-005 5.63951858e-005 4.29151014e-005 3.03164697e-005 
5.00000000e-001 8.75000000e+000 2.00000000e+001 1.05561760e-005 1.96077307e-005 1.74866910e-005 1.67456748e-005 1.51059894e-005 1.45480677e-005 1.43003546e-005 1.23379194e-005 9.77762549e-006 
5.00000000e-001 1.51554446e+001 2.00000000e+001 1.82109778e-005 2.67329378e-005 2.22518235e-005 2.09764519e-005 1.83419200e-005 1.75086437e-005 1.71476120e-005 1.44922458e-005 1.12857976e-005 
5.00000000e-001 1.95655948e+001 2.00000000e+001 3.03029697e-005 3.65805335e-005 2.86010770e-005 2.65657358e-005 2.25480781e-005 2.13408068e-005 2.08270043e-005 1.72528891e-005 1.32072997e-005 
5.00000000e-001 2.31503240e+001 2.00000000e+001 4.93132826e-005 4.98351865e-005 3.67158640e-005 3.36210381e-005 2.77260845e-005 2.60243868e-005 2.53103100e-005 2.05573203e-005 1.54656465e-005 
5.00000000e-001 2.62500000e+001 2.00000000e+001 8.44625337e-005 7.02877481e-005 4.84516932e-005 4.36643580e-005 3.48644237e-005 3.24210877e-005 3.14095251e-005 2.49481090e-005 1.83910711e-005 
5.00000000e-001 2.90204669e+001 2.00000000e+001 1.60023300e-004 1.06373671e-004 6.77234943e-005 5.98659669e-005 4.59672471e-005 4.22637737e-005 4.07518677e-005 3.14890929e-005 2.26151089e-005 
5.00000000e-001 3.15485737e+001 2.00000000e+001 2.39490590e-004 1.40191792e-004 8.55135467e-005 7.48079101e-005 5.62245765e-005 5.13701377e-005 4.94017258e-005 3.75823859e-005 2.65874324e-005 
5.00000000e-001 3.38886043e+001 2.00000000e+001 3.29128056e-004 1.73533554e-004 1.02690345e-004 8.92038099e-005 6.61045405e-005 6.01506558e-005 5.77470661e-005 4.34942044e-005 3.04780988e-005 
7.50000000e-001 8.75000000e+000 2.00000000e+001 3.54325072e-006 1.01620314e-005 1.05660434e-005 1.04989938e-005 1.01998137e-005 1.00347729e-005 9.95194471e-006 9.04498027e-006 7.54557384e-006 
7.50000000e-001 1.51554446e+001 2.00000000e+001 8.17511745e-006 1.60293410e-005 1.48444793e-005 1.43674608e-005 1.32604106e-005 1.28604812e-005 1.26795284e-005 1.11501827e-005 9.04125229e-006 
7.50000000e-001 1.95655948e+001 2.00000000e+001 1.69878263e-005 2.48549712e-005 2.08779663e-005 1.97450190e-005 1.74007345e-005 1.66554239e-005 1.63319951e-005 1.39253662e-005 1.09886452e-005 
7.50000000e-001 2.31503240e+001 2.00000000e+001 3.35627415e-005 3.80064844e-005 2.92206192e-005 2.70512436e-005 2.28321940e-005 2.15839158e-005 2.10555824e-005 1.74269869e-005 1.33855165e-005 
7.50000000e-001 2.62500000e+001 2.00000000e+001 7.08028811e-005 6.08862376e-005 4.25109073e-005 3.84463924e-005 3.09492579e-005 2.88586635e-005 2.79918036e-005 2.24122342e-005 1.66887823e-005 
7.50000000e-001 2.90204669e+001 2.00000000e+001 1.70071449e-004 1.06920170e-004 6.67931140e-005 5.87866671e-005 4.47720385e-005 4.10785485e-005 3.95762712e-005 3.04556386e-005 2.18239273e-005 
7.50000000e-001 3.15485737e+001 2.00000000e+001 2.97389010e-004 1.52980440e-004 8.98242739e-005 7.79020804e-005 5.75882104e-005 5.23798456e-005 5.02806862e-005 3.78697689e-005 2.65704141e-005 
7.50000000e-001 3.38886043e+001 2.00000000e+001 4.75960429e-004 2.02137457e-004 1.12885297e-004 9.68218357e-005 7.00489120e-005 6.33279269e-005 6.06371687e-005 4.50094373e-005 3.11456346e-005 
1.00000000e+000 8.75000000e+000 2.00000000e+001 1.24747523e-006 5.37102434e-006 6.46023139e-006 6.64992707e-006 6.93720101e-006 6.96673405e-006 6.96877235e-006 6.66111518e-006 5.84152419e-006 
1.00000000e+000 1.51554446e+001 2.00000000e+001 3.87066756e-006 9.94014648e-006 1.01408711e-005 1.00521813e-005 9.74413120e-006 9.58795859e-006 9.51075914e-006 8.67379752e-006 7.30122327e-006 
1.00000000e+000 1.95655948e+001 2.00000000e+001 9.98149596e-006 1.75094263e-005 1.56764756e-005 1.50611402e-005 1.37131458e-005 1.32543419e-005 1.30506825e-005 1.14100578e-005 9.24668899e-006 
1.00000000e+000 2.31503240e+001 2.00000000e+001 2.37466033e-005 2.99844683e-005 2.39312866e-005 2.23590011e-005 1.92359959e-005 1.82897100e-005 1.78859821e-005 1.50309068e-005 1.17418352e-005 
1.00000000e+000 2.62500000e+001 2.00000000e+001 6.11091118e-005 5.42896542e-005 3.83003603e-005 3.47254042e-005 2.81040067e-005 2.62504841e-005 2.54810685e-005 2.05045735e-005 1.53684741e-005 
1.00000000e+000 2.90204669e+001 2.00000000e+001 1.84533654e-004 1.09653259e-004 6.72276059e-005 5.88986090e-005 4.44466815e-005 4.06744156e-005 3.91452230e-005 2.99468365e-005 2.13572675e-005 
1.00000000e+000 3.15485737e+001 2.00000000e+001 3.85502059e-004 1.70633517e-004 9.61578395e-005 8.26230092e-005 5.99847893e-005 5.42862891e-005 5.20032034e-005 3.87128450e-005 2.68802461e-005 
1.00000000e+000 3.38886043e+001 2.00000000e+001 7.46530505e-004 2.43254195e-004 1.27030304e-004 1.07385774e-004 7.55968140e-005 6.78382326e-005 6.47591990e-005 4.72602242e-005 3.22110512e-005 
1.25000000e+000 8.75000000e+000 2.00000000e+001 4.56545203e-007 2.88982812e-006 3.99396067e-006 4.25278393e-006 4.75114555e-006 4.86705950e-006 4.90904247e-006 4.92726193e-006 4.53635112e-006 
1.25000000e+000 1.51554446e+001 2.00000000e+001 1.89473974e-006 6.31901010e-006 7.06107520e-006 7.15679518e-006 7.26083940e-006 7.24096861e-006 7.22332616e-006 6.81422777e-006 5.93948581e-006 
1.25000000e+000 1.95655948e+001 2.00000000e+001 6.02804043e-006 1.26319463e-005 1.20139841e-005 1.17121464e-005 1.09867279e-005 1.07131515e-005 1.05878476e-005 9.46755346e-006 7.85769842e-006 
1.25000000e+000 2.31503240e+001 2.00000000e+001 1.71769835e-005 2.41478680e-005 1.99768665e-005 1.88244163e-005 1.64777556e-005 1.57473032e-005 1.54329450e-005 1.31413382e-005 1.04144866e-005 
1.25000000e+000 2.62500000e+001 2.00000000e+001 5.35943356e-005 4.91990643e-005 3.50693594e-005 3.18701270e-005 2.59116575e-005 2.42353335e-005 2.35384985e-005 1.90109927e-005 1.43147201e-005 
1.25000000e+000 2.90204669e+001 2.00000000e+001 2.03379871e-004 1.13654970e-004 6.84236043e-005 5.96826577e-005 4.46343672e-005 4.07391794e-005 3.91646972e-005 2.97727205e-005 2.11107146e-005 
1.25000000e+000 3.15485737e+001 2.00000000e+001 5.21608690e-004 1.93338493e-004 1.04200765e-004 8.86580064e-005 6.31591662e-005 5.68591041e-005 5.43498158e-005 3.99621815e-005 2.74319580e-005 
1.25000000e+000 3.38886043e+001 2.00000000e+001 1.26600105e-003 3.01046153e-004 1.45580290e-004 1.21081492e-004 8.26922119e-005 7.36014875e-005 7.00269630e-005 5.01589274e-005 3.36149444e-005 
1.50000000e+000 8.75000000e+000 2.00000000e+001 1.72372468e-007 1.57990467e-006 2.49487109e-006 2.74449045e-006 3.27563202e-006 3.42062575e-006 3.47796066e-006 3.66035716e-006 3.53347502e-006 
1.50000000e+000 1.51554446e+001 2.00000000e+001 9.48801427e-007 4.09152065e-006 4.99182666e-006 5.16806878e-006 5.47464720e-006 5.52922829e-006 5.54518205e-006 5.40027943e-006 4.86410165e-006 
1.50000000e+000 1.95655948e+001 2.00000000e+001 3.70790575e-006 9.26253975e-006 9.34528949e-006 9.23949108e-006 8.91639894e-006 8.76656278e-006 8.69418348e-006 7.93811310e-006 6.73404270e-006 
1.50000000e+000 2.31503240e+001 2.00000000e+001 1.26105600e-005 1.97103289e-005 1.68947514e-005 1.60533948e-005 1.42874168e-005 1.37196838e-005 1.34728614e-005 1.16115382e-005 9.32092103e-006 
1.50000000e+000 2.62500000e+001 2.00000000e+001 4.74976739e-005 4.50388136e-005 3.24459493e-005 2.95563205e-005 2.41396838e-005 2.26065125e-005 2.19680507e-005 1.77988753e-005 1.34507126e-005 
1.50000000e+000 2.90204669e+001 2.00000000e+001 2.27639178e-004 1.18623926e-004 7.01147844e-005 6.08959637e-005 4.51480203e-005 4.11036957e-005 3.94731935e-005 2.98201255e-005 2.10167696e-005 
1.50000000e+000 3.15485737e+001 2.00000000e+001 7.38613366e-004 2.22127310e-004 1.13974028e-004 9.59587153e-005 6.70114062e-005 5.99976945e-005 5.72209394e-005 4.15369838e-005 2.81733663e-005 
1.50000000e+000 3.38886043e+001 2.00000000e+001 2.31759973e-003 3.82551980e-004 1.69553135e-004 1.38481664e-004 9.14622011e-005 8.06838926e-005 7.64871252e-005 5.36882206e-005 3.53298813e-005 
1.75000000e+000 8.75000000e+000 2.00000000e+001 6.67355143e-008 8.76133223e-007 1.57341268e-006 1.78615030e-006 2.27262107e-006 2.41782122e-006 2.47758145e-006 2.73045645e-006 2.76043662e-006 
1.75000000e+000 1.51554446e+001 2.00000000e+001 4.83160619e-007 2.68616238e-006 3.57183664e-006 3.77497850e-006 4.16900535e-006 4.26197042e-006 4.29607728e-006 4.31270595e-006 4.00754961e-006 
1.75000000e+000 1.95655948e+001 2.00000000e+001 2.31183183e-006 6.87149117e-006 7.35012595e-006 7.36802646e-006 7.30937584e-006 7.24402024e-006 7.20820205e-006 6.71320405e-006 5.81293087e-006 
1.75000000e+000 2.31503240e+001 2.00000000e+001 9.36091061e-006 1.62406542e-005 1.44211433e-005 1.38170293e-005 1.25001442e-005 1.20596388e-005 1.18657702e-005 1.03449609e-005 8.40365582e-006 
1.75000000e+000 2.62500000e+001 2.00000000e+001 4.24107304e-005 4.15171010e-005 3.02319817e-005 2.76072283e-005 2.26534638e-005 2.12418531e-005 2.06528032e-005 1.67844271e-005 1.27246981e-005 
1.75000000e+000 2.90204669e+001 2.00000000e+001 2.59078060e-004 1.24494314e-004 7.21835687e-005 6.24235765e-005 4.58878910e-005 4.16748352e-005 3.99806023e-005 3.00208099e-005 2.10314275e-005 
1.75000000e+000 3.15485737e+001 2.00000000e+001 1.09765284e-003 2.58687238e-004 1.25683300e-004 1.04619257e-004 7.15265448e-005 6.36737129e-005 6.05842859e-005 4.33973811e-005 2.90733248e-005 
1.75000000e+000 3.38886043e+001 2.00000000e+001 4.57575850e-003 4.98801404e-004 2.00503379e-004 1.60491876e-004 1.02166901e-004 8.92544970e-005 8.42787372e-005 5.78781076e-005 3.73502869e-005 
2.00000000e+000 8.75000000e+000 2.00000000e+001 2.63696393e-008 4.92019278e-007 1.00104371e-006 1.17159465e-006 1.58614199e-006 1.71828889e-006 1.77414908e-006 2.04490074e-006 2.16270416e-006 
2.00000000e+000 1.51554446e+001 2.00000000e+001 2.49315541e-007 1.78249338e-006 2.58060235e-006 2.78316135e-006 3.20124437e-006 3.31139213e-006 3.35438436e-006 3.46736197e-006 3.31981158e-006 
2.00000000e+000 1.95655948e+001 2.00000000e+001 1.45681520e-006 5.14259070e-006 5.82968529e-006 5.92453164e-006 6.03968880e-006 6.03258608e-006 6.02233520e-006 5.71764213e-006 5.04880325e-006 
2.00000000e+000 2.31503240e+001 2.00000000e+001 7.01001730e-006 1.34765262e-005 1.23945391e-005 1.19739914e-005 1.10110870e-005 1.06723766e-005 1.05210437e-005 9.27661306e-006 7.62208066e-006 
2.00000000e+000 2.62500000e+001 2.00000000e+001 3.80830344e-005 3.84668552e-005 2.83135625e-005 2.59201308e-005 2.13717448e-005 2.00665027e-005 1.95206275e-005 1.59135035e-005 1.21013167e-005 
2.00000000e+000 2.90204669e+001 2.00000000e+001 3.00326528e-004 1.31309029e-004 7.45823886e-005 6.42127103e-005 4.68003976e-005 4.24007938e-005 4.06360958e-005 3.03331639e-005 2.11257581e-005 
2.00000000e+000 3.15485737e+001 2.00000000e+001 1.71525551e-003 3.05452142e-004 1.39669048e-004 1.14828763e-004 7.67410400e-005 6.79022735e-005 6.44480535e-005 4.55287586e-005 3.01144111e-005 
2.00000000e+000 3.38886043e+001 2.00000000e+001 9.72963483e-003 6.67040432e-004 2.40633593e-004 1.88385649e-004 1.15186414e-004 9.95700002e-005 9.36178578e-005 6.27942286e-005 3.96864091e-005 
2.25000000e+000 8.75000000e+000 2.00000000e+001 1.05956560e-008 2.79400902e-007 6.42032874e-007 7.74071204e-007 1.11323553e-006 1.22742022e-006 1.27671069e-006 1.53731590e-006 1.69910951e-006 
2.25000000e+000 1.51554446e+001 2.00000000e+001 1.30058222e-007 1.19295306e-006 1.87909987e-006 2.06758618e-006 2.47533970e-006 2.59021676e-006 2.63652061e-006 2.80408181e-006 2.76350468e-006 
2.25000000e+000 1.95655948e+001 2.00000000e+001 9.26084517e-007 3.87533719e-006 4.65425089e-006 4.79494066e-006 5.02223148e-006 5.05520812e-006 5.06286646e-006 4.89828060e-006 4.40816161e-006 
2.25000000e+000 2.31503240e+001 2.00000000e+001 5.28808332e-006 1.12451864e-005 1.07093855e-005 1.04317683e-005 9.75066689e-006 9.49452755e-006 9.37787624e-006 8.36165279e-006 6.94705312e-006 
2.25000000e+000 2.62500000e+001 2.00000000e+001 3.43482878e-005 3.57824786e-005 2.66202217e-005 2.44313740e-005 2.02432713e-005 1.90327925e-005 1.85253787e-005 1.51502505e-005 1.15560377e-005 
2.25000000e+000 2.90204669e+001 2.00000000e+001 3.55211651e-004 1.39176027e-004 7.72996521e-005 6.62428091e-005 4.78572056e-005 4.32528690e-005 4.14110226e-005 3.07316148e-005 2.12805921e-005 
2.25000000e+000 3.15485737e+001 2.00000000e+001 2.81931988e-003 3.65855723e-004 1.56400896e-004 1.26857634e-004 8.27274376e-005 7.27279015e-005 6.88475184e-005 4.79329260e-005 3.12883675e-005 
2.25000000e+000 3.38886043e+001 2.00000000e+001 2.22044625e-002 9.14590756e-004 2.93017035e-004 2.23901520e-004 1.31029627e-004 1.11975959e-004 1.04796720e-004 6.85328732e-005 4.23608635e-005 
2.50000000e+000 8.75000000e+000 2.00000000e+001 4.31721765e-009 1.60228841e-007 4.14811935e-007 5.14849443e-007 7.85435594e-007 8.81023568e-007 9.23031097e-007 1.15993917e-006 1.33847570e-006 
2.50000000e+000 1.51554446e+001 2.00000000e+001 6.84775754e-008 8.03986928e-007 1.37712223e-006 1.54567465e-006 1.92532512e-006 2.03772424e-006 2.08401573e-006 2.27927332e-006 2.31043549e-006 
2.50000000e+000 1.95655948e+001 2.00000000e+001 5.93085030e-007 2.93684368e-006 3.73551760e-006 3.90108883e-006 4.19764367e-006 4.25776759e-006 4.27785167e-006 4.21677066e-006 3.86603417e-006 
2.50000000e+000 2.31503240e+001 2.00000000e+001 4.01429192e-006 9.42613029e-006 9.29272359e-006 9.12654122e-006 8.67076686e-006 8.48211718e-006 8.39399168e-006 7.56833938e-006 6.35730943e-006 
2.50000000e+000 2.62500000e+001 2.00000000e+001 3.10902537e-005 3.33920343e-005 2.51053642e-005 2.30990571e-005 1.92342306e-005 1.81091332e-005 1.76364002e-005 1.44702978e-005 1.10715609e-005 
2.50000000e+000 2.90204669e+001 2.00000000e+001 4.29305317e-004 1.48254554e-004 8.03445812e-005 6.85115274e-005 4.90443881e-005 4.42157248e-005 4.22896514e-005 3.12004255e-005 2.14831480e-005 
2.50000000e+000 3.15485737e+001 2.00000000e+001 4.86607813e-003 4.44746650e-004 1.76495647e-004 1.41060928e-004 8.95884276e-005 7.82182473e-005 7.38387689e-005 5.06232066e-005 3.25932638e-005 
2.50000000e+000 3.38886043e+001 2.00000000e+001 5.40481538e-002 1.28546359e-003 3.61948995e-004 2.69401611e-004 1.50358858e-004 1.26919175e-004 1.18192607e-004 7.52202220e-005 4.54068489e-005 
END