TITLE="3SCB_ER_E_WD175.dat"
VARIABLES= "Density" "Radius" "Height" "0.1053" "0.356" "0.6617" "0.7889" "1.1732" "1.3325" "1.408" "2" "3" 
ZONE T="3D Data" I=11 J=8 K=3 F=POINT
0.00000000e+000 2.18750000e+000 0.00000000e+000 8.95729442e-005 6.24157631e-005 4.13985688e-005 3.72318575e-005 2.98842499e-005 2.78585397e-005 2.70129005e-005 2.14349592e-005 1.54296755e-005 
0.00000000e+000 6.56250000e+000 0.00000000e+000 1.15160686e-004 7.91039395e-005 5.15593934e-005 4.60205947e-005 3.62317940e-005 3.35729724e-005 3.24736079e-005 2.54472591e-005 1.82276007e-005 
0.00000000e+000 1.09375000e+001 0.00000000e+000 1.52614369e-004 1.04181410e-004 6.71674669e-005 5.96394487e-005 4.62691073e-005 4.26612633e-005 4.11782532e-005 3.19142489e-005 2.27579145e-005 
0.00000000e+000 1.53125000e+001 0.00000000e+000 1.91524120e-004 1.29994633e-004 8.31709063e-005 7.36112364e-005 5.66195155e-005 5.20542895e-005 5.01836033e-005 3.86393604e-005 2.74753559e-005 
0.00000000e+000 1.96875000e+001 0.00000000e+000 2.22878471e-004 1.50686518e-004 9.60262641e-005 8.48545186e-005 6.49972694e-005 5.96734134e-005 5.74949501e-005 4.41259929e-005 3.13289488e-005 
0.00000000e+000 2.40625000e+001 0.00000000e+000 2.39591822e-004 1.61692492e-004 1.03029117e-004 9.10448810e-005 6.97369789e-005 6.40215900e-005 6.16826446e-005 4.73294923e-005 3.35969517e-005 
0.00000000e+000 2.84375000e+001 0.00000000e+000 2.45092446e-004 1.65194896e-004 1.05458321e-004 9.32800947e-005 7.16223366e-005 6.58021715e-005 6.34178862e-005 4.87375643e-005 3.46124005e-005 
0.00000000e+000 3.28125000e+001 0.00000000e+000 2.47851223e-004 1.66996577e-004 1.06786106e-004 9.45451631e-005 7.27922807e-005 6.69394259e-005 6.45393451e-005 4.97033328e-005 3.53238853e-005 
2.50000000e-001 2.18750000e+000 0.00000000e+000 2.64790227e-005 3.11400787e-005 2.45538296e-005 2.30004245e-005 2.00120050e-005 1.90876504e-005 1.86849783e-005 1.56675299e-005 1.18982124e-005 
2.50000000e-001 6.56250000e+000 0.00000000e+000 3.53939326e-005 4.02089370e-005 3.09868396e-005 2.87733474e-005 2.45000211e-005 2.32134656e-005 2.26618824e-005 1.87380208e-005 1.41402200e-005 
2.50000000e-001 1.09375000e+001 0.00000000e+000 5.08652764e-005 5.51207431e-005 4.15370100e-005 3.82708590e-005 3.19548733e-005 3.00861093e-005 2.92936777e-005 2.38797273e-005 1.78863833e-005 
2.50000000e-001 1.53125000e+001 0.00000000e+000 7.20542177e-005 7.31105946e-005 5.37312908e-005 4.91548773e-005 4.03878469e-005 3.78381088e-005 3.67653734e-005 2.96305035e-005 2.20300733e-005 
2.50000000e-001 1.96875000e+001 0.00000000e+000 9.88052922e-005 9.21943141e-005 6.59077355e-005 5.98780916e-005 4.84927862e-005 4.52388511e-005 4.38787502e-005 3.50135823e-005 2.58288000e-005 
2.50000000e-001 2.40625000e+001 0.00000000e+000 1.32044409e-004 1.10842249e-004 7.67602764e-005 6.92403527e-005 5.53003180e-005 5.13884583e-005 4.97629773e-005 3.93414010e-005 2.87679525e-005 
2.50000000e-001 2.84375000e+001 0.00000000e+000 1.88957512e-004 1.35989846e-004 8.98648060e-005 8.02324322e-005 6.28421905e-005 5.80828220e-005 5.61202713e-005 4.37913413e-005 3.15902649e-005 
2.50000000e-001 3.28125000e+001 0.00000000e+000 2.43036184e-004 1.58329525e-004 1.01269643e-004 8.97653577e-005 6.93639289e-005 6.38734763e-005 6.16206788e-005 4.76462151e-005 3.40207783e-005 
5.00000000e-001 2.18750000e+000 0.00000000e+000 7.90713500e-006 1.55877027e-005 1.45904416e-005 1.42315379e-005 1.34160083e-005 1.30911572e-005 1.29367228e-005 1.14597729e-005 9.17934111e-006 
5.00000000e-001 6.56250000e+000 0.00000000e+000 1.12951856e-005 2.06998863e-005 1.87590980e-005 1.81023002e-005 1.66395826e-005 1.61133375e-005 1.58735933e-005 1.38351384e-005 1.09899561e-005 
5.00000000e-001 1.09375000e+001 0.00000000e+000 1.83973458e-005 3.00227458e-005 2.61250146e-005 2.49174772e-005 2.22967804e-005 2.14135148e-005 2.10223620e-005 1.79830377e-005 1.41204403e-005 
5.00000000e-001 1.53125000e+001 0.00000000e+000 3.08729931e-005 4.32043759e-005 3.57497500e-005 3.36676308e-005 2.93361777e-005 2.79549648e-005 2.73556417e-005 2.29834384e-005 1.78055952e-005 
5.00000000e-001 1.96875000e+001 0.00000000e+000 5.22653756e-005 6.06790653e-005 4.72989861e-005 4.39187076e-005 3.72021281e-005 3.51667628e-005 3.42987392e-005 2.82817226e-005 2.15625097e-005 
5.00000000e-001 2.40625000e+001 0.00000000e+000 9.00918872e-005 8.38042641e-005 6.08456468e-005 5.55868354e-005 4.56235288e-005 4.27494223e-005 4.15431099e-005 3.35509932e-005 2.50862898e-005 
5.00000000e-001 2.84375000e+001 0.00000000e+000 1.81640648e-004 1.25727443e-004 8.27281679e-005 7.38862500e-005 5.80286396e-005 5.37049948e-005 5.19230333e-005 4.07043872e-005 2.95477015e-005 
5.00000000e-001 3.28125000e+001 0.00000000e+000 2.89843894e-004 1.66727160e-004 1.03120748e-004 9.07854320e-005 6.93285290e-005 6.36571879e-005 6.13428126e-005 4.71622462e-005 3.35415820e-005 
7.50000000e-001 2.18750000e+000 0.00000000e+000 2.38501395e-006 7.82848679e-006 8.68623722e-006 8.81986083e-006 9.00409461e-006 8.98741237e-006 8.96532230e-006 8.38781649e-006 7.08510143e-006 
7.50000000e-001 6.56250000e+000 0.00000000e+000 3.72860092e-006 1.07866597e-005 1.14371120e-005 1.14580082e-005 1.13495126e-005 1.12277514e-005 1.11593117e-005 1.02424065e-005 8.55734162e-006 
7.50000000e-001 1.09375000e+001 0.00000000e+000 7.09351117e-006 1.67815212e-005 1.66904596e-005 1.64441247e-005 1.57095057e-005 1.53743335e-005 1.52125830e-005 1.36261245e-005 1.11955877e-005 
7.50000000e-001 1.53125000e+001 0.00000000e+000 1.44042267e-005 2.65738730e-005 2.43972611e-005 2.35772614e-005 2.16580963e-005 2.09589956e-005 2.06424166e-005 1.80166809e-005 1.44993953e-005 
7.50000000e-001 1.96875000e+001 0.00000000e+000 3.03610186e-005 4.20666655e-005 3.51530725e-005 3.32275309e-005 2.92142965e-005 2.79240709e-005 2.73624439e-005 2.32027489e-005 1.82046023e-005 
7.50000000e-001 2.40625000e+001 0.00000000e+000 6.69928897e-005 6.71793522e-005 5.03319334e-005 4.63772805e-005 3.87879937e-005 3.65585382e-005 3.56163149e-005 2.92151852e-005 2.22159136e-005 
7.50000000e-001 2.84375000e+001 0.00000000e+000 1.85696517e-004 1.22636539e-004 7.95527967e-005 7.08503150e-005 5.53983683e-005 5.12251831e-005 4.95101547e-005 3.87737627e-005 2.81633263e-005 
7.50000000e-001 3.28125000e+001 0.00000000e+000 3.69041511e-004 1.83861438e-004 1.09015520e-004 9.50769503e-005 7.13364725e-005 6.51938579e-005 6.27043297e-005 4.77118907e-005 3.36377677e-005 
1.00000000e+000 2.18750000e+000 0.00000000e+000 7.26497394e-007 3.94457842e-006 5.18092234e-006 5.47474849e-006 6.04978767e-006 6.17620715e-006 6.21894952e-006 6.14354450e-006 5.47123392e-006 
1.00000000e+000 6.56250000e+000 0.00000000e+000 1.26749370e-006 5.68555056e-006 7.02057809e-006 7.29502172e-006 7.77358984e-006 7.85274125e-006 7.87308905e-006 7.60251619e-006 6.67533683e-006 
1.00000000e+000 1.09375000e+001 0.00000000e+000 2.86869804e-006 9.59358230e-006 1.08156222e-005 1.09876740e-005 1.11692391e-005 1.11291522e-005 1.10949832e-005 1.03855570e-005 8.91350352e-006 
1.00000000e+000 1.53125000e+001 0.00000000e+000 7.09496563e-006 1.68643838e-005 1.70088473e-005 1.68270736e-005 1.62206861e-005 1.59207016e-005 1.57735034e-005 1.42598344e-005 1.18896148e-005 
1.00000000e+000 1.96875000e+001 0.00000000e+000 1.85624931e-005 3.02268164e-005 2.68316944e-005 2.57544419e-005 2.33837922e-005 2.25669558e-005 2.22029816e-005 1.92927760e-005 1.55238563e-005 
1.00000000e+000 2.40625000e+001 0.00000000e+000 5.18412345e-005 5.57330667e-005 4.28372350e-005 3.97350692e-005 3.37155068e-005 3.19202743e-005 3.11573063e-005 2.58641864e-005 1.99279005e-005 
1.00000000e+000 2.84375000e+001 0.00000000e+000 1.94866177e-004 1.22700590e-004 7.83702734e-005 6.95475998e-005 5.40153695e-005 4.98588725e-005 4.81559442e-005 3.75773826e-005 2.72271957e-005 
1.00000000e+000 3.28125000e+001 0.00000000e+000 4.91459718e-004 2.07799505e-004 1.17693486e-004 1.01591429e-004 7.47289800e-005 6.79241316e-005 6.51852051e-005 4.89848011e-005 3.41518359e-005 
1.25000000e+000 2.18750000e+000 0.00000000e+000 2.23406102e-007 1.99406905e-006 3.09593476e-006 3.40374614e-006 4.06932764e-006 4.24853186e-006 4.31794405e-006 4.50283417e-006 4.22696827e-006 
1.25000000e+000 6.56250000e+000 0.00000000e+000 4.41725368e-007 3.02884315e-006 4.33756415e-006 4.67070508e-006 5.34587695e-006 5.51219148e-006 5.57385380e-006 5.65749924e-006 5.21657660e-006 
1.25000000e+000 1.09375000e+001 0.00000000e+000 1.20159722e-006 5.59059544e-006 7.09849196e-006 7.42479631e-006 8.00816347e-006 8.11783911e-006 8.15128223e-006 7.95972143e-006 7.12487160e-006 
1.25000000e+000 1.53125000e+001 0.00000000e+000 3.62173330e-006 1.09636101e-005 1.20690617e-005 1.22026383e-005 1.23011058e-005 1.22333922e-005 1.21873395e-005 1.13848700e-005 9.81243045e-006 
1.25000000e+000 1.96875000e+001 0.00000000e+000 1.17082839e-005 2.22643735e-005 2.08953179e-005 2.03375011e-005 1.90074586e-005 1.85021188e-005 1.82699300e-005 1.62255651e-005 1.33545041e-005 
1.25000000e+000 2.40625000e+001 0.00000000e+000 4.10458559e-005 4.72175979e-005 3.71602790e-005 3.46721301e-005 2.97844538e-005 2.83041621e-005 2.76716170e-005 2.31966440e-005 1.80648129e-005 
1.25000000e+000 2.84375000e+001 0.00000000e+000 2.08201047e-004 1.24462727e-004 7.82885247e-005 6.92232002e-005 5.33787177e-005 4.91723462e-005 4.74537125e-005 3.68589166e-005 2.66011317e-005 
1.25000000e+000 3.28125000e+001 0.00000000e+000 6.82400143e-004 2.38924098e-004 1.28792905e-004 1.09960742e-004 7.92034821e-005 7.15753601e-005 6.85259815e-005 5.08057452e-005 3.49847670e-005 
1.50000000e+000 2.18750000e+000 0.00000000e+000 6.93178292e-008 1.01130123e-006 1.85345361e-006 2.11952164e-006 2.74022601e-006 2.92539686e-006 3.00085487e-006 3.30254951e-006 3.26720957e-006 
1.50000000e+000 6.56250000e+000 0.00000000e+000 1.57186284e-007 1.62941286e-006 2.69641598e-006 3.00650827e-006 3.69067886e-006 3.88284354e-006 3.95932262e-006 4.22061359e-006 4.08377035e-006 
1.50000000e+000 1.09375000e+001 0.00000000e+000 5.16630336e-007 3.31095772e-006 4.71179001e-006 5.06810916e-006 5.78618239e-006 5.96320582e-006 6.02930583e-006 6.13243453e-006 5.71679610e-006 
1.50000000e+000 1.53125000e+001 0.00000000e+000 1.89547471e-006 7.26110221e-006 8.68883865e-006 8.96766839e-006 9.42974652e-006 9.49469816e-006 9.50822918e-006 9.16056418e-006 8.14599823e-006 
1.50000000e+000 1.96875000e+001 0.00000000e+000 7.54339032e-006 1.66907719e-005 1.65209847e-005 1.62919264e-005 1.56422867e-005 1.53479932e-005 1.52061840e-005 1.37778426e-005 1.15765285e-005 
1.50000000e+000 2.40625000e+001 0.00000000e+000 3.30086095e-005 4.05569040e-005 3.26607011e-005 3.06439656e-005 2.66257983e-005 2.53878785e-005 2.48558092e-005 2.10160793e-005 1.65172342e-005 
1.50000000e+000 2.84375000e+001 0.00000000e+000 2.26107103e-004 1.27370695e-004 7.88889471e-005 6.95047129e-005 5.32146828e-005 4.89213681e-005 4.71715340e-005 3.64607763e-005 2.61934510e-005 
1.50000000e+000 3.28125000e+001 0.00000000e+000 9.87336921e-004 2.78767126e-004 1.42384581e-004 1.20153150e-004 8.46480410e-005 7.60325870e-005 7.26122288e-005 5.30804751e-005 3.60754697e-005 
1.75000000e+000 2.18750000e+000 0.00000000e+000 2.16869028e-008 5.14514980e-007 1.11165739e-006 1.32191114e-006 1.84726682e-006 2.01631469e-006 2.08746810e-006 2.42386609e-006 2.52655676e-006 
1.75000000e+000 6.56250000e+000 0.00000000e+000 5.69179749e-008 8.84431625e-007 1.68592836e-006 1.94511329e-006 2.55750005e-006 2.74436544e-006 2.82156096e-006 3.15631487e-006 3.20246407e-006 
1.75000000e+000 1.09375000e+001 0.00000000e+000 2.26594163e-007 1.98762260e-006 3.15880998e-006 3.49069064e-006 4.21023784e-006 4.40889468e-006 4.48763538e-006 4.74776017e-006 4.60354916e-006 
1.75000000e+000 1.53125000e+001 0.00000000e+000 1.01056406e-006 4.87905452e-006 6.33000957e-006 6.66365102e-006 7.29578900e-006 7.43332037e-006 7.48085827e-006 7.42210017e-006 6.79901473e-006 
1.75000000e+000 1.96875000e+001 0.00000000e+000 4.93710822e-006 1.26760056e-005 1.32149902e-005 1.31973050e-005 1.30013251e-005 1.28531289e-005 1.27746591e-005 1.17943295e-005 1.01021172e-005 
1.75000000e+000 2.40625000e+001 0.00000000e+000 2.68598115e-005 3.51750859e-005 2.89756016e-005 2.73349016e-005 2.40131401e-005 2.29699127e-005 2.25186168e-005 1.91920514e-005 1.52082422e-005 
1.75000000e+000 2.84375000e+001 0.00000000e+000 2.49669218e-004 1.31222495e-004 7.99696141e-005 7.02034387e-005 5.33705324e-005 4.89657987e-005 4.71747614e-005 3.62848229e-005 2.59427954e-005 
1.75000000e+000 3.28125000e+001 0.00000000e+000 1.48772210e-003 3.29772532e-004 1.58789840e-004 1.32326942e-004 9.10593589e-005 8.12720106e-005 7.74139521e-005 5.57644871e-005 3.73877707e-005 
2.00000000e+000 2.18750000e+000 0.00000000e+000 6.83655465e-009 2.62579385e-007 6.67961494e-007 8.25743044e-007 1.24666611e-006 1.39109813e-006 1.45344995e-006 1.78017675e-006 1.95472150e-006 
2.00000000e+000 6.56250000e+000 0.00000000e+000 2.09142710e-008 4.83967902e-007 1.05984525e-006 1.26445795e-006 1.77858960e-006 1.94599242e-006 2.01700291e-006 2.36595430e-006 2.51557460e-006 
2.00000000e+000 1.09375000e+001 0.00000000e+000 1.00949250e-007 1.20683830e-006 2.13621330e-006 2.42346733e-006 3.08314149e-006 3.27904374e-006 3.35930523e-006 3.69249445e-006 3.71974734e-006 
2.00000000e+000 1.53125000e+001 0.00000000e+000 5.46630918e-007 3.31627816e-006 4.65680373e-006 4.99744777e-006 5.68962265e-006 5.86325231e-006 5.92894180e-006 6.05064338e-006 5.70253232e-006 
2.00000000e+000 1.96875000e+001 0.00000000e+000 3.27156647e-006 9.72332126e-006 1.06668649e-005 1.07847803e-005 1.08933153e-005 1.08475715e-005 1.08141285e-005 1.01651926e-005 8.86630372e-006 
2.00000000e+000 2.40625000e+001 0.00000000e+000 2.20656134e-005 3.07308207e-005 2.58858667e-005 2.45518441e-005 2.18025460e-005 2.09203092e-005 2.05358997e-005 1.76362287e-005 1.40830752e-005 
2.00000000e+000 2.84375000e+001 0.00000000e+000 2.80612534e-004 1.35969994e-004 8.14327211e-005 7.12223585e-005 5.37594716e-005 4.92238191e-005 4.73838955e-005 3.62691424e-005 2.58077351e-005 
2.00000000e+000 3.28125000e+001 0.00000000e+000 2.33218246e-003 3.95413640e-004 1.78518876e-004 1.46772263e-004 9.85027157e-005 8.73269206e-005 8.29539909e-005 5.88449833e-005 3.89021633e-005 
2.25000000e+000 2.18750000e+000 0.00000000e+000 2.16993047e-009 1.34408876e-007 4.02079979e-007 5.16605016e-007 8.42257724e-007 9.60684841e-007 1.01294007e-006 1.30831394e-006 1.51301812e-006 
2.25000000e+000 6.56250000e+000 0.00000000e+000 7.78066266e-009 2.66778077e-007 6.69634014e-007 8.25684852e-007 1.24111778e-006 1.38415928e-006 1.44615676e-006 1.77754148e-006 1.97925553e-006 
2.25000000e+000 1.09375000e+001 0.00000000e+000 4.55447628e-008 7.39808742e-007 1.45570973e-006 1.69442253e-006 2.27083952e-006 2.45189181e-006 2.52781996e-006 2.88392384e-006 3.01530238e-006 
2.25000000e+000 1.53125000e+001 0.00000000e+000 2.99179858e-007 2.27508372e-006 3.45372733e-006 3.77689900e-006 4.46726014e-006 4.65483329e-006 4.72882071e-006 4.95951537e-006 4.80407327e-006 
2.25000000e+000 1.96875000e+001 0.00000000e+000 2.19002692e-006 7.51775579e-006 8.67265408e-006 8.87560107e-006 9.18709098e-006 9.21347825e-006 9.21225291e-006 8.81137515e-006 7.82046234e-006 
2.25000000e+000 2.40625000e+001 0.00000000e+000 1.82733270e-005 2.70039606e-005 2.32508258e-005 2.21701887e-005 1.98990373e-005 1.91524645e-005 1.88245506e-005 1.62875071e-005 1.31022168e-005 
2.25000000e+000 2.84375000e+001 0.00000000e+000 3.21470680e-004 1.41645666e-004 8.32336732e-005 7.25124108e-005 5.43316154e-005 4.96470342e-005 4.77513687e-005 3.63741949e-005 2.57600435e-005 
2.25000000e+000 3.28125000e+001 0.00000000e+000 3.79744831e-003 4.80514146e-004 2.02264533e-004 1.63894465e-004 1.07093410e-004 9.42708067e-005 8.92919543e-005 6.23305158e-005 4.06105735e-005 
2.50000000e+000 2.18750000e+000 0.00000000e+000 6.92979701e-010 6.90004982e-008 2.42460271e-007 3.23693646e-007 5.69653020e-007 6.64087045e-007 7.06591442e-007 9.62174946e-007 1.17167273e-006 
2.50000000e+000 6.56250000e+000 0.00000000e+000 2.92540927e-009 1.48031642e-007 4.25078318e-007 5.41439242e-007 8.68866304e-007 9.87447771e-007 1.03981960e-006 1.33839826e-006 1.55976501e-006 
2.50000000e+000 1.09375000e+001 0.00000000e+000 2.07643460e-008 4.57206674e-007 9.98618781e-007 1.19208608e-006 1.68127813e-006 1.84236715e-006 1.91119057e-006 2.26122323e-006 2.45167225e-006 
2.50000000e+000 1.53125000e+001 0.00000000e+000 1.65366735e-007 1.57280155e-006 2.57889697e-006 2.87308873e-006 3.52802085e-006 3.71621027e-006 3.79240085e-006 4.08475879e-006 4.06337602e-006 
2.50000000e+000 1.96875000e+001 0.00000000e+000 1.47866373e-006 5.85040955e-006 7.09309756e-006 7.34663381e-006 7.79018556e-006 7.86706945e-006 7.88886092e-006 7.67495781e-006 6.92776037e-006 
2.50000000e+000 2.40625000e+001 0.00000000e+000 1.52385092e-005 2.38428820e-005 2.09749861e-005 2.01053649e-005 1.82375482e-005 1.76067037e-005 1.73271360e-005 1.51026608e-005 1.22367376e-005 
2.50000000e+000 2.84375000e+001 0.00000000e+000 3.75899962e-004 1.48334764e-004 8.53573002e-005 7.40511395e-005 5.50584087e-005 5.02067184e-005 4.82485606e-005 3.65744717e-005 2.57803234e-005 
2.50000000e+000 3.28125000e+001 0.00000000e+000 6.40867441e-003 5.91763432e-004 2.30926367e-004 1.84219199e-004 1.16989650e-004 1.02209804e-004 9.65166885e-005 6.62451537e-005 4.25130519e-005 
0.00000000e+000 2.18750000e+000 1.00000000e+001 9.64903267e-005 6.77519832e-005 4.42129123e-005 3.94714930e-005 3.11214618e-005 2.88600512e-005 2.79252358e-005 2.19347672e-005 1.57352118e-005 
0.00000000e+000 6.56250000e+000 1.00000000e+001 1.10214680e-004 7.66012846e-005 4.96918324e-005 4.42419236e-005 3.46140587e-005 3.20150296e-005 3.09440079e-005 2.41645164e-005 1.72893323e-005 
0.00000000e+000 1.09375000e+001 1.00000000e+001 1.30982652e-004 9.02717298e-005 5.83012293e-005 5.17967098e-005 4.02535585e-005 3.71388075e-005 3.58579592e-005 2.78358298e-005 1.98607178e-005 
0.00000000e+000 1.53125000e+001 1.00000000e+001 1.51106790e-004 1.03421944e-004 6.65441511e-005 5.90326263e-005 4.56828812e-005 4.20833158e-005 4.06048780e-005 3.14018614e-005 2.23620356e-005 
0.00000000e+000 1.96875000e+001 1.00000000e+001 1.67252721e-004 1.13954095e-004 7.31414209e-005 6.48300022e-005 5.00558230e-005 4.60749913e-005 4.44409907e-005 3.43006965e-005 2.43998093e-005 
0.00000000e+000 2.40625000e+001 1.00000000e+001 1.78818554e-004 1.21642609e-004 7.79613280e-005 6.90708900e-005 5.32773311e-005 4.90257388e-005 4.72812900e-005 3.64691320e-005 2.59334883e-005 
0.00000000e+000 2.84375000e+001 1.00000000e+001 1.87577775e-004 1.27531701e-004 8.16197636e-005 7.22810093e-005 5.57102018e-005 5.12562210e-005 4.94296682e-005 3.81187020e-005 2.71029476e-005 
0.00000000e+000 3.28125000e+001 1.00000000e+001 2.01145434e-004 1.36662610e-004 8.71555454e-005 7.70867629e-005 5.92567731e-005 5.44815622e-005 5.25260990e-005 4.04577019e-005 2.87514401e-005 
2.50000000e-001 2.18750000e+000 1.00000000e+001 2.79908545e-005 3.34417564e-005 2.60119676e-005 2.42026538e-005 2.07108474e-005 1.96576896e-005 1.92053644e-005 1.59545101e-005 1.20845709e-005 
2.50000000e-001 6.56250000e+000 1.00000000e+001 3.32551830e-005 3.85239391e-005 2.96204185e-005 2.74510069e-005 2.32550835e-005 2.20008627e-005 2.14654147e-005 1.77021231e-005 1.33549181e-005 
2.50000000e-001 1.09375000e+001 1.00000000e+001 4.27257285e-005 4.71452077e-005 3.56893854e-005 3.29243009e-005 2.75762604e-005 2.59911112e-005 2.53181379e-005 2.06938700e-005 1.55251569e-005 
2.50000000e-001 1.53125000e+001 1.00000000e+001 5.51465037e-005 5.70761235e-005 4.23585592e-005 3.88807039e-005 3.22088562e-005 3.02545449e-005 2.94290714e-005 2.38591051e-005 1.77920561e-005 
2.50000000e-001 1.96875000e+001 1.00000000e+001 7.08853381e-005 6.77827885e-005 4.91122487e-005 4.48265749e-005 3.67131971e-005 3.43713482e-005 3.33873626e-005 2.68550413e-005 1.98919939e-005 
2.50000000e-001 2.40625000e+001 1.00000000e+001 9.28026493e-005 8.02988263e-005 5.64024864e-005 5.11169223e-005 4.12944733e-005 3.85133076e-005 3.73520920e-005 2.97773439e-005 2.18768684e-005 
2.50000000e-001 2.84375000e+001 1.00000000e+001 1.38166512e-004 1.01771971e-004 6.78123772e-005 6.07091495e-005 4.78909236e-005 4.43725136e-005 4.29184362e-005 3.36925770e-005 2.43954144e-005 
2.50000000e-001 3.28125000e+001 1.00000000e+001 1.89636991e-004 1.26405663e-004 8.10036658e-005 7.18095919e-005 5.55364755e-005 5.11695736e-005 4.93790628e-005 3.82631429e-005 2.73756912e-005 
5.00000000e-001 2.18750000e+000 1.00000000e+001 8.20573268e-006 1.65631988e-005 1.53333875e-005 1.48647572e-005 1.37985241e-005 1.34032423e-005 1.32211257e-005 1.16128303e-005 9.28536711e-006 
5.00000000e-001 6.56250000e+000 1.00000000e+001 1.04430501e-005 1.96375868e-005 1.77928125e-005 1.71450037e-005 1.56955857e-005 1.51810827e-005 1.49483313e-005 1.30047453e-005 1.03359987e-005 
5.00000000e-001 1.09375000e+001 1.00000000e+001 1.52326670e-005 2.54140996e-005 2.22522816e-005 2.12596880e-005 1.91015884e-005 1.83700966e-005 1.80452352e-005 1.54904743e-005 1.21940005e-005 
5.00000000e-001 1.53125000e+001 1.00000000e+001 2.32510685e-005 3.32810937e-005 2.78565595e-005 2.63359645e-005 2.31652777e-005 2.21414874e-005 2.16944108e-005 1.83557918e-005 1.42796975e-005 
5.00000000e-001 1.96875000e+001 1.00000000e+001 3.66472510e-005 4.37596487e-005 3.46592895e-005 3.23577258e-005 2.77709092e-005 2.63608146e-005 2.57549664e-005 2.14410649e-005 1.64412807e-005 
5.00000000e-001 2.40625000e+001 1.00000000e+001 6.13864927e-005 5.91720487e-005 4.37261847e-005 4.01789647e-005 3.34409631e-005 3.14742896e-005 3.06436178e-005 2.50090894e-005 1.88275548e-005 
5.00000000e-001 2.84375000e+001 1.00000000e+001 1.31132213e-004 9.26493669e-005 6.14830068e-005 5.50766710e-005 4.36065075e-005 4.04717784e-005 3.91769049e-005 3.09339394e-005 2.25683268e-005 
5.00000000e-001 3.28125000e+001 1.00000000e+001 2.21930427e-004 1.31001606e-004 8.13256303e-005 7.16429853e-005 5.48252304e-005 5.03899238e-005 4.85807504e-005 3.74743443e-005 2.67384496e-005 
7.50000000e-001 2.18750000e+000 1.00000000e+001 2.43083559e-006 8.23161285e-006 9.05613975e-006 9.14465940e-006 9.20373432e-006 9.14806232e-006 9.11033490e-006 8.45856663e-006 7.13799272e-006 
7.50000000e-001 6.56250000e+000 1.00000000e+001 3.39848085e-006 1.01398660e-005 1.07681415e-005 1.07768638e-005 1.06411421e-005 1.05173784e-005 1.04497092e-005 9.58050603e-006 8.01496319e-006 
7.50000000e-001 1.09375000e+001 1.00000000e+001 5.81650092e-006 1.40906657e-005 1.41115868e-005 1.39301232e-005 1.33704680e-005 1.31060645e-005 1.29771502e-005 1.16722589e-005 9.62189951e-006 
7.50000000e-001 1.53125000e+001 1.00000000e+001 1.07580351e-005 2.02871616e-005 1.88420654e-005 1.82820638e-005 1.69621147e-005 1.64680077e-005 1.62416060e-005 1.42860213e-005 1.15549290e-005 
7.50000000e-001 1.96875000e+001 1.00000000e+001 2.10306586e-005 2.99533993e-005 2.54403165e-005 2.41837290e-005 2.15609559e-005 2.07012282e-005 2.03232165e-005 1.74165993e-005 1.37592080e-005 
7.50000000e-001 2.40625000e+001 1.00000000e+001 4.48269744e-005 4.66179168e-005 3.55802752e-005 3.29887921e-005 2.80121349e-005 2.65318774e-005 2.59018101e-005 2.14983620e-005 1.64833427e-005 
7.50000000e-001 2.84375000e+001 1.00000000e+001 1.33710871e-004 8.97200267e-005 5.86107846e-005 5.23426286e-005 4.12481965e-005 3.82493739e-005 3.70147309e-005 2.92042570e-005 2.13289748e-005 
7.50000000e-001 3.28125000e+001 1.00000000e+001 2.80927081e-004 1.42939949e-004 8.51036746e-005 7.42864803e-005 5.58890587e-005 5.11383526e-005 4.92135773e-005 3.75952324e-005 2.66107283e-005 
1.00000000e+000 2.18750000e+000 1.00000000e+001 7.27525694e-007 4.10493578e-006 5.35903925e-006 5.63496538e-006 6.14598934e-006 6.25014264e-006 6.28376639e-006 6.16537426e-006 5.48987230e-006 
1.00000000e+000 6.56250000e+000 1.00000000e+001 1.14037518e-006 5.29928352e-006 6.56370966e-006 6.81591125e-006 7.24597813e-006 7.31493550e-006 7.33219263e-006 7.07720987e-006 6.22696197e-006 
1.00000000e+000 1.09375000e+001 1.00000000e+001 2.33500456e-006 8.00417664e-006 9.08756275e-006 9.25066123e-006 9.45075364e-006 9.43318932e-006 9.41136673e-006 8.85066909e-006 7.62615794e-006 
1.00000000e+000 1.53125000e+001 1.00000000e+001 5.27151329e-006 1.27982997e-005 1.30482930e-005 1.29594500e-005 1.26178008e-005 1.24257446e-005 1.23283691e-005 1.12365322e-005 9.42165987e-006 
1.00000000e+000 1.96875000e+001 1.00000000e+001 1.27578024e-005 2.13403123e-005 1.92404830e-005 1.85719011e-005 1.71011025e-005 1.65798445e-005 1.63443112e-005 1.43602134e-005 1.16430457e-005 
1.00000000e+000 2.40625000e+001 1.00000000e+001 3.42525799e-005 3.82003656e-005 2.99099862e-005 2.79193420e-005 2.40628268e-005 2.28984710e-005 2.23998659e-005 1.88283477e-005 1.46400730e-005 
1.00000000e+000 2.84375000e+001 1.00000000e+001 1.40555224e-004 8.94769788e-005 5.74570905e-005 5.11091999e-005 3.99797191e-005 3.70026738e-005 3.57813121e-005 2.81229870e-005 2.04873396e-005 
1.00000000e+000 3.28125000e+001 1.00000000e+001 3.77026228e-004 1.60508670e-004 9.12031873e-005 7.87933950e-005 5.81293955e-005 5.29056982e-005 5.08038229e-005 3.83419136e-005 2.68480498e-005 
1.25000000e+000 2.18750000e+000 1.00000000e+001 2.19903355e-007 2.05399522e-006 3.17736732e-006 3.47798357e-006 4.10880224e-006 4.27456447e-006 4.33835523e-006 4.49703132e-006 4.22432603e-006 
1.25000000e+000 6.56250000e+000 1.00000000e+001 3.92602861e-007 2.80059796e-006 4.02827953e-006 4.33628248e-006 4.95498421e-006 5.10694655e-006 5.16339609e-006 5.24198870e-006 4.84688188e-006 
1.25000000e+000 1.09375000e+001 1.00000000e+001 9.71668173e-007 4.64059315e-006 5.93282814e-006 6.21785462e-006 6.74069006e-006 6.84541710e-006 6.87912313e-006 6.75116842e-006 6.07015375e-006 
1.25000000e+000 1.53125000e+001 1.00000000e+001 2.67930109e-006 8.28657975e-006 9.21220177e-006 9.34850475e-006 9.51569725e-006 9.49469196e-006 9.47242975e-006 8.92253559e-006 7.73650770e-006 
1.25000000e+000 1.96875000e+001 1.00000000e+001 7.99847113e-006 1.56245274e-005 1.48807797e-005 1.45620824e-005 1.37992261e-005 1.34942990e-005 1.33511344e-005 1.19915821e-005 9.94904205e-006 
1.25000000e+000 2.40625000e+001 1.00000000e+001 2.68542216e-005 3.20608589e-005 2.56978988e-005 2.41281920e-005 2.10554697e-005 2.01134064e-005 1.97076440e-005 1.67343950e-005 1.31585128e-005 
1.25000000e+000 2.84375000e+001 1.00000000e+001 1.50890097e-004 9.06650840e-005 5.72427701e-005 5.07142811e-005 3.93575569e-005 3.63465539e-005 3.51150870e-005 2.74606928e-005 1.99191180e-005 
1.25000000e+000 3.28125000e+001 1.00000000e+001 5.35433781e-004 1.84095606e-004 9.93033743e-005 8.48343557e-005 6.12727900e-005 5.54450052e-005 5.31162729e-005 3.95547839e-005 2.73599334e-005 
1.50000000e+000 2.18750000e+000 1.00000000e+001 6.70896387e-008 1.03121337e-006 1.88747448e-006 2.15017627e-006 2.75000501e-006 2.92640400e-006 2.99811991e-006 3.28243336e-006 3.25208251e-006 
1.50000000e+000 6.56250000e+000 1.00000000e+001 1.38064188e-007 1.49526637e-006 2.48820316e-006 2.77425666e-006 3.40216461e-006 3.57852114e-006 3.64886018e-006 3.89278702e-006 3.77958843e-006 
1.50000000e+000 1.09375000e+001 1.00000000e+001 4.15036655e-007 2.73655503e-006 3.92016940e-006 4.22463673e-006 4.84759399e-006 5.00513867e-006 5.06478379e-006 5.17852067e-006 4.85127124e-006 
1.50000000e+000 1.53125000e+001 1.00000000e+001 1.39610742e-006 5.47182120e-006 6.60652415e-006 6.84181373e-006 7.26111693e-006 7.33478886e-006 7.35553549e-006 7.14561338e-006 6.39386352e-006 
1.50000000e+000 1.96875000e+001 1.00000000e+001 5.12605909e-006 1.16597954e-005 1.17030858e-005 1.16007536e-005 1.12889582e-005 1.11269245e-005 1.10455653e-005 1.01214546e-005 8.57427485e-006 
1.50000000e+000 2.40625000e+001 1.00000000e+001 2.14204428e-005 2.73300767e-005 2.24113364e-005 2.11587352e-005 1.86752165e-005 1.79003000e-005 1.75644116e-005 1.50457179e-005 1.19427126e-005 
1.50000000e+000 2.84375000e+001 1.00000000e+001 1.65112411e-004 9.28142254e-005 5.76057177e-005 5.08342513e-005 3.91413395e-005 3.60658498e-005 3.48114593e-005 2.70772814e-005 1.95423164e-005 
1.50000000e+000 3.28125000e+001 1.00000000e+001 8.04297169e-004 2.15171923e-004 1.09476148e-004 9.23848197e-005 6.52189099e-005 5.86527560e-005 5.60477315e-005 4.11483229e-005 2.80907414e-005 
1.75000000e+000 2.18750000e+000 1.00000000e+001 2.06444929e-008 5.19432920e-007 1.12336929e-006 1.33145766e-006 1.84266004e-006 2.00547009e-006 2.07391450e-006 2.39755786e-006 2.50480817e-006 
1.75000000e+000 6.56250000e+000 1.00000000e+001 4.94119686e-008 8.05759497e-007 1.54622793e-006 1.78433482e-006 2.34510311e-006 2.51637999e-006 2.58727783e-006 2.89816565e-006 2.95260444e-006 
1.75000000e+000 1.09375000e+001 1.00000000e+001 1.80770773e-007 1.63653920e-006 2.61762845e-006 2.89784893e-006 3.51237620e-006 3.68490901e-006 3.75383792e-006 3.99295825e-006 3.89208942e-006 
1.75000000e+000 1.53125000e+001 1.00000000e+001 7.40786432e-007 3.66781150e-006 4.79822007e-006 5.06706770e-006 5.59646244e-006 5.71978861e-006 5.76421628e-006 5.76592245e-006 5.31534280e-006 
1.75000000e+000 1.96875000e+001 1.00000000e+001 3.33836343e-006 8.82225529e-006 9.32119273e-006 9.35508682e-006 9.33714053e-006 9.27183177e-006 9.23285747e-006 8.61999517e-006 7.44428179e-006 
1.75000000e+000 2.40625000e+001 1.00000000e+001 1.73082534e-005 2.35523648e-005 1.97535718e-005 1.87504538e-005 1.67314704e-005 1.60885134e-005 1.58078131e-005 1.36500900e-005 1.09257864e-005 
1.75000000e+000 2.84375000e+001 1.00000000e+001 1.84230565e-004 9.57556740e-005 5.83727466e-005 5.13064469e-005 3.91979302e-005 3.60379797e-005 3.47524797e-005 2.68860630e-005 1.93023677e-005 
1.75000000e+000 3.28125000e+001 1.00000000e+001 1.27591244e-003 2.56133349e-004 1.22026505e-004 1.01594908e-004 6.99662038e-005 6.25082831e-005 5.95717523e-005 4.30823439e-005 2.90076284e-005 
2.00000000e+000 2.18750000e+000 1.00000000e+001 6.40225975e-009 2.62487262e-007 6.69859835e-007 8.25814124e-007 1.23608554e-006 1.37573947e-006 1.43598348e-006 1.75244719e-006 1.93017188e-006 
2.00000000e+000 6.56250000e+000 1.00000000e+001 1.79441179e-008 4.37837142e-007 9.66283825e-007 1.15336734e-006 1.62249726e-006 1.77547502e-006 1.84048998e-006 2.16296217e-006 2.31060781e-006 
2.00000000e+000 1.09375000e+001 1.00000000e+001 7.99321654e-008 9.90104994e-007 1.76387117e-006 2.00446218e-006 2.56218462e-006 2.72997932e-006 2.79912587e-006 3.09374441e-006 3.13392775e-006 
2.00000000e+000 1.53125000e+001 1.00000000e+001 3.98607142e-007 2.48745890e-006 3.52084129e-006 3.78950529e-006 4.35023492e-006 4.49648685e-006 4.55286738e-006 4.68372028e-006 4.44230258e-006 
2.00000000e+000 1.96875000e+001 1.00000000e+001 2.20146972e-006 6.74539865e-006 7.49690042e-006 7.61621115e-006 7.79095294e-006 7.79206571e-006 7.78262844e-006 7.39659265e-006 6.50458779e-006 
2.00000000e+000 2.40625000e+001 1.00000000e+001 1.41308531e-005 2.04625752e-005 1.75482904e-005 1.67463830e-005 1.51046162e-005 1.45693381e-005 1.43337224e-005 1.24722809e-005 1.00605188e-005 
2.00000000e+000 2.84375000e+001 1.00000000e+001 2.09853348e-004 9.94530901e-005 5.94607646e-005 5.20478869e-005 3.94521654e-005 3.61918305e-005 3.48689458e-005 2.68326654e-005 1.91626210e-005 
2.00000000e+000 3.28125000e+001 1.00000000e+001 2.13124726e-003 3.10488730e-004 1.37443713e-004 1.12740315e-004 7.55762726e-005 6.70432258e-005 6.37102200e-005 4.53455465e-005 3.00929483e-005 
2.25000000e+000 2.18750000e+000 1.00000000e+001 1.99939390e-009 1.33058055e-007 4.00179168e-007 5.13017081e-007 8.30119754e-007 9.44696678e-007 9.95229206e-007 1.28180734e-006 1.48807846e-006 
2.25000000e+000 6.56250000e+000 1.00000000e+001 6.59680231e-009 2.39700506e-007 6.07020038e-007 7.48998186e-007 1.12652517e-006 1.25675786e-006 1.31330789e-006 1.61808435e-006 1.81128930e-006 
2.25000000e+000 1.09375000e+001 1.00000000e+001 3.57728996e-008 6.04802730e-007 1.19797873e-006 1.39670344e-006 1.88042348e-006 2.03401940e-006 2.09874090e-006 2.40777694e-006 2.53210248e-006 
2.25000000e+000 1.53125000e+001 1.00000000e+001 2.16919613e-007 1.70272504e-006 2.60530355e-006 2.85701354e-006 3.40597766e-006 3.55928868e-006 3.62048670e-006 3.82699438e-006 3.73050837e-006 
2.25000000e+000 1.96875000e+001 1.00000000e+001 1.46659399e-006 5.19999074e-006 6.07627109e-006 6.24752105e-006 6.54720140e-006 6.59407540e-006 6.60535878e-006 6.38686938e-006 5.71486994e-006 
2.25000000e+000 2.40625000e+001 1.00000000e+001 1.16369064e-005 1.78924137e-005 1.56839432e-005 1.50466423e-005 1.37166898e-005 1.32711762e-005 1.30732272e-005 1.14607656e-005 9.31312353e-006 
2.25000000e+000 2.84375000e+001 1.00000000e+001 2.44366223e-004 1.03940299e-004 6.08325373e-005 5.30170460e-005 3.98611167e-005 3.64855886e-005 3.51196913e-005 2.68825497e-005 1.90982284e-005 
2.25000000e+000 3.28125000e+001 1.00000000e+001 3.73347156e-003 3.83280621e-004 1.56404847e-004 1.26211813e-004 8.21580540e-005 7.23268203e-005 6.85192625e-005 4.79461915e-005 3.13394746e-005 
2.50000000e+000 2.18750000e+000 1.00000000e+001 6.28313393e-010 6.76513111e-008 2.39508099e-007 3.19202752e-007 5.58108107e-007 6.49354956e-007 6.90414005e-007 9.38213358e-007 1.14779327e-006 
2.50000000e+000 6.56250000e+000 1.00000000e+001 2.45054480e-009 1.32110415e-007 3.83175304e-007 4.88515353e-007 7.84786149e-007 8.92316914e-007 9.39894758e-007 1.21322665e-006 1.42222886e-006 
2.50000000e+000 1.09375000e+001 1.00000000e+001 1.61697779e-008 3.72427884e-007 8.19208968e-007 9.79481529e-007 1.38759165e-006 1.52325563e-006 1.58145666e-006 1.88164437e-006 2.05242810e-006 
2.50000000e+000 1.53125000e+001 1.00000000e+001 1.19162232e-007 1.17442599e-006 1.94125949e-006 2.16850609e-006 2.68307891e-006 2.83413969e-006 2.89583979e-006 3.14311254e-006 3.14631406e-006 
2.50000000e+000 1.96875000e+001 1.00000000e+001 9.85411982e-007 4.03548422e-006 4.95558998e-006 5.15620975e-006 5.53414562e-006 5.61225632e-006 5.63802272e-006 5.54424216e-006 5.04491444e-006 
2.50000000e+000 2.40625000e+001 1.00000000e+001 9.65461217e-006 1.57275942e-005 1.40858052e-005 1.35843075e-005 1.25148985e-005 1.21452403e-005 1.19792232e-005 1.05794445e-005 8.65906994e-006 
2.50000000e+000 2.84375000e+001 1.00000000e+001 2.91250890e-004 1.09298133e-004 6.24762169e-005 5.41953525e-005 4.04003904e-005 3.68945886e-005 3.54800928e-005 2.70135443e-005 1.90921916e-005 
2.50000000e+000 3.28125000e+001 1.00000000e+001 6.82724180e-003 4.81762193e-004 1.79809134e-004 1.42525882e-004 8.98626385e-005 7.84598243e-005 7.40830477e-005 5.09069553e-005 3.27474077e-005 
0.00000000e+000 2.18750000e+000 2.00000000e+001 1.12656619e-004 7.81889614e-005 4.96571640e-005 4.38138626e-005 3.35234135e-005 3.07963435e-005 2.96837613e-005 2.28561634e-005 1.62453418e-005 
0.00000000e+000 6.56250000e+000 2.00000000e+001 1.15510116e-004 7.99850838e-005 5.08401754e-005 4.48778769e-005 3.43652556e-005 3.15734710e-005 3.04336706e-005 2.34317804e-005 1.66495712e-005 
0.00000000e+000 1.09375000e+001 2.00000000e+001 1.21956771e-004 8.40398065e-005 5.34362909e-005 4.71876515e-005 3.61562572e-005 3.32195213e-005 3.20195413e-005 2.46413409e-005 1.74978159e-005 
0.00000000e+000 1.53125000e+001 2.00000000e+001 1.30754321e-004 8.95936277e-005 5.69086084e-005 5.02452008e-005 3.84753124e-005 3.53389738e-005 3.40571473e-005 2.61806940e-005 1.85738695e-005 
0.00000000e+000 1.96875000e+001 2.00000000e+001 1.43560103e-004 9.78287825e-005 6.20195113e-005 5.47233350e-005 4.18299925e-005 3.83945903e-005 3.69910227e-005 2.83860652e-005 2.01168165e-005 
0.00000000e+000 2.40625000e+001 2.00000000e+001 1.62029525e-004 1.09949643e-004 6.95692303e-005 6.13367776e-005 4.67759723e-005 4.28974668e-005 4.13138410e-005 3.16360512e-005 2.23964483e-005 
0.00000000e+000 2.84375000e+001 2.00000000e+001 1.85758316e-004 1.25599547e-004 7.93148237e-005 6.98722394e-005 5.31588709e-005 4.87093722e-005 4.68938665e-005 3.58352742e-005 2.53458477e-005 
0.00000000e+000 3.28125000e+001 2.00000000e+001 2.16843088e-004 1.46103741e-004 9.20915138e-005 8.10690877e-005 6.15507689e-005 5.63573347e-005 5.42395424e-005 4.13753700e-005 2.92413239e-005 
2.50000000e-001 2.18750000e+000 2.00000000e+001 3.08995594e-005 3.73789153e-005 2.85213826e-005 2.62763898e-005 2.19009687e-005 2.06142187e-005 2.00708581e-005 1.63860247e-005 1.23275594e-005 
2.50000000e-001 6.56250000e+000 2.00000000e+001 3.31609520e-005 3.90776947e-005 2.96460914e-005 2.72846100e-005 2.26955471e-005 2.13482106e-005 2.07795499e-005 1.69335402e-005 1.27157779e-005 
2.50000000e-001 1.09375000e+001 2.00000000e+001 3.83991783e-005 4.29379232e-005 3.21483532e-005 2.95094023e-005 2.44196298e-005 2.29341224e-005 2.23083166e-005 1.81056308e-005 1.35434214e-005 
2.50000000e-001 1.53125000e+001 2.00000000e+001 4.70098346e-005 4.88896472e-005 3.58562532e-005 3.27620837e-005 2.68664645e-005 2.51659026e-005 2.44523064e-005 1.97193717e-005 1.46667250e-005 
2.50000000e-001 1.96875000e+001 2.00000000e+001 6.15905991e-005 5.84542898e-005 4.16845689e-005 3.78375213e-005 3.06196143e-005 2.85717804e-005 2.77174179e-005 2.21503225e-005 1.63470470e-005 
2.50000000e-001 2.40625000e+001 2.00000000e+001 8.76713303e-005 7.43345705e-005 5.11321308e-005 4.60141337e-005 3.65863011e-005 3.39651589e-005 3.28794984e-005 2.59591281e-005 1.89602514e-005 
2.50000000e-001 2.84375000e+001 2.00000000e+001 1.47071542e-004 1.04958852e-004 6.81786155e-005 6.05186029e-005 4.68020821e-005 4.31023230e-005 4.15858565e-005 3.22109580e-005 2.31246932e-005 
2.50000000e-001 3.28125000e+001 2.00000000e+001 2.25748302e-004 1.43643346e-004 8.96387820e-005 7.87869447e-005 5.97014928e-005 5.46527312e-005 5.25973869e-005 4.01467221e-005 2.84341517e-005 
5.00000000e-001 2.18750000e+000 2.00000000e+001 8.56989241e-006 1.79338710e-005 1.64150379e-005 1.57859238e-005 1.43251146e-005 1.38132722e-005 1.35847599e-005 1.17560452e-005 9.35930331e-006 
5.00000000e-001 6.56250000e+000 2.00000000e+001 9.93131440e-006 1.93676036e-005 1.74292869e-005 1.67043533e-005 1.50615252e-005 1.44969434e-005 1.42462839e-005 1.22739383e-005 9.73138713e-006 
5.00000000e-001 1.09375000e+001 2.00000000e+001 1.32915124e-005 2.27025598e-005 1.97303693e-005 1.87715246e-005 1.66915529e-005 1.60034214e-005 1.57013418e-005 1.34024901e-005 1.05367227e-005 
5.00000000e-001 1.53125000e+001 2.00000000e+001 1.96455216e-005 2.83016069e-005 2.34043799e-005 2.20226758e-005 1.91710471e-005 1.82723887e-005 1.78838674e-005 1.50560075e-005 1.16918746e-005 
5.00000000e-001 1.96875000e+001 2.00000000e+001 3.21367754e-005 3.79886222e-005 2.95121370e-005 2.73710344e-005 2.31583738e-005 2.18966976e-005 2.13603999e-005 1.76491998e-005 1.34805873e-005 
5.00000000e-001 2.40625000e+001 2.00000000e+001 5.92011588e-005 5.58089771e-005 4.02058391e-005 3.66268003e-005 2.98975447e-005 2.79805073e-005 2.71795683e-005 2.19195708e-005 1.63824979e-005 
5.00000000e-001 2.84375000e+001 2.00000000e+001 1.44097430e-004 9.83681793e-005 6.33714392e-005 5.61978317e-005 4.34517645e-005 4.00357981e-005 3.86381182e-005 3.00123080e-005 2.16573451e-005 
5.00000000e-001 3.28125000e+001 2.00000000e+001 2.84128355e-004 1.55798078e-004 9.33390510e-005 8.13284341e-005 6.06584453e-005 5.53028321e-005 5.31366622e-005 4.02156102e-005 2.83045452e-005 
7.50000000e-001 2.18750000e+000 2.00000000e+001 2.40329318e-006 8.63548736e-006 9.46663654e-006 9.50001627e-006 9.38107312e-006 9.26591240e-006 9.20400772e-006 8.44046233e-006 7.10932062e-006 
7.50000000e-001 6.56250000e+000 2.00000000e+001 3.08705988e-006 9.73012077e-006 1.03280550e-005 1.02961130e-005 1.00427760e-005 9.88611663e-006 9.80646905e-006 8.92260748e-006 7.46254006e-006 
7.50000000e-001 1.09375000e+001 2.00000000e+001 4.93373895e-006 1.23663882e-005 1.23308698e-005 1.21298089e-005 1.15380613e-005 1.12802558e-005 1.11578342e-005 9.99162110e-006 8.23828993e-006 
7.50000000e-001 1.53125000e+001 2.00000000e+001 8.97962763e-006 1.71489547e-005 1.57362168e-005 1.51937011e-005 1.39444638e-005 1.34989511e-005 1.32984342e-005 1.16394667e-005 9.40328762e-006 
7.50000000e-001 1.96875000e+001 2.00000000e+001 1.84123239e-005 2.61223884e-005 2.17320758e-005 2.05072949e-005 1.79908055e-005 1.71965742e-005 1.68527743e-005 1.43190819e-005 1.12635313e-005 
7.50000000e-001 2.40625000e+001 2.00000000e+001 4.34622128e-005 4.44708333e-005 3.30634738e-005 3.03698428e-005 2.52382925e-005 2.37527798e-005 2.31285704e-005 1.89381065e-005 1.43995122e-005 
7.50000000e-001 2.84375000e+001 2.00000000e+001 1.49843874e-004 9.69922987e-005 6.14590401e-005 5.43050160e-005 4.17201338e-005 3.83818126e-005 3.70205054e-005 2.86837642e-005 2.06882847e-005 
7.50000000e-001 3.28125000e+001 2.00000000e+001 3.88811389e-004 1.76991927e-004 1.00779858e-004 8.68296545e-005 6.33974987e-005 5.74689293e-005 5.50891204e-005 4.11611718e-005 2.86564610e-005 
1.00000000e+000 2.18750000e+000 2.00000000e+001 6.81349052e-007 4.17313806e-006 5.47055711e-006 5.72701652e-006 6.15072699e-006 6.22216672e-006 6.24224599e-006 6.06440974e-006 5.40294841e-006 
1.00000000e+000 6.56250000e+000 2.00000000e+001 9.90195351e-007 4.95048281e-006 6.16638136e-006 6.38752126e-006 6.72718590e-006 6.76953754e-006 6.77677757e-006 6.50496458e-006 5.73409326e-006 
1.00000000e+000 1.09375000e+001 2.00000000e+001 1.92277793e-006 6.90681663e-006 7.83199679e-006 7.94982342e-006 8.05895161e-006 8.02594131e-006 8.00048003e-006 7.49894852e-006 6.47192953e-006 
1.00000000e+000 1.53125000e+001 2.00000000e+001 4.32265506e-006 1.07479773e-005 1.08378311e-005 1.07106936e-005 1.03120852e-005 1.01245969e-005 1.00336380e-005 9.09971792e-006 7.62466957e-006 
1.00000000e+000 1.96875000e+001 2.00000000e+001 1.10581658e-005 1.86317339e-005 1.64681974e-005 1.57749790e-005 1.42773932e-005 1.37751360e-005 1.35532456e-005 1.17962656e-005 9.51996462e-006 
1.00000000e+000 2.40625000e+001 2.00000000e+001 3.31479189e-005 3.66469227e-005 2.79875175e-005 2.58786659e-005 2.18090066e-005 2.06137904e-005 2.01091280e-005 1.66580746e-005 1.28356106e-005 
1.00000000e+000 2.84375000e+001 2.00000000e+001 1.60365125e-004 9.79746417e-005 6.09976268e-005 5.36733790e-005 4.09011054e-005 3.75450311e-005 3.61809484e-005 2.78997145e-005 2.00539302e-005 
1.00000000e+000 3.28125000e+001 2.00000000e+001 5.71166883e-004 2.07063633e-004 1.11262649e-004 9.46557794e-005 6.74705902e-005 6.07613191e-005 5.80891384e-005 4.27553437e-005 2.93707297e-005 
1.25000000e+000 2.18750000e+000 2.00000000e+001 1.95203138e-007 2.02392867e-006 3.16773121e-006 3.45845048e-006 4.03756605e-006 4.18270030e-006 4.23782989e-006 4.36041753e-006 4.10820073e-006 
1.25000000e+000 6.56250000e+000 2.00000000e+001 3.25928832e-007 2.54804892e-006 3.70799320e-006 3.98724764e-006 4.52623168e-006 4.65391248e-006 4.70089075e-006 4.75568465e-006 4.41461714e-006 
1.25000000e+000 1.09375000e+001 2.00000000e+001 7.74987306e-007 3.93761424e-006 5.04537546e-006 5.27618876e-006 5.68252312e-006 5.75993584e-006 5.78421179e-006 5.66369234e-006 5.10737911e-006 
1.25000000e+000 1.53125000e+001 2.00000000e+001 2.14791178e-006 6.90349409e-006 7.60807495e-006 7.68374014e-006 7.73379771e-006 7.69315130e-006 7.66610145e-006 7.18545795e-006 6.22872962e-006 
1.25000000e+000 1.96875000e+001 2.00000000e+001 6.82711907e-006 1.36108640e-005 1.27394185e-005 1.23734081e-005 1.15208628e-005 1.12093186e-005 1.10679454e-005 9.84250405e-006 8.12680660e-006 
1.25000000e+000 2.40625000e+001 2.00000000e+001 2.58517618e-005 3.08134622e-005 2.41417062e-005 2.24588508e-005 1.91625766e-005 1.81791254e-005 1.77617781e-005 1.48563459e-005 1.15725194e-005 
1.25000000e+000 2.84375000e+001 2.00000000e+001 1.75549287e-004 1.00338449e-004 6.13581088e-005 5.37641566e-005 4.06279211e-005 3.72054634e-005 3.58184378e-005 2.74669966e-005 1.96487146e-005 
1.25000000e+000 3.28125000e+001 2.00000000e+001 8.99696200e-004 2.48210714e-004 1.24869129e-004 1.04752093e-004 7.27277864e-005 6.50297978e-005 6.19886608e-005 4.48829092e-005 3.03771044e-005 
1.50000000e+000 2.18750000e+000 2.00000000e+001 5.64775901e-008 9.85076873e-007 1.83799192e-006 2.09209917e-006 2.65357647e-006 2.81470677e-006 2.87994770e-006 3.13750725e-006 3.12529171e-006 
1.50000000e+000 6.56250000e+000 2.00000000e+001 1.09567872e-007 1.32533213e-006 2.24467098e-006 2.50351087e-006 3.05833461e-006 3.21172903e-006 3.27283692e-006 3.48628048e-006 3.40528781e-006 
1.50000000e+000 1.09375000e+001 2.00000000e+001 3.19886595e-007 2.28253520e-006 3.29016930e-006 3.54054473e-006 4.04132183e-006 4.16629995e-006 4.21362205e-006 4.30275358e-006 4.04786965e-006 
1.50000000e+000 1.53125000e+001 2.00000000e+001 1.09019924e-006 4.51422919e-006 5.42161458e-006 5.59026392e-006 5.86889352e-006 5.91055334e-006 5.92039228e-006 5.72390470e-006 5.12280916e-006 
1.50000000e+000 1.96875000e+001 2.00000000e+001 4.29393981e-006 1.01062645e-005 1.00033839e-005 9.84630227e-006 9.41770333e-006 9.23527555e-006 9.14895965e-006 8.29909817e-006 6.99700601e-006 
1.50000000e+000 2.40625000e+001 2.00000000e+001 2.04768619e-005 2.62513114e-005 2.10913702e-005 1.97376482e-005 1.70404103e-005 1.62211066e-005 1.58714400e-005 1.33907585e-005 1.05296850e-005 
1.50000000e+000 2.84375000e+001 2.00000000e+001 1.96477629e-004 1.03751190e-004 6.22578048e-005 5.43213625e-005 4.07059713e-005 3.71878073e-005 3.57658513e-005 2.72695275e-005 1.94039201e-005 
1.50000000e+000 3.28125000e+001 2.00000000e+001 1.51816202e-003 3.04445831e-004 1.42126074e-004 1.17386914e-004 7.91864662e-005 7.02604500e-005 6.67643154e-005 4.74968857e-005 3.16370167e-005 
1.75000000e+000 2.18750000e+000 2.00000000e+001 1.64886223e-008 4.81130483e-007 1.06859435e-006 1.26773310e-006 1.74606932e-006 1.89613945e-006 1.95913158e-006 2.25921895e-006 2.37874268e-006 
1.75000000e+000 6.56250000e+000 2.00000000e+001 3.74745093e-008 6.95876676e-007 1.36732598e-006 1.58054506e-006 2.07488219e-006 2.22459800e-006 2.28660976e-006 2.56245348e-006 2.63164762e-006 
1.75000000e+000 1.09375000e+001 2.00000000e+001 1.34371093e-007 1.34102920e-006 2.16812119e-006 2.39872444e-006 2.89626627e-006 3.03505384e-006 3.09061452e-006 3.28663050e-006 3.22115800e-006 
1.75000000e+000 1.53125000e+001 2.00000000e+001 5.61979083e-007 2.99142075e-006 3.90941996e-006 4.11320231e-006 4.49761374e-006 4.58349210e-006 4.61397105e-006 4.59471001e-006 4.23887836e-006 
1.75000000e+000 1.96875000e+001 2.00000000e+001 2.73820500e-006 7.59211597e-006 7.94228791e-006 7.92055379e-006 7.77652757e-006 7.68370779e-006 7.63600225e-006 7.05838302e-006 6.06826505e-006 
1.75000000e+000 2.40625000e+001 2.00000000e+001 1.64146737e-005 2.25744667e-005 1.85936312e-005 1.75026268e-005 1.52871118e-005 1.46003561e-005 1.43053710e-005 1.21688487e-005 9.65152913e-006 
1.75000000e+000 2.84375000e+001 2.00000000e+001 2.25125041e-004 1.08131401e-004 6.35688246e-005 5.52213892e-005 4.10300236e-005 3.73943022e-005 3.59287902e-005 2.72366222e-005 1.92744100e-005 
1.75000000e+000 3.28125000e+001 2.00000000e+001 2.73785894e-003 3.81981685e-004 1.63914284e-004 1.33063087e-004 8.69719671e-005 7.65260295e-005 7.24717392e-005 5.05937960e-005 3.31329544e-005 
2.00000000e+000 2.18750000e+000 2.00000000e+001 4.85322632e-009 2.35796186e-007 6.22513442e-007 7.69508982e-007 1.15029120e-006 1.27869532e-006 1.33407323e-006 1.62797794e-006 1.81143296e-006 
2.00000000e+000 6.56250000e+000 2.00000000e+001 1.30010104e-008 3.68460752e-007 8.37714610e-007 1.00296986e-006 1.41310221e-006 1.54626175e-006 1.60293512e-006 1.88822977e-006 2.03748313e-006 
2.00000000e+000 1.09375000e+001 2.00000000e+001 5.72096179e-008 7.96501621e-007 1.44151318e-006 1.63865364e-006 2.08988045e-006 2.22511019e-006 2.28096480e-006 2.52304557e-006 2.57303841e-006 
2.00000000e+000 1.53125000e+001 2.00000000e+001 2.93207047e-007 2.00256979e-006 2.84551370e-006 3.05390588e-006 3.47496974e-006 3.58231220e-006 3.62353697e-006 3.71290924e-006 3.52654032e-006 
2.00000000e+000 1.96875000e+001 2.00000000e+001 1.76532637e-006 5.75383725e-006 6.35904539e-006 6.42445838e-006 6.47246864e-006 6.44267497e-006 6.42246033e-006 6.04586868e-006 5.29543238e-006 
2.00000000e+000 2.40625000e+001 2.00000000e+001 1.32880383e-005 1.95512971e-005 1.65023952e-005 1.56248782e-005 1.38053186e-005 1.32283977e-005 1.29788015e-005 1.11290868e-005 8.89915315e-006 
2.00000000e+000 2.84375000e+001 2.00000000e+001 2.64574568e-004 1.13516625e-004 6.52371906e-005 5.64057971e-005 4.15425742e-005 3.77697390e-005 3.62532352e-005 2.73247100e-005 1.92302670e-005 
2.00000000e+000 3.28125000e+001 2.00000000e+001 5.25668102e-003 4.90217008e-004 1.91491386e-004 1.52508522e-004 9.62941422e-005 8.39640681e-005 7.92246497e-005 5.42002584e-005 3.48619568e-005 
2.25000000e+000 2.18750000e+000 2.00000000e+001 1.43893657e-009 1.15942736e-007 3.63362576e-007 4.67878361e-007 7.58696824e-007 8.63220968e-007 9.09350769e-007 1.17396413e-006 1.38011352e-006 
2.25000000e+000 6.56250000e+000 2.00000000e+001 4.56453150e-009 1.96562516e-007 5.15974381e-007 6.39493180e-007 9.65905987e-007 1.07834564e-006 1.12726636e-006 1.39481884e-006 1.58026786e-006 
2.25000000e+000 1.09375000e+001 2.00000000e+001 2.46220803e-008 4.77306328e-007 9.65714128e-007 1.12744541e-006 1.51717709e-006 1.64063926e-006 1.69278363e-006 1.94575130e-006 2.06263077e-006 
2.25000000e+000 1.53125000e+001 2.00000000e+001 1.54494204e-007 1.35137802e-006 2.08674778e-006 2.28409402e-006 2.70314719e-006 2.81829708e-006 2.86420248e-006 3.01768707e-006 2.94811399e-006 
2.25000000e+000 1.96875000e+001 2.00000000e+001 1.14845411e-006 4.39106317e-006 5.12499099e-006 5.24495830e-006 5.42123511e-006 5.43587490e-006 5.43533999e-006 5.20894995e-006 4.64534200e-006 
2.25000000e+000 2.40625000e+001 2.00000000e+001 1.08471795e-005 1.70301952e-005 1.47234982e-005 1.40212389e-005 1.25313239e-005 1.20468791e-005 1.18356069e-005 1.02295033e-005 8.24490482e-006 
2.25000000e+000 2.84375000e+001 2.00000000e+001 3.19511814e-004 1.20018221e-004 6.72475692e-005 5.78504350e-005 4.22125118e-005 3.82829403e-005 3.67081899e-005 2.75066785e-005 1.92514901e-005 
2.25000000e+000 3.28125000e+001 2.00000000e+001 1.06901560e-002 6.43426294e-004 2.26585247e-004 1.76711491e-004 1.07443247e-004 9.27700652e-005 8.71874623e-005 5.83661480e-005 3.68316960e-005 
2.50000000e+000 2.18750000e+000 2.00000000e+001 4.29411998e-010 5.71906678e-008 2.12506605e-007 2.84954854e-007 5.01002114e-007 5.83354635e-007 6.20464467e-007 8.47181637e-007 1.05202211e-006 
2.50000000e+000 6.56250000e+000 2.00000000e+001 1.61885819e-009 1.05560846e-007 3.19359810e-007 4.09542354e-007 6.62500952e-007 7.54397612e-007 7.95157905e-007 1.03276736e-006 1.22776384e-006 
2.50000000e+000 1.09375000e+001 2.00000000e+001 1.06924150e-008 2.88137888e-007 6.51162553e-007 7.80510902e-007 1.10733604e-006 1.21585834e-006 1.26252458e-006 1.50683140e-006 1.65894565e-006 
2.50000000e+000 1.53125000e+001 2.00000000e+001 8.20866866e-008 9.17888054e-007 1.53970109e-006 1.71862763e-006 2.11473501e-006 2.22955445e-006 2.27643109e-006 2.46490970e-006 2.47515891e-006 
2.50000000e+000 1.96875000e+001 2.00000000e+001 7.52926057e-007 3.37018390e-006 4.15235869e-006 4.30448878e-006 4.56403753e-006 4.60972940e-006 4.62322339e-006 4.50969225e-006 4.09328901e-006 
2.50000000e+000 2.40625000e+001 2.00000000e+001 8.91937358e-006 1.49053997e-005 1.31924818e-005 1.26349790e-005 1.14216165e-005 1.10158035e-005 1.08372393e-005 9.44071728e-006 7.66879619e-006 
2.50000000e+000 2.84375000e+001 2.00000000e+001 3.97046132e-004 1.27808153e-004 6.96074691e-005 5.95508684e-005 4.30239734e-005 3.89167915e-005 3.72762178e-005 2.77655977e-005 1.93246103e-005 
2.50000000e+000 3.28125000e+001 2.00000000e+001 2.28858418e-002 8.63510645e-004 2.71551411e-004 2.06990389e-004 1.20797693e-004 1.03199694e-004 9.65759622e-005 6.31617020e-005 3.90582001e-005 
END