TITLE="3SCB_EB_E_WD245.dat"
VARIABLES= "Density" "Radius" "Height" "0.1053" "0.356" "0.6617" "0.7889" "1.1732" "1.3325" "1.408" "2" "3" 
ZONE T="3D Data" I=11 J=8 K=3 F=POINT
0.00000000e+000 8.75000000e+000 0.00000000e+000 1.04596090e-004 7.16633518e-005 4.57073426e-005 4.04501601e-005 3.12027633e-005 2.87374913e-005 2.77278841e-005 2.14561797e-005 1.52630313e-005 
0.00000000e+000 1.51554446e+001 0.00000000e+000 1.40222734e-004 9.51493070e-005 6.08566209e-005 5.38939621e-005 4.15487431e-005 3.82313329e-005 3.68706891e-005 2.84372044e-005 2.02037683e-005 
0.00000000e+000 1.95655948e+001 0.00000000e+000 1.77665140e-004 1.20043284e-004 7.65156521e-005 6.76487104e-005 5.19069752e-005 4.76846469e-005 4.59557771e-005 3.53152354e-005 2.50670729e-005 
0.00000000e+000 2.31503240e+001 0.00000000e+000 2.09679523e-004 1.41254457e-004 8.97809057e-005 7.92802851e-005 6.06373857e-005 5.56465267e-005 5.36055312e-005 4.11006137e-005 2.91548212e-005 
0.00000000e+000 2.62500000e+001 0.00000000e+000 2.34262306e-004 1.57563644e-004 1.00020225e-004 8.82748465e-005 6.74219707e-005 6.18443519e-005 5.95646747e-005 4.56250713e-005 3.23565213e-005 
0.00000000e+000 2.90204669e+001 0.00000000e+000 2.52651259e-004 1.69739843e-004 1.07722788e-004 9.50644815e-005 7.25894239e-005 6.65786604e-005 6.41222115e-005 4.91077594e-005 3.48274706e-005 
0.00000000e+000 3.15485737e+001 0.00000000e+000 2.64098272e-004 1.77357269e-004 1.12632296e-004 9.94268551e-005 7.59763852e-005 6.97011042e-005 6.71357944e-005 5.14410187e-005 3.64902978e-005 
0.00000000e+000 3.38886043e+001 0.00000000e+000 2.72383965e-004 1.82839166e-004 1.16236257e-004 1.02658106e-004 7.85414838e-005 7.20819533e-005 6.94399807e-005 5.32493044e-005 3.77828585e-005 
2.50000000e-001 8.75000000e+000 0.00000000e+000 3.31210442e-005 3.69344235e-005 2.77361731e-005 2.55127364e-005 2.12486438e-005 2.00013929e-005 1.94742728e-005 1.58835403e-005 1.18915330e-005 
2.50000000e-001 1.51554446e+001 0.00000000e+000 5.17851479e-005 5.29616199e-005 3.90159803e-005 3.57371509e-005 2.94683591e-005 2.76416843e-005 2.68717711e-005 2.17125403e-005 1.61423608e-005 
2.50000000e-001 1.95655948e+001 0.00000000e+000 7.68821855e-005 7.25782774e-005 5.20820946e-005 4.73796521e-005 3.84959392e-005 3.59501308e-005 3.48844094e-005 2.78995074e-005 2.05939993e-005 
2.50000000e-001 2.31503240e+001 0.00000000e+000 1.07318736e-004 9.34035215e-005 6.52306038e-005 5.89392701e-005 4.72196199e-005 4.39173394e-005 4.25435417e-005 3.37056189e-005 2.46957096e-005 
2.50000000e-001 2.62500000e+001 0.00000000e+000 1.46694036e-004 1.16173621e-004 7.86866988e-005 7.05807035e-005 5.57270980e-005 5.16154238e-005 4.99152603e-005 3.91640908e-005 2.84520274e-005 
2.50000000e-001 2.90204669e+001 0.00000000e+000 2.06299542e-004 1.45275441e-004 9.46585234e-005 8.41379097e-005 6.52459575e-005 6.01249556e-005 5.80220552e-005 4.49762514e-005 3.23039268e-005 
2.50000000e-001 3.15485737e+001 0.00000000e+000 2.48342045e-004 1.65183207e-004 1.05576357e-004 9.34219684e-005 7.18062548e-005 6.60033626e-005 6.36278152e-005 4.90157089e-005 3.49811441e-005 
2.50000000e-001 3.38886043e+001 0.00000000e+000 2.76694519e-004 1.78305181e-004 1.12871098e-004 9.96703099e-005 7.63107557e-005 7.00674376e-005 6.75147927e-005 5.18642430e-005 3.68907212e-005 
5.00000000e-001 8.75000000e+000 0.00000000e+000 1.11847535e-005 1.94560640e-005 1.70414448e-005 1.62625975e-005 1.45768262e-005 1.40124243e-005 1.37628192e-005 1.18113834e-005 9.29362738e-006 
5.00000000e-001 1.51554446e+001 0.00000000e+000 2.18621429e-005 3.10089830e-005 2.57692859e-005 2.43103596e-005 2.12809234e-005 2.03103033e-005 1.98877852e-005 1.67659937e-005 1.29989478e-005 
5.00000000e-001 1.95655948e+001 0.00000000e+000 3.94740463e-005 4.70549686e-005 3.69837209e-005 3.44207169e-005 2.93094117e-005 2.77499299e-005 2.70828562e-005 2.24113010e-005 1.71181011e-005 
5.00000000e-001 2.31503240e+001 0.00000000e+000 6.65743695e-005 6.72052895e-005 4.99552885e-005 4.58720335e-005 3.80169890e-005 3.57174173e-005 3.47478096e-005 2.82405780e-005 2.12386657e-005 
5.00000000e-001 2.62500000e+001 0.00000000e+000 1.12898005e-004 9.44949517e-005 6.59356284e-005 5.96439778e-005 4.79794652e-005 4.46990892e-005 4.33345423e-005 3.45268311e-005 2.55002153e-005 
5.00000000e-001 2.90204669e+001 0.00000000e+000 2.03991181e-004 1.37553941e-004 8.89930309e-005 7.90582111e-005 6.13435637e-005 5.65653737e-005 5.46053828e-005 4.24480780e-005 3.06222875e-005 
5.00000000e-001 3.15485737e+001 0.00000000e+000 2.76913694e-004 1.68408580e-004 1.05198872e-004 9.26751571e-005 7.07103421e-005 6.48868276e-005 6.25115507e-005 4.80141098e-005 3.42171104e-005 
5.00000000e-001 3.38886043e+001 0.00000000e+000 3.32992940e-004 1.89477311e-004 1.16090661e-004 1.01830309e-004 7.70509083e-005 7.05387603e-005 6.78897222e-005 5.18377312e-005 3.67046357e-005 
7.50000000e-001 8.75000000e+000 0.00000000e+000 3.99563093e-006 1.04624563e-005 1.05965002e-005 1.04728357e-005 1.00717414e-005 9.87959272e-006 9.78569849e-006 8.82217398e-006 7.28555904e-006 
7.50000000e-001 1.51554446e+001 0.00000000e+000 1.00836358e-005 1.89187051e-005 1.74649766e-005 1.69127823e-005 1.56207001e-005 1.51439980e-005 1.49267409e-005 1.30824034e-005 1.05452648e-005 
7.50000000e-001 1.95655948e+001 0.00000000e+000 2.22617123e-005 3.20868421e-005 2.71589210e-005 2.57587635e-005 2.28151446e-005 2.18556547e-005 2.14357082e-005 1.82688229e-005 1.43799090e-005 
7.50000000e-001 2.31503240e+001 0.00000000e+000 4.51163742e-005 5.10487126e-005 3.97429432e-005 3.69410930e-005 3.14209443e-005 2.97541366e-005 2.90434232e-005 2.40888687e-005 1.85067116e-005 
7.50000000e-001 2.62500000e+001 0.00000000e+000 9.37765066e-005 8.11796071e-005 5.75605477e-005 5.23148054e-005 4.25470360e-005 3.97798525e-005 3.86252986e-005 3.10801972e-005 2.32144653e-005 
7.50000000e-001 2.90204669e+001 0.00000000e+000 2.12731535e-004 1.36394604e-004 8.68772363e-005 7.69297030e-005 5.93679711e-005 5.46761206e-005 5.27572080e-005 4.09298542e-005 2.95122265e-005 
7.50000000e-001 3.15485737e+001 0.00000000e+000 3.26292324e-004 1.78804532e-004 1.08321908e-004 9.47854907e-005 7.14233501e-005 6.53268204e-005 6.28526499e-005 4.79366880e-005 3.39697371e-005 
7.50000000e-001 3.38886043e+001 0.00000000e+000 4.30718624e-004 2.09973755e-004 1.23299167e-004 1.07159119e-004 7.97028212e-005 7.26349192e-005 6.97784676e-005 5.27459626e-005 3.70294818e-005 
1.00000000e+000 8.75000000e+000 0.00000000e+000 1.49650436e-006 5.73474774e-006 6.66447143e-006 6.81069178e-006 7.00736157e-006 7.00897265e-006 6.99903586e-006 6.61801338e-006 5.72858170e-006 
1.00000000e+000 1.51554446e+001 0.00000000e+000 4.92289830e-006 1.19219672e-005 1.20978451e-005 1.19956187e-005 1.16329521e-005 1.14411405e-005 1.13452376e-005 1.03064013e-005 8.61395685e-006 
1.00000000e+000 1.95655948e+001 0.00000000e+000 1.32401758e-005 2.26712558e-005 2.04684061e-005 1.97338725e-005 1.80883490e-005 1.75059936e-005 1.72439727e-005 1.50828732e-005 1.21941519e-005 
1.00000000e+000 2.31503240e+001 0.00000000e+000 3.19846016e-005 4.01332798e-005 3.24833881e-005 3.04975575e-005 2.64994110e-005 2.52568773e-005 2.47215543e-005 2.08513959e-005 1.63075072e-005 
1.00000000e+000 2.62500000e+001 0.00000000e+000 8.05804922e-005 7.19087811e-005 5.15798490e-005 4.70288629e-005 3.85273926e-005 3.61072750e-005 3.50955961e-005 2.84290523e-005 2.14016194e-005 
1.00000000e+000 2.90204669e+001 0.00000000e+000 2.26853516e-004 1.38245567e-004 8.65988858e-005 7.63863157e-005 5.85151755e-005 5.37849123e-005 5.18562581e-005 4.00622058e-005 2.87959298e-005 
1.00000000e+000 3.15485737e+001 0.00000000e+000 3.97903649e-004 1.93904871e-004 1.13622283e-004 9.86799367e-005 7.32970431e-005 6.67779445e-005 6.41458746e-005 4.84874795e-005 3.40911129e-005 
1.00000000e+000 3.38886043e+001 0.00000000e+000 5.88598536e-004 2.38801177e-004 1.33592831e-004 1.14884469e-004 8.37647882e-005 7.59272846e-005 7.27816425e-005 5.43482118e-005 3.77424445e-005 
1.25000000e+000 8.75000000e+000 0.00000000e+000 5.82660154e-007 3.19874181e-006 4.23676449e-006 4.47049783e-006 4.90791453e-006 5.00223688e-006 5.03453539e-006 4.98547373e-006 4.51763548e-006 
1.25000000e+000 1.51554446e+001 0.00000000e+000 2.49580146e-006 7.70338176e-006 8.53353073e-006 8.64821744e-006 8.77363074e-006 8.74465082e-006 8.72003297e-006 8.19038266e-006 7.08149689e-006 
1.25000000e+000 1.95655948e+001 0.00000000e+000 8.14052779e-006 1.64262090e-005 1.57357887e-005 1.53980669e-005 1.45572855e-005 1.42190404e-005 1.40607752e-005 1.25894196e-005 1.04273012e-005 
1.25000000e+000 2.31503240e+001 0.00000000e+000 2.32936589e-005 3.22702151e-005 2.70639056e-005 2.56371896e-005 2.26969380e-005 2.17548069e-005 2.13445412e-005 1.82656645e-005 1.45060628e-005 
1.25000000e+000 2.62500000e+001 0.00000000e+000 7.05489554e-005 6.48674791e-005 4.70113059e-005 4.29758488e-005 3.54076224e-005 3.32428395e-005 3.23363561e-005 2.63228787e-005 1.99301554e-005 
1.25000000e+000 2.90204669e+001 0.00000000e+000 2.45664613e-004 1.41789881e-004 8.73677501e-005 7.67631415e-005 5.83490867e-005 5.35154130e-005 5.15501282e-005 3.96247200e-005 2.83554424e-005 
1.25000000e+000 3.15485737e+001 0.00000000e+000 5.00289102e-004 2.13236665e-004 1.20579608e-004 1.03894636e-004 7.60022365e-005 6.89514273e-005 6.61191323e-005 4.94910810e-005 3.44853095e-005 
1.25000000e+000 3.38886043e+001 0.00000000e+000 8.44996336e-004 2.77134429e-004 1.46839848e-004 1.24810022e-004 8.90295234e-005 8.02228493e-005 7.67135211e-005 5.65132536e-005 3.87676399e-005 
1.50000000e+000 8.75000000e+000 0.00000000e+000 2.34114414e-007 1.81256446e-006 2.72061049e-006 2.96023515e-006 3.45943473e-006 3.59057868e-006 3.64132638e-006 3.77099885e-006 3.57293877e-006 
1.50000000e+000 1.51554446e+001 0.00000000e+000 1.29939642e-006 5.07498684e-006 6.11013081e-006 6.32096075e-006 6.69024344e-006 6.75206076e-006 6.76854777e-006 6.56000531e-006 5.85606402e-006 
1.50000000e+000 1.95655948e+001 0.00000000e+000 5.12083483e-006 1.21202945e-005 1.22837772e-005 1.21886514e-005 1.18592094e-005 1.16827294e-005 1.15942102e-005 1.06066298e-005 8.98215856e-006 
1.50000000e+000 2.31503240e+001 0.00000000e+000 1.72768984e-005 2.63529157e-005 2.28638294e-005 2.18403103e-005 1.96721121e-005 1.89523662e-005 1.86351644e-005 1.61559556e-005 1.30065411e-005 
1.50000000e+000 2.62500000e+001 0.00000000e+000 6.25083506e-005 5.92047720e-005 4.33393193e-005 3.97156284e-005 3.28870485e-005 3.09233081e-005 3.00995152e-005 2.46000640e-005 1.87095040e-005 
1.50000000e+000 2.90204669e+001 0.00000000e+000 2.69908327e-004 1.46525963e-004 8.88066798e-005 7.77266982e-005 5.86279752e-005 5.36528337e-005 5.16352080e-005 3.94804159e-005 2.81118193e-005 
1.50000000e+000 3.15485737e+001 0.00000000e+000 6.48086317e-004 2.37147977e-004 1.29042713e-004 1.10258428e-004 7.93790857e-005 7.16989624e-005 6.86296230e-005 5.08444311e-005 3.50902182e-005 
1.50000000e+000 3.38886043e+001 0.00000000e+000 1.26816711e-003 3.27453658e-004 1.63315723e-004 1.37045457e-004 9.54540590e-005 8.54629009e-005 8.15113156e-005 5.91769520e-005 4.00600636e-005 
1.75000000e+000 8.75000000e+000 0.00000000e+000 9.65021191e-008 1.04169842e-006 1.76340282e-006 1.97633704e-006 2.45326601e-006 2.59145699e-006 2.64750487e-006 2.86363574e-006 2.83372931e-006 
1.75000000e+000 1.51554446e+001 0.00000000e+000 6.90085375e-007 3.39452396e-006 4.42921897e-006 4.67321930e-006 5.15020035e-006 5.25995461e-006 5.29920409e-006 5.29116886e-006 4.86890510e-006 
1.75000000e+000 1.95655948e+001 0.00000000e+000 3.27637745e-006 9.06616787e-006 9.70388502e-006 9.75813416e-006 9.75764883e-006 9.69008647e-006 9.64923325e-006 9.00727239e-006 7.78722388e-006 
1.75000000e+000 2.31503240e+001 0.00000000e+000 1.29889707e-005 2.17641901e-005 1.95161929e-005 1.87931701e-005 1.72080117e-005 1.66585518e-005 1.64129454e-005 1.44023843e-005 1.17400548e-005 
1.75000000e+000 2.62500000e+001 0.00000000e+000 5.58445239e-005 5.44756218e-005 4.02760938e-005 3.69965405e-005 3.07833569e-005 2.89859393e-005 2.82304167e-005 2.31543549e-005 1.76765297e-005 
1.75000000e+000 2.90204669e+001 0.00000000e+000 3.01169024e-004 1.52282255e-004 9.07321481e-005 7.91059580e-005 5.92151313e-005 5.40723004e-005 5.19917491e-005 3.95430223e-005 2.80117383e-005 
1.75000000e+000 3.15485737e+001 0.00000000e+000 8.64628522e-004 2.66449102e-004 1.39048280e-004 1.17751486e-004 8.33610421e-005 7.49515095e-005 7.16082835e-005 5.24886087e-005 3.58659485e-005 
1.75000000e+000 3.38886043e+001 0.00000000e+000 1.97924589e-003 3.93469111e-004 1.83567918e-004 1.51894863e-004 1.03095816e-004 9.16710105e-005 8.71877784e-005 6.23177832e-005 4.15954154e-005 
2.00000000e+000 8.75000000e+000 0.00000000e+000 4.06161672e-008 6.06253010e-007 1.15287141e-006 1.32958791e-006 1.74975340e-006 1.88012948e-006 1.93457094e-006 2.18286873e-006 2.25359391e-006 
2.00000000e+000 1.51554446e+001 0.00000000e+000 3.72256106e-007 2.29811886e-006 3.24363184e-006 3.48831347e-006 3.99718214e-006 4.12927599e-006 4.18008559e-006 4.29454576e-006 4.06815147e-006 
2.00000000e+000 1.95655948e+001 0.00000000e+000 2.12427132e-006 6.85396372e-006 7.73851294e-006 7.88342905e-006 8.09415048e-006 8.10044046e-006 8.09245978e-006 7.70083914e-006 6.78932035e-006 
2.00000000e+000 2.31503240e+001 0.00000000e+000 9.87005227e-006 1.81293236e-005 1.67913430e-005 1.62967985e-005 1.51620068e-005 1.47461333e-005 1.45569677e-005 1.29215001e-005 1.06564340e-005 
2.00000000e+000 2.62500000e+001 0.00000000e+000 5.01907484e-005 5.04229150e-005 3.76506812e-005 3.46668650e-005 2.89819737e-005 2.73269141e-005 2.66297406e-005 2.19144559e-005 1.67866398e-005 
2.00000000e+000 2.90204669e+001 0.00000000e+000 3.41901602e-004 1.59041173e-004 9.30565323e-005 8.08130533e-005 6.00320865e-005 5.47001079e-005 5.25482595e-005 3.97575134e-005 2.80188525e-005 
2.00000000e+000 3.15485737e+001 0.00000000e+000 1.18701131e-003 3.02329697e-004 1.50745246e-004 1.26441880e-004 8.79358787e-005 7.86867661e-005 7.50298107e-005 5.43922275e-005 3.67873817e-005 
2.00000000e+000 3.38886043e+001 0.00000000e+000 3.19553475e-003 4.80386323e-004 2.08381006e-004 1.69817524e-004 1.12082282e-004 9.89269202e-005 9.38068792e-005 6.59427691e-005 4.33636477e-005 
2.25000000e+000 8.75000000e+000 0.00000000e+000 1.73906070e-008 3.56792978e-007 7.59721451e-007 9.00854905e-007 1.25476288e-006 1.37081402e-006 1.42034857e-006 1.67001665e-006 1.79697479e-006 
2.25000000e+000 1.51554446e+001 0.00000000e+000 2.03380458e-007 1.57120795e-006 2.39566008e-006 2.62494371e-006 3.12421079e-006 3.26340968e-006 3.31894169e-006 3.50510995e-006 3.41437168e-006 
2.25000000e+000 1.95655948e+001 0.00000000e+000 1.39223406e-006 5.22579274e-006 6.21845312e-006 6.41600212e-006 6.75962924e-006 6.81583192e-006 6.83053390e-006 6.62185190e-006 5.94844787e-006 
2.25000000e+000 2.31503240e+001 0.00000000e+000 7.56625725e-006 1.52047026e-005 1.45378324e-005 1.42189863e-005 1.34370519e-005 1.31277278e-005 1.29838285e-005 1.16539927e-005 9.71863459e-006 
2.25000000e+000 2.62500000e+001 0.00000000e+000 4.53094951e-005 4.68850811e-005 3.53553036e-005 3.26302437e-005 2.74082027e-005 2.58778166e-005 2.52317108e-005 2.08314895e-005 1.60078968e-005 
2.25000000e+000 2.90204669e+001 0.00000000e+000 3.95698247e-004 1.66872292e-004 9.57430970e-005 8.28049885e-005 6.10336578e-005 5.54924216e-005 5.32616819e-005 4.00884114e-005 2.81081675e-005 
2.25000000e+000 3.15485737e+001 0.00000000e+000 1.67463186e-003 3.46385704e-004 1.64365376e-004 1.36457830e-004 9.31256636e-005 8.29117971e-005 7.88964027e-005 5.65415992e-005 3.78393709e-005 
2.25000000e+000 3.38886043e+001 0.00000000e+000 5.31137536e-003 5.95407738e-004 2.38791624e-004 1.91424534e-004 1.22598318e-004 1.07354372e-004 1.01472053e-004 7.00795241e-005 4.53648884e-005 
2.50000000e+000 8.75000000e+000 0.00000000e+000 7.55321799e-009 2.12070331e-007 5.04297034e-007 6.14388411e-007 9.04398785e-007 1.00415127e-006 1.04751171e-006 1.28212656e-006 1.43654972e-006 
2.50000000e+000 1.51554446e+001 0.00000000e+000 1.12309165e-007 1.08301934e-006 1.78206639e-006 1.98881984e-006 2.45678653e-006 2.59415908e-006 2.65027788e-006 2.87499155e-006 2.87735641e-006 
2.50000000e+000 1.95655948e+001 0.00000000e+000 9.20736046e-007 4.01239143e-006 5.02850381e-006 5.25364543e-006 5.67702604e-006 5.76642325e-006 5.79662780e-006 5.72213713e-006 5.23416858e-006 
2.50000000e+000 2.31503240e+001 0.00000000e+000 5.84369125e-006 1.28233130e-005 1.26510873e-005 1.24680852e-005 1.19649052e-005 1.17414979e-005 1.16343294e-005 1.05568115e-005 8.89891331e-006 
2.50000000e+000 2.62500000e+001 0.00000000e+000 4.10390440e-005 4.37534909e-005 3.33182112e-005 3.08224069e-005 2.60115396e-005 2.45920646e-005 2.39913918e-005 1.98711949e-005 1.53170906e-005 
2.50000000e+000 2.90204669e+001 0.00000000e+000 4.67748490e-004 1.75907363e-004 9.87845850e-005 8.50646149e-005 6.21943719e-005 5.64233656e-005 5.41061765e-005 4.05126787e-005 2.82623588e-005 
2.50000000e+000 3.15485737e+001 0.00000000e+000 2.42337939e-003 4.00705863e-004 1.80215385e-004 1.47977051e-004 9.89766241e-005 8.76538112e-005 8.32289674e-005 5.89348854e-005 3.90136318e-005 
2.50000000e+000 3.38886043e+001 0.00000000e+000 9.05004613e-003 7.48488061e-004 2.76134279e-004 2.17496004e-004 1.34883233e-004 1.17116754e-004 1.10321540e-004 7.47719533e-005 4.76068886e-005 
0.00000000e+000 8.75000000e+000 1.00000000e+001 1.13174879e-004 7.79133139e-005 4.95704120e-005 4.37908746e-005 3.35948540e-005 3.08803441e-005 2.97707946e-005 2.29359662e-005 1.62924697e-005 
0.00000000e+000 1.51554446e+001 1.00000000e+001 1.34919211e-004 9.21229687e-005 5.88366977e-005 5.20606696e-005 4.00519117e-005 3.68318440e-005 3.55125301e-005 2.73591061e-005 1.94321043e-005 
0.00000000e+000 1.95655948e+001 1.00000000e+001 1.56921301e-004 1.06631532e-004 6.80652826e-005 6.02115020e-005 4.62748893e-005 4.25349947e-005 4.10028660e-005 3.15507072e-005 2.24026839e-005 
0.00000000e+000 2.31503240e+001 1.00000000e+001 1.74297659e-004 1.18026221e-004 7.52739230e-005 6.65690491e-005 5.11182525e-005 4.69726839e-005 4.52747881e-005 3.48131067e-005 2.47146360e-005 
0.00000000e+000 2.62500000e+001 1.00000000e+001 1.87724876e-004 1.26880106e-004 8.08757185e-005 7.15125347e-005 5.48950931e-005 5.04376779e-005 4.86123395e-005 3.73713777e-005 2.65313531e-005 
0.00000000e+000 2.90204669e+001 1.00000000e+001 1.99593888e-004 1.34772519e-004 8.58691194e-005 7.59175878e-005 5.82607543e-005 5.35265096e-005 5.15881238e-005 3.96554828e-005 2.81545196e-005 
0.00000000e+000 3.15485737e+001 1.00000000e+001 2.08409354e-004 1.40684021e-004 8.96083509e-005 7.92165284e-005 6.07847077e-005 5.58448052e-005 5.38224728e-005 4.13747033e-005 2.93764150e-005 
0.00000000e+000 3.38886043e+001 1.00000000e+001 2.16758168e-004 1.46297759e-004 9.31390373e-005 8.23262122e-005 6.31563154e-005 5.80215806e-005 5.59198580e-005 4.29863530e-005 3.05197678e-005 
2.50000000e-001 8.75000000e+000 1.00000000e+001 3.53653195e-005 3.98431682e-005 2.98988481e-005 2.74642738e-005 2.27671807e-005 2.13940888e-005 2.08150823e-005 1.69127585e-005 1.26520552e-005 
2.50000000e-001 1.51554446e+001 1.00000000e+001 4.94407907e-005 5.09774987e-005 3.75298674e-005 3.43535055e-005 2.82812655e-005 2.65161817e-005 2.57731648e-005 2.08107269e-005 1.54756425e-005 
2.50000000e-001 1.95655948e+001 1.00000000e+001 6.71096274e-005 6.38719103e-005 4.59590890e-005 4.18482132e-005 3.40847492e-005 3.18574283e-005 3.09242079e-005 2.47831954e-005 1.83149178e-005 
2.50000000e-001 2.31503240e+001 1.00000000e+001 8.73838579e-005 7.68425138e-005 5.39870816e-005 4.88879806e-005 3.93856057e-005 3.66974806e-005 3.55765729e-005 2.83027500e-005 2.07803125e-005 
2.50000000e-001 2.62500000e+001 1.00000000e+001 1.13896749e-004 9.14410020e-005 6.24516840e-005 5.61880857e-005 4.46986997e-005 4.15009970e-005 4.01747381e-005 3.16957149e-005 2.30927594e-005 
2.50000000e-001 2.90204669e+001 1.00000000e+001 1.57074564e-004 1.12329886e-004 7.38478313e-005 6.58508617e-005 5.14742396e-005 4.75564133e-005 4.59427691e-005 3.58235885e-005 2.58114409e-005 
2.50000000e-001 3.15485737e+001 1.00000000e+001 1.88979833e-004 1.27736169e-004 8.22776349e-005 7.30056227e-005 5.65061212e-005 5.20589691e-005 5.02340261e-005 3.89055990e-005 2.78464463e-005 
2.50000000e-001 3.38886043e+001 1.00000000e+001 2.13134326e-004 1.39508896e-004 8.87987011e-005 7.85629716e-005 6.04564620e-005 5.56076844e-005 5.36222202e-005 4.13685381e-005 2.94959162e-005 
5.00000000e-001 8.75000000e+000 1.00000000e+001 1.17995104e-005 2.08339275e-005 1.82641325e-005 1.74119386e-005 1.55456756e-005 1.49214058e-005 1.46462694e-005 1.25289093e-005 9.85632356e-006 
5.00000000e-001 1.51554446e+001 1.00000000e+001 2.08821333e-005 2.97799544e-005 2.47160513e-005 2.32990119e-005 2.03599610e-005 1.94226043e-005 1.90154049e-005 1.60217439e-005 1.24285731e-005 
5.00000000e-001 1.95655948e+001 1.00000000e+001 3.45806772e-005 4.13220804e-005 3.25166909e-005 3.02835125e-005 2.58416848e-005 2.44867174e-005 2.39067281e-005 1.98262169e-005 1.51661382e-005 
5.00000000e-001 2.31503240e+001 1.00000000e+001 5.42569328e-005 5.50126629e-005 4.10802211e-005 3.77991383e-005 3.14992387e-005 2.96492885e-005 2.88674177e-005 2.35668281e-005 1.77703097e-005 
5.00000000e-001 2.62500000e+001 1.00000000e+001 8.71771555e-005 7.36732913e-005 5.18035485e-005 4.70046042e-005 3.81134265e-005 3.56008700e-005 3.45524401e-005 2.77008002e-005 2.05349444e-005 
5.00000000e-001 2.90204669e+001 1.00000000e+001 1.53749623e-004 1.05117584e-004 6.86198913e-005 6.11666886e-005 4.78737473e-005 4.42705190e-005 4.27880240e-005 3.34856425e-005 2.42550251e-005 
5.00000000e-001 3.15485737e+001 1.00000000e+001 2.07768917e-004 1.28621434e-004 8.10282264e-005 7.15994891e-005 5.50574958e-005 5.06543578e-005 4.88539491e-005 3.77575052e-005 2.70103513e-005 
5.00000000e-001 3.38886043e+001 1.00000000e+001 2.53198418e-004 1.46609864e-004 9.03805906e-005 7.94493160e-005 6.04638547e-005 5.54648974e-005 5.34282625e-005 4.10006593e-005 2.91246327e-005 
7.50000000e-001 8.75000000e+000 1.00000000e+001 4.16791112e-006 1.11249774e-005 1.12938542e-005 1.11547004e-005 1.06926649e-005 1.04750913e-005 1.03698103e-005 9.32341032e-006 7.70242774e-006 
7.50000000e-001 1.51554446e+001 1.00000000e+001 9.65964353e-006 1.81700467e-005 1.67305759e-005 1.61844942e-005 1.49144274e-005 1.44512438e-005 1.42410409e-005 1.24731638e-005 1.00604970e-005 
7.50000000e-001 1.95655948e+001 1.00000000e+001 1.96523550e-005 2.82358966e-005 2.38658929e-005 2.26374263e-005 2.00733939e-005 1.92407022e-005 1.88763038e-005 1.61174436e-005 1.27047467e-005 
7.50000000e-001 2.31503240e+001 1.00000000e+001 3.70075792e-005 4.18147919e-005 3.26152865e-005 3.03595506e-005 2.59400194e-005 2.46049154e-005 2.40346069e-005 2.00186663e-005 1.54201197e-005 
7.50000000e-001 2.62500000e+001 1.00000000e+001 7.24764613e-005 6.31034778e-005 4.50035070e-005 4.10117513e-005 3.36005832e-005 3.14946656e-005 3.06136395e-005 2.47854657e-005 1.85847754e-005 
7.50000000e-001 2.90204669e+001 1.00000000e+001 1.59450053e-004 1.03640665e-004 6.65619485e-005 5.91322594e-005 4.60223898e-005 4.25057025e-005 4.10634682e-005 3.20751624e-005 2.32264099e-005 
7.50000000e-001 3.15485737e+001 1.00000000e+001 2.42112119e-004 1.35510916e-004 8.28245714e-005 7.27014996e-005 5.52244730e-005 5.06465163e-005 4.87841717e-005 3.74490468e-005 2.66474867e-005 
7.50000000e-001 3.38886043e+001 1.00000000e+001 3.24832612e-004 1.61345941e-004 9.53562550e-005 8.30583496e-005 6.21471177e-005 5.67545801e-005 5.45720169e-005 4.14695067e-005 2.92154862e-005 
1.00000000e+000 8.75000000e+000 1.00000000e+001 1.54402688e-006 6.05689472e-006 7.06515156e-006 7.21774340e-006 7.40681933e-006 7.40032464e-006 7.38634316e-006 6.96871707e-006 6.03774150e-006 
1.00000000e+000 1.51554446e+001 1.00000000e+001 4.72683920e-006 1.14643767e-005 1.15880126e-005 1.14737629e-005 1.10940639e-005 1.09031926e-005 1.08089025e-005 9.80992058e-006 8.20365511e-006 
1.00000000e+000 1.95655948e+001 1.00000000e+001 1.17738179e-005 2.00301622e-005 1.80121615e-005 1.73554431e-005 1.59058512e-005 1.53979581e-005 1.51698388e-005 1.32853608e-005 1.07529255e-005 
1.00000000e+000 2.31503240e+001 1.00000000e+001 2.64181818e-005 3.29779990e-005 2.66716051e-005 2.50597029e-005 2.18445472e-005 2.08481206e-005 2.04184202e-005 1.72839462e-005 1.35481884e-005 
1.00000000e+000 2.62500000e+001 1.00000000e+001 6.24194758e-005 5.58846972e-005 4.02477175e-005 3.67776551e-005 3.03248043e-005 2.84854697e-005 2.77149040e-005 2.25795527e-005 1.70602040e-005 
1.00000000e+000 2.90204669e+001 1.00000000e+001 1.69112819e-004 1.04673301e-004 6.60945344e-005 5.84820879e-005 4.51686920e-005 4.16319673e-005 4.01862809e-005 3.12529631e-005 2.25569135e-005 
1.00000000e+000 3.15485737e+001 1.00000000e+001 2.91962833e-004 1.46034552e-004 8.64097523e-005 7.52921780e-005 5.63896740e-005 5.15154496e-005 4.95427534e-005 3.76970318e-005 2.66158983e-005 
1.00000000e+000 3.38886043e+001 1.00000000e+001 4.41944589e-004 1.82548846e-004 1.02818980e-004 8.86237651e-005 6.50145625e-005 5.90574870e-005 5.66630990e-005 4.25403418e-005 2.96487905e-005 
1.25000000e+000 8.75000000e+000 1.00000000e+001 5.94633347e-007 3.35637737e-006 4.46827956e-006 4.71467325e-006 5.16565257e-006 5.26003758e-006 5.29189889e-006 5.23111933e-006 4.74709215e-006 
1.25000000e+000 1.51554446e+001 1.00000000e+001 2.39818877e-006 7.41948918e-006 8.17856781e-006 8.27379899e-006 8.36278023e-006 8.32740246e-006 8.30107405e-006 7.78657571e-006 6.73504970e-006 
1.25000000e+000 1.95655948e+001 1.00000000e+001 7.28097668e-006 1.45790559e-005 1.38818578e-005 1.35671641e-005 1.28074677e-005 1.25087794e-005 1.23696851e-005 1.10810646e-005 9.18383408e-006 
1.25000000e+000 2.31503240e+001 1.00000000e+001 1.93592916e-005 2.66243257e-005 2.22637255e-005 2.10921744e-005 1.87084700e-005 1.79493477e-005 1.76187821e-005 1.51200846e-005 1.20286185e-005 
1.25000000e+000 2.62500000e+001 1.00000000e+001 5.47925305e-005 5.04572314e-005 3.66653213e-005 3.35781456e-005 2.78202417e-005 2.61731805e-005 2.54822903e-005 2.08516554e-005 1.58386780e-005 
1.25000000e+000 2.90204669e+001 1.00000000e+001 1.81962871e-004 1.07042728e-004 6.65022710e-005 5.86110017e-005 4.49110610e-005 4.13015406e-005 3.98303320e-005 3.08133810e-005 2.21356933e-005 
1.25000000e+000 3.15485737e+001 1.00000000e+001 3.62851084e-004 1.59640713e-004 9.12795535e-005 7.89264740e-005 5.82398075e-005 5.29864580e-005 5.08708695e-005 3.83343965e-005 2.68239846e-005 
1.25000000e+000 3.38886043e+001 1.00000000e+001 6.34611290e-004 2.10998791e-004 1.12581423e-004 9.59199441e-005 6.88546414e-005 6.21793515e-005 5.95154209e-005 4.40839246e-005 3.03503605e-005 
1.50000000e+000 8.75000000e+000 1.00000000e+001 2.36292470e-007 1.88970633e-006 2.85484000e-006 3.10716678e-006 3.62604381e-006 3.76064697e-006 3.81255797e-006 3.94313778e-006 3.74331351e-006 
1.50000000e+000 1.51554446e+001 1.00000000e+001 1.24742567e-006 4.89499040e-006 5.86110302e-006 6.05087316e-006 6.37633840e-006 6.42796036e-006 6.44088748e-006 6.23160378e-006 5.56384162e-006 
1.50000000e+000 1.95655948e+001 1.00000000e+001 4.59938691e-006 1.08053393e-005 1.08685149e-005 1.07652271e-005 1.04462040e-005 1.02862304e-005 1.02069403e-005 9.33523851e-006 7.90608718e-006 
1.50000000e+000 2.31503240e+001 1.00000000e+001 1.44347194e-005 2.18335842e-005 1.88562690e-005 1.80041272e-005 1.62279397e-005 1.56439565e-005 1.53868519e-005 1.33671222e-005 1.07731201e-005 
1.50000000e+000 2.62500000e+001 1.00000000e+001 4.86828221e-005 4.61136221e-005 3.38109791e-005 3.10291966e-005 2.58190542e-005 2.43219201e-005 2.36929783e-005 1.94546293e-005 1.48367878e-005 
1.50000000e+000 2.90204669e+001 1.00000000e+001 1.98341558e-004 1.10301540e-004 6.74485768e-005 5.92199117e-005 4.50299266e-005 4.13185310e-005 3.98096075e-005 3.06300228e-005 2.18892592e-005 
1.50000000e+000 3.15485737e+001 1.00000000e+001 4.64501633e-004 1.76482739e-004 9.72658265e-005 8.34285558e-005 6.06201888e-005 5.49170117e-005 5.26315755e-005 3.92629495e-005 2.72126059e-005 
1.50000000e+000 3.38886043e+001 1.00000000e+001 9.57796878e-004 2.48583700e-004 1.24821442e-004 1.04999327e-004 7.36087250e-005 6.60516374e-005 6.30582671e-005 4.60347647e-005 3.12756424e-005 
1.75000000e+000 8.75000000e+000 1.00000000e+001 9.63019546e-008 1.07914090e-006 1.84128508e-006 2.06484547e-006 2.56102807e-006 2.70368147e-006 2.76144972e-006 2.98422933e-006 2.96023882e-006 
1.75000000e+000 1.51554446e+001 1.00000000e+001 6.60895068e-007 3.27747873e-006 4.25263760e-006 4.47680692e-006 4.90936655e-006 5.00738024e-006 5.04219116e-006 5.02375536e-006 4.62242908e-006 
1.75000000e+000 1.95655948e+001 1.00000000e+001 2.95091085e-006 8.11519473e-006 8.61204668e-006 8.64114993e-006 8.60869025e-006 8.54261153e-006 8.50434662e-006 7.93080708e-006 6.85313749e-006 
1.75000000e+000 2.31503240e+001 1.00000000e+001 1.08999582e-005 1.81044979e-005 1.61401118e-005 1.55282884e-005 1.42136264e-005 1.37640406e-005 1.35635030e-005 1.19175632e-005 9.71901650e-006 
1.75000000e+000 2.62500000e+001 1.00000000e+001 4.36196770e-005 4.24939515e-005 3.14421646e-005 2.89162385e-005 2.41619337e-005 2.27884704e-005 2.22104653e-005 1.82931360e-005 1.39970785e-005 
1.75000000e+000 2.90204669e+001 1.00000000e+001 2.19159314e-004 1.14285156e-004 6.87703412e-005 6.01566900e-005 4.54025086e-005 4.15703407e-005 4.00159423e-005 3.06241194e-005 2.17684271e-005 
1.75000000e+000 3.15485737e+001 1.00000000e+001 6.12427663e-004 1.97077238e-004 1.04364320e-004 8.87571490e-005 6.34616539e-005 5.72377664e-005 5.47562000e-005 4.04259707e-005 2.77437379e-005 
1.75000000e+000 3.38886043e+001 1.00000000e+001 1.51182073e-003 2.98205937e-004 1.39950585e-004 1.16084259e-004 7.93090358e-005 7.06809690e-005 6.72901766e-005 4.83671923e-005 3.23997147e-005 
2.00000000e+000 8.75000000e+000 1.00000000e+001 4.00633221e-008 6.24064789e-007 1.19794251e-006 1.38282244e-006 1.81938167e-006 1.95410113e-006 2.01030656e-006 2.26725018e-006 2.34749047e-006 
2.00000000e+000 1.51554446e+001 1.00000000e+001 3.55211795e-007 2.21997532e-006 3.11684311e-006 3.34406906e-006 3.81138614e-006 3.93154565e-006 3.97764574e-006 4.07630435e-006 3.86010503e-006 
2.00000000e+000 1.95655948e+001 1.00000000e+001 1.91621131e-006 6.15651570e-006 6.88800304e-006 6.99932007e-006 7.15373945e-006 7.15191823e-006 7.14215700e-006 6.78541238e-006 5.97597441e-006 
2.00000000e+000 2.31503240e+001 1.00000000e+001 8.31246261e-006 1.51373363e-005 1.39255838e-005 1.34984712e-005 1.25432857e-005 1.21996885e-005 1.20439318e-005 1.06976826e-005 8.82122600e-006 
2.00000000e+000 2.62500000e+001 1.00000000e+001 3.93233443e-005 3.93946288e-005 2.94179499e-005 2.71126255e-005 2.27506044e-005 2.14830598e-005 2.09485813e-005 1.73041298e-005 1.32794556e-005 
2.00000000e+000 2.90204669e+001 1.00000000e+001 2.45867068e-004 1.18954752e-004 7.03882115e-005 6.13427854e-005 4.59588099e-005 4.19910469e-005 4.03853054e-005 3.07458951e-005 2.17399616e-005 
2.00000000e+000 3.15485737e+001 1.00000000e+001 8.31247180e-004 2.22215178e-004 1.12663143e-004 9.49455333e-005 6.67434574e-005 5.99215099e-005 5.72156905e-005 4.17922137e-005 2.83932424e-005 
2.00000000e+000 3.38886043e+001 1.00000000e+001 2.48225757e-003 3.64002677e-004 1.58578293e-004 1.29528284e-004 8.60492728e-005 7.61238421e-005 7.22553856e-005 5.10816890e-005 3.37109841e-005 
2.25000000e+000 8.75000000e+000 1.00000000e+001 1.69506273e-008 3.64938560e-007 7.85624460e-007 9.32720961e-007 1.29961592e-006 1.41943185e-006 1.47054579e-006 1.72892258e-006 1.86659603e-006 
2.25000000e+000 1.51554446e+001 1.00000000e+001 1.93162435e-007 1.51768823e-006 2.30338858e-006 2.51785998e-006 2.97995214e-006 3.10777753e-006 3.15868872e-006 3.32647097e-006 3.23852609e-006 
2.25000000e+000 1.95655948e+001 1.00000000e+001 1.25650546e-006 4.70785044e-006 5.55006242e-006 5.71064849e-006 5.98516299e-006 6.02732764e-006 6.03744341e-006 5.84007987e-006 5.23807460e-006 
2.25000000e+000 2.31503240e+001 1.00000000e+001 6.39060227e-006 1.27388408e-005 1.20894915e-005 1.18060090e-005 1.11350835e-005 1.08766049e-005 1.07569784e-005 9.65582316e-006 8.04686781e-006 
2.25000000e+000 2.62500000e+001 1.00000000e+001 3.56122028e-005 3.66896289e-005 2.76511184e-005 2.55394043e-005 2.15220945e-005 2.03475059e-005 1.98511843e-005 1.64450017e-005 1.26555466e-005 
2.25000000e+000 2.90204669e+001 1.00000000e+001 2.80600828e-004 1.24338266e-004 7.22659879e-005 6.27383793e-005 4.66584704e-005 4.25415363e-005 4.08792692e-005 3.09634892e-005 2.17811881e-005 
2.25000000e+000 3.15485737e+001 1.00000000e+001 1.16032012e-003 2.52967956e-004 1.22314184e-004 1.02075114e-004 7.04743238e-005 6.29666958e-005 6.00051869e-005 4.33465016e-005 2.91462375e-005 
2.25000000e+000 3.38886043e+001 1.00000000e+001 4.21724727e-003 4.51781551e-004 1.81522518e-004 1.45811188e-004 9.39721504e-005 8.24747786e-005 7.80324112e-005 5.41971852e-005 3.52072213e-005 
2.50000000e+000 8.75000000e+000 1.00000000e+001 7.27289839e-009 2.15520000e-007 5.18994301e-007 6.33291169e-007 9.33131571e-007 1.03594264e-006 1.08061854e-006 1.32309511e-006 1.48808554e-006 
2.50000000e+000 1.51554446e+001 1.00000000e+001 1.06078056e-007 1.04550032e-006 1.71398807e-006 1.90842625e-006 2.34399891e-006 2.47093508e-006 2.52271842e-006 2.72826193e-006 2.72845885e-006 
2.50000000e+000 1.95655948e+001 1.00000000e+001 8.30654253e-007 3.62342431e-006 4.49899880e-006 4.68680449e-006 5.03556328e-006 5.10747168e-006 5.13135959e-006 5.05181430e-006 4.61188787e-006 
2.50000000e+000 2.31503240e+001 1.00000000e+001 4.94679739e-006 1.07769437e-005 1.05476792e-005 1.03764881e-005 9.93226800e-006 9.74294356e-006 9.65283491e-006 8.75498459e-006 7.37160861e-006 
2.50000000e+000 2.62500000e+001 1.00000000e+001 3.23617879e-005 3.42950718e-005 2.60844722e-005 2.41447286e-005 2.04344870e-005 1.93427962e-005 1.88804966e-005 1.56862920e-005 1.21049758e-005 
2.50000000e+000 2.90204669e+001 1.00000000e+001 3.26450262e-004 1.30507824e-004 7.43915812e-005 6.43253289e-005 4.74783445e-005 4.31985391e-005 4.14746564e-005 3.12562967e-005 2.18764955e-005 
2.50000000e+000 3.15485737e+001 1.00000000e+001 1.66315258e-003 2.90740517e-004 1.33523948e-004 1.10264686e-004 7.46828307e-005 6.63887173e-005 6.31357049e-005 4.50841727e-005 2.99941204e-005 
2.50000000e+000 3.38886043e+001 1.00000000e+001 7.37833520e-003 5.69690266e-004 2.09848589e-004 1.65553048e-004 1.03266173e-004 8.98619171e-005 8.47294038e-005 5.77468896e-005 3.68930879e-005 
0.00000000e+000 8.75000000e+000 2.00000000e+001 1.29001521e-004 8.82626981e-005 5.57112070e-005 4.90386645e-005 3.72364456e-005 3.41045837e-005 3.28285287e-005 2.50766926e-005 1.77378847e-005 
0.00000000e+000 1.51554446e+001 2.00000000e+001 1.38319254e-004 9.42482698e-005 5.95660451e-005 5.24818235e-005 3.99564604e-005 3.66255003e-005 3.52665280e-005 2.69801589e-005 1.90951321e-005 
0.00000000e+000 1.95655948e+001 2.00000000e+001 1.48851134e-004 1.01012364e-004 6.38540521e-005 5.62781962e-005 4.28839856e-005 3.93186261e-005 3.78633026e-005 2.89785756e-005 2.05116674e-005 
0.00000000e+000 2.31503240e+001 2.00000000e+001 1.59122652e-004 1.07622698e-004 6.79958256e-005 5.99247311e-005 4.56566441e-005 4.18585897e-005 4.03082826e-005 3.08450533e-005 2.18306897e-005 
0.00000000e+000 2.62500000e+001 2.00000000e+001 1.70548632e-004 1.15052080e-004 7.26385051e-005 6.40024136e-005 4.87343181e-005 4.46708846e-005 4.30125662e-005 3.28982820e-005 2.32788445e-005 
0.00000000e+000 2.90204669e+001 2.00000000e+001 1.84202088e-004 1.24026419e-004 7.82514874e-005 6.89298206e-005 5.24449910e-005 4.80583867e-005 4.62685880e-005 3.53642743e-005 2.50162140e-005 
0.00000000e+000 3.15485737e+001 2.00000000e+001 1.98279517e-004 1.33325478e-004 8.40629443e-005 7.40278791e-005 5.62760138e-005 5.15530944e-005 4.96265526e-005 3.79027803e-005 2.68028973e-005 
0.00000000e+000 3.38886043e+001 2.00000000e+001 2.13815896e-004 1.43601018e-004 9.04789024e-005 7.96542520e-005 6.05007591e-005 5.54060229e-005 5.33283344e-005 4.06994375e-005 2.87702657e-005 
2.50000000e-001 8.75000000e+000 2.00000000e+001 3.85263869e-005 4.39628861e-005 3.29380648e-005 3.01922944e-005 2.48464156e-005 2.32835796e-005 2.26264728e-005 1.82657839e-005 1.36343867e-005 
2.50000000e-001 1.51554446e+001 2.00000000e+001 4.93738863e-005 5.12574657e-005 3.74705051e-005 3.41812796e-005 2.78928439e-005 2.60801533e-005 2.53207400e-005 2.03285022e-005 1.50849738e-005 
2.50000000e-001 1.95655948e+001 2.00000000e+001 6.32414333e-005 6.00579058e-005 4.28023627e-005 3.88317914e-005 3.13630179e-005 2.92418718e-005 2.83572349e-005 2.26133202e-005 1.66717326e-005 
2.50000000e-001 2.31503240e+001 2.00000000e+001 8.06350406e-005 7.02200340e-005 4.87330891e-005 4.39468037e-005 3.50823245e-005 3.26034849e-005 3.15748342e-005 2.49877328e-005 1.82926600e-005 
2.50000000e-001 2.62500000e+001 2.00000000e+001 1.06265330e-004 8.39517976e-005 5.64785717e-005 5.05639290e-005 3.97917906e-005 3.68313649e-005 3.56099557e-005 2.79145020e-005 2.02582352e-005 
2.50000000e-001 2.90204669e+001 2.00000000e+001 1.50049148e-004 1.05353529e-004 6.81278657e-005 6.04230117e-005 4.66651242e-005 4.29616614e-005 4.14443043e-005 3.20720636e-005 2.29969146e-005 
2.50000000e-001 3.15485737e+001 2.00000000e+001 1.89473628e-004 1.24662074e-004 7.87754201e-005 6.94702599e-005 5.30273456e-005 4.86512738e-005 4.68654704e-005 3.59641134e-005 2.55854878e-005 
2.50000000e-001 3.38886043e+001 2.00000000e+001 2.26866226e-004 1.42809039e-004 8.88891297e-005 7.80965456e-005 5.91494245e-005 5.41430187e-005 5.21052059e-005 3.97602143e-005 2.81401396e-005 
5.00000000e-001 8.75000000e+000 2.00000000e+001 1.23055276e-005 2.24041851e-005 1.97299554e-005 1.87969702e-005 1.67080198e-005 1.60059901e-005 1.56975101e-005 1.33681640e-005 1.05146132e-005 
5.00000000e-001 1.51554446e+001 2.00000000e+001 2.04513704e-005 2.95355815e-005 2.43949489e-005 2.29295785e-005 1.98830253e-005 1.89216913e-005 1.85066855e-005 1.55181137e-005 1.20258925e-005 
5.00000000e-001 1.95655948e+001 2.00000000e+001 3.26408700e-005 3.88024020e-005 3.01946103e-005 2.80066326e-005 2.36794230e-005 2.23786882e-005 2.18255457e-005 1.80066169e-005 1.37446355e-005 
5.00000000e-001 2.31503240e+001 2.00000000e+001 5.08617428e-005 5.07036713e-005 3.72475871e-005 3.40918742e-005 2.80872247e-005 2.63533850e-005 2.56256706e-005 2.07866931e-005 1.56192870e-005 
5.00000000e-001 2.62500000e+001 2.00000000e+001 8.32311112e-005 6.87213178e-005 4.73568226e-005 4.26947578e-005 3.41387547e-005 3.17618533e-005 3.07770729e-005 2.44703209e-005 1.80468027e-005 
5.00000000e-001 2.90204669e+001 2.00000000e+001 1.50375181e-004 1.00378703e-004 6.41646934e-005 5.68080083e-005 4.37949367e-005 4.03200290e-005 3.88994990e-005 3.01521835e-005 2.17023096e-005 
5.00000000e-001 3.15485737e+001 2.00000000e+001 2.17738831e-004 1.29090056e-004 7.92227037e-005 6.94415583e-005 5.24453843e-005 4.79935264e-005 4.61856951e-005 3.52711805e-005 2.50227887e-005 
5.00000000e-001 3.38886043e+001 2.00000000e+001 2.90950923e-004 1.56590273e-004 9.33427095e-005 8.12554782e-005 6.05146041e-005 5.51524621e-005 5.29846216e-005 4.00628546e-005 2.81553837e-005 
7.50000000e-001 8.75000000e+000 2.00000000e+001 4.16573869e-006 1.16655604e-005 1.19673720e-005 1.18288009e-005 1.13203198e-005 1.10773187e-005 1.09603127e-005 9.82946281e-006 8.13491330e-006 
7.50000000e-001 1.51554446e+001 2.00000000e+001 9.27320212e-006 1.78060429e-005 1.63500480e-005 1.57773645e-005 1.44392116e-005 1.39602114e-005 1.37449597e-005 1.19889351e-005 9.66904980e-006 
7.50000000e-001 1.95655948e+001 2.00000000e+001 1.84960667e-005 2.65179262e-005 2.21431131e-005 2.09090642e-005 1.83522228e-005 1.75395210e-005 1.71872078e-005 1.45916975e-005 1.14760956e-005 
7.50000000e-001 2.31503240e+001 2.00000000e+001 3.49580928e-005 3.88660051e-005 2.97506064e-005 2.75220846e-005 2.31996964e-005 2.19216815e-005 2.13807141e-005 1.76703717e-005 1.35518521e-005 
7.50000000e-001 2.62500000e+001 2.00000000e+001 7.00675885e-005 5.96289081e-005 4.15764179e-005 3.76095573e-005 3.03134009e-005 2.82795970e-005 2.74358018e-005 2.19904277e-005 1.63820195e-005 
7.50000000e-001 2.90204669e+001 2.00000000e+001 1.58350818e-004 1.00318324e-004 6.29641793e-005 5.55136378e-005 4.24733285e-005 3.90295222e-005 3.76268499e-005 2.90639257e-005 2.08842411e-005 
7.50000000e-001 3.15485737e+001 2.00000000e+001 2.64337138e-004 1.39447667e-004 8.25693610e-005 7.17867701e-005 5.33806351e-005 4.86457175e-005 4.67342118e-005 3.53641887e-005 2.49030197e-005 
7.50000000e-001 3.38886043e+001 2.00000000e+001 4.05223042e-004 1.79841939e-004 1.01610387e-004 8.74093076e-005 6.36534589e-005 5.76633149e-005 5.52607527e-005 4.12219670e-005 2.86366635e-005 
1.00000000e+000 8.75000000e+000 2.00000000e+001 1.47989576e-006 6.19563816e-006 7.34576605e-006 7.52043474e-006 7.72594404e-006 7.71637553e-006 7.70031310e-006 7.26044865e-006 6.31376682e-006 
1.00000000e+000 1.51554446e+001 2.00000000e+001 4.43507334e-006 1.11042464e-005 1.12216072e-005 1.10888366e-005 1.06565807e-005 1.04525096e-005 1.03538332e-005 9.36337580e-006 7.83548781e-006 
1.00000000e+000 1.95655948e+001 2.00000000e+001 1.09835068e-005 1.87961083e-005 1.67060115e-005 1.60216123e-005 1.45236235e-005 1.40151647e-005 1.37898847e-005 1.20013452e-005 9.68931121e-006 
1.00000000e+000 2.31503240e+001 2.00000000e+001 2.49736622e-005 3.08369373e-005 2.44649292e-005 2.28334612e-005 1.96080935e-005 1.86329243e-005 1.82169825e-005 1.52824638e-005 1.19161587e-005 
1.00000000e+000 2.62500000e+001 2.00000000e+001 6.07288880e-005 5.32977956e-005 3.75109457e-005 3.40087546e-005 2.75472443e-005 2.57409556e-005 2.49909230e-005 2.01291484e-005 1.50923926e-005 
1.00000000e+000 2.90204669e+001 2.00000000e+001 1.70025906e-004 1.02363617e-004 6.31083191e-005 5.53955057e-005 4.20108026e-005 3.85097147e-005 3.70884775e-005 2.84912078e-005 2.03841500e-005 
1.00000000e+000 3.15485737e+001 2.00000000e+001 3.32310596e-004 1.53842900e-004 8.77164471e-005 7.56014774e-005 5.52717627e-005 5.01321398e-005 4.80690433e-005 3.59799979e-005 2.50928477e-005 
1.00000000e+000 3.38886043e+001 2.00000000e+001 6.02488618e-004 2.12685073e-004 1.13096945e-004 9.60033666e-005 6.81648708e-005 6.13254923e-005 5.86047655e-005 4.30314571e-005 2.94758511e-005 
1.25000000e+000 8.75000000e+000 2.00000000e+001 5.46689913e-007 3.35023666e-006 4.55959312e-006 4.82785456e-006 5.30974924e-006 5.40894526e-006 5.44239207e-006 5.38662635e-006 4.91553264e-006 
1.25000000e+000 1.51554446e+001 2.00000000e+001 2.19283301e-006 7.09946803e-006 7.84987171e-006 7.93018242e-006 7.97415333e-006 7.92646588e-006 7.89579646e-006 7.38399246e-006 6.39553837e-006 
1.25000000e+000 1.95655948e+001 2.00000000e+001 6.70160736e-006 1.36447806e-005 1.28647858e-005 1.25156864e-005 1.16835340e-005 1.13729739e-005 1.12313156e-005 9.99405703e-006 8.26014297e-006 
1.25000000e+000 2.31503240e+001 2.00000000e+001 1.82312408e-005 2.49786247e-005 2.05101924e-005 1.92996706e-005 1.68517524e-005 1.60929281e-005 1.57666168e-005 1.33972684e-005 1.05936940e-005 
1.25000000e+000 2.62500000e+001 2.00000000e+001 5.34669812e-005 4.84261526e-005 3.44070444e-005 3.12598869e-005 2.54252264e-005 2.37873523e-005 2.31064830e-005 1.86756305e-005 1.40647945e-005 
1.25000000e+000 2.90204669e+001 2.00000000e+001 1.85054446e-004 1.05559430e-004 6.39834347e-005 5.59283925e-005 4.20507797e-005 3.84498363e-005 3.69921849e-005 2.82470145e-005 2.00999105e-005 
1.25000000e+000 3.15485737e+001 2.00000000e+001 4.31302085e-004 1.72098471e-004 9.42790813e-005 8.05283863e-005 5.78498709e-005 5.22137060e-005 4.99637167e-005 3.69685109e-005 2.55083376e-005 
1.25000000e+000 3.38886043e+001 2.00000000e+001 9.50110495e-004 2.57545050e-004 1.27957805e-004 1.07038199e-004 7.39297325e-005 6.60146594e-005 6.28926013e-005 4.53905993e-005 3.06102679e-005 
1.50000000e+000 8.75000000e+000 2.00000000e+001 2.08391878e-007 1.84106386e-006 2.85976448e-006 3.12763331e-006 3.67353701e-006 3.81430972e-006 3.86865855e-006 4.01354514e-006 3.83854263e-006 
1.50000000e+000 1.51554446e+001 2.00000000e+001 1.10897802e-006 4.62325082e-006 5.57493134e-006 5.75167713e-006 6.03688455e-006 6.07668512e-006 6.08522237e-006 5.87314385e-006 5.25449883e-006 
1.50000000e+000 1.95655948e+001 2.00000000e+001 4.16335121e-006 1.00670265e-005 1.00551108e-005 9.91779860e-006 9.51951162e-006 9.34212545e-006 9.25735260e-006 8.40835096e-006 7.10048721e-006 
1.50000000e+000 2.31503240e+001 2.00000000e+001 1.35016487e-005 2.05052146e-005 1.74214178e-005 1.65246839e-005 1.46603404e-005 1.40649123e-005 1.38064326e-005 1.18691815e-005 9.50288389e-006 
1.50000000e+000 2.62500000e+001 2.00000000e+001 4.75524414e-005 4.44448229e-005 3.18934742e-005 2.90392455e-005 2.37159437e-005 2.22134709e-005 2.15879220e-005 1.74990204e-005 1.32237746e-005 
1.50000000e+000 2.90204669e+001 2.00000000e+001 2.04052487e-004 1.09572772e-004 6.53145809e-005 5.68637246e-005 4.24047746e-005 3.86802382e-005 3.71762949e-005 2.82192489e-005 1.99651764e-005 
1.50000000e+000 3.15485737e+001 2.00000000e+001 5.77745502e-004 1.94732867e-004 1.02187192e-004 8.64622542e-005 6.09955544e-005 5.47763050e-005 5.23071747e-005 3.82454755e-005 2.60969085e-005 
1.50000000e+000 3.38886043e+001 2.00000000e+001 1.58009706e-003 3.18618600e-004 1.46782110e-004 1.20827445e-004 8.09888039e-005 7.17361208e-005 6.81185806e-005 4.82627904e-005 3.20067934e-005 
1.75000000e+000 8.75000000e+000 2.00000000e+001 8.14676356e-008 1.02634166e-006 1.81095316e-006 2.04343428e-006 2.55760315e-006 2.70520291e-006 2.76507156e-006 3.00283096e-006 3.00635659e-006 
1.75000000e+000 1.51554446e+001 2.00000000e+001 5.70275175e-007 3.05261511e-006 4.00712709e-006 4.21934715e-006 4.61518444e-006 4.70184212e-006 4.73226681e-006 4.70670129e-006 4.34262396e-006 
1.75000000e+000 1.95655948e+001 2.00000000e+001 2.62092386e-006 7.51362352e-006 7.94584318e-006 7.94396807e-006 7.83392546e-006 7.74826510e-006 7.70311923e-006 7.13427767e-006 6.14708092e-006 
1.75000000e+000 2.31503240e+001 2.00000000e+001 1.01058355e-005 1.69897859e-005 1.49351211e-005 1.42795850e-005 1.28691418e-005 1.24019445e-005 1.21968207e-005 1.06023293e-005 8.58684892e-006 
1.75000000e+000 2.62500000e+001 2.00000000e+001 4.25961927e-005 4.10696383e-005 2.97739886e-005 2.71713326e-005 2.22856098e-005 2.08980105e-005 2.03192081e-005 1.65165101e-005 1.25183902e-005 
1.75000000e+000 2.90204669e+001 2.00000000e+001 2.28230702e-004 1.14304209e-004 6.69761098e-005 5.80810702e-005 4.29710494e-005 3.91065210e-005 3.75496939e-005 2.83398086e-005 1.99364532e-005 
1.75000000e+000 3.15485737e+001 2.00000000e+001 7.98694270e-004 2.22686756e-004 1.11528438e-004 9.34249507e-005 6.46691867e-005 5.77741503e-005 5.50521438e-005 3.97656844e-005 2.68260804e-005 
1.75000000e+000 3.38886043e+001 2.00000000e+001 2.75559948e-003 4.02191946e-004 1.70505463e-004 1.37914185e-004 8.94873263e-005 7.85786474e-005 7.43529479e-005 5.16526937e-005 3.36520752e-005 
2.00000000e+000 8.75000000e+000 2.00000000e+001 3.25072706e-008 5.79465183e-007 1.15696127e-006 1.34561580e-006 1.79129219e-006 1.92901830e-006 1.98659683e-006 2.25556381e-006 2.36132269e-006 
2.00000000e+000 1.51554446e+001 2.00000000e+001 2.97129623e-007 2.03718395e-006 2.90802326e-006 3.12391841e-006 3.55732003e-006 3.66662773e-006 3.70841330e-006 3.79679161e-006 3.60810114e-006 
2.00000000e+000 1.95655948e+001 2.00000000e+001 1.66716146e-006 5.65657862e-006 6.33151424e-006 6.41543291e-006 6.49750622e-006 6.47578155e-006 6.45862492e-006 6.09551262e-006 5.35392583e-006 
2.00000000e+000 2.31503240e+001 2.00000000e+001 7.62821372e-006 1.41742533e-005 1.28909867e-005 1.24237712e-005 1.13736333e-005 1.10095623e-005 1.08474931e-005 9.53214751e-006 7.80536225e-006 
2.00000000e+000 2.62500000e+001 2.00000000e+001 3.83582144e-005 3.81401302e-005 2.79368401e-005 2.55548997e-005 2.10537028e-005 1.97667713e-005 1.92288466e-005 1.56745471e-005 1.19137763e-005 
2.00000000e+000 2.90204669e+001 2.00000000e+001 2.59471201e-004 1.19757684e-004 6.89121482e-005 5.95220950e-005 4.36938159e-005 3.96753048e-005 3.80602096e-005 2.85667706e-005 1.99849601e-005 
2.00000000e+000 3.15485737e+001 2.00000000e+001 1.13903891e-003 2.57290808e-004 1.22487962e-004 1.01512934e-004 6.88767505e-005 6.12008629e-005 5.81883391e-005 4.15076763e-005 2.76764277e-005 
2.00000000e+000 3.38886043e+001 2.00000000e+001 5.01222700e-003 5.17459702e-004 2.00427524e-004 1.59060664e-004 9.96530762e-005 8.66940884e-005 8.17224114e-005 5.55938510e-005 3.55465370e-005 
2.25000000e+000 8.75000000e+000 2.00000000e+001 1.31906771e-008 3.30847161e-007 7.45142957e-007 8.92556077e-007 1.26162306e-006 1.38259787e-006 1.43433495e-006 1.70070353e-006 1.85982274e-006 
2.25000000e+000 1.51554446e+001 2.00000000e+001 1.56494800e-007 1.37110948e-006 2.12685540e-006 2.33037356e-006 2.76084033e-006 2.87833754e-006 2.92505460e-006 3.08037843e-006 3.01209453e-006 
2.25000000e+000 1.95655948e+001 2.00000000e+001 1.06956188e-006 4.28747301e-006 5.07801431e-006 5.21443125e-006 5.42282172e-006 5.44568909e-006 5.44837977e-006 5.23799328e-006 4.68713160e-006 
2.25000000e+000 2.31503240e+001 2.00000000e+001 5.79868661e-006 1.18891570e-005 1.11847889e-005 1.08656512e-005 1.01046506e-005 9.82474733e-006 9.69797925e-006 8.61409523e-006 7.12953484e-006 
2.25000000e+000 2.62500000e+001 2.00000000e+001 3.46773575e-005 3.55559066e-005 2.63135743e-005 2.41277305e-005 1.99696394e-005 1.87726385e-005 1.82712090e-005 1.49376691e-005 1.13857169e-005 
2.25000000e+000 2.90204669e+001 2.00000000e+001 3.00588914e-004 1.25994996e-004 7.11020526e-005 6.11603426e-005 4.45424022e-005 4.03561644e-005 3.86776882e-005 2.88740286e-005 2.00914783e-005 
2.25000000e+000 3.15485737e+001 2.00000000e+001 1.67423759e-003 3.00332107e-004 1.35328742e-004 1.10876574e-004 7.36531921e-005 6.50747280e-005 6.17285521e-005 4.34649659e-005 2.86371500e-005 
2.25000000e+000 3.38886043e+001 2.00000000e+001 9.46120299e-003 6.77870847e-004 2.38291226e-004 1.85278179e-004 1.11792239e-004 9.62909189e-005 9.04032079e-005 6.01423656e-005 3.77007681e-005 
2.50000000e+000 8.75000000e+000 2.00000000e+001 5.42760442e-009 1.90773615e-007 4.83462053e-007 5.96009742e-007 8.93243899e-007 9.95748050e-007 1.04042109e-006 1.28699809e-006 1.46875203e-006 
2.50000000e+000 1.51554446e+001 2.00000000e+001 8.31840742e-008 9.29241067e-007 1.56549188e-006 1.74926259e-006 2.15513640e-006 2.27226304e-006 2.32000050e-006 2.51164010e-006 2.52522967e-006 
2.50000000e+000 1.95655948e+001 2.00000000e+001 6.91151934e-007 3.26770315e-006 4.09394001e-006 4.26018555e-006 4.54881293e-006 4.60243050e-006 4.61910836e-006 4.52263288e-006 4.12138313e-006 
2.50000000e+000 2.31503240e+001 2.00000000e+001 4.43481726e-006 1.00163319e-005 9.74476380e-006 9.54229531e-006 9.01450456e-006 8.80387298e-006 8.70632466e-006 7.81666296e-006 6.53827885e-006 
2.50000000e+000 2.62500000e+001 2.00000000e+001 3.14401227e-005 3.32489637e-005 2.48593513e-005 2.28492224e-005 1.90002272e-005 1.78845170e-005 1.74160902e-005 1.42817935e-005 1.09171216e-005 
2.50000000e+000 2.90204669e+001 2.00000000e+001 3.55772080e-004 1.33120591e-004 7.35448991e-005 6.29869925e-005 4.55004007e-005 4.11319295e-005 3.93847900e-005 2.92452001e-005 2.02430651e-005 
2.50000000e+000 3.15485737e+001 2.00000000e+001 2.53275387e-003 3.54182885e-004 1.50390549e-004 1.21714296e-004 7.90546216e-005 6.94313265e-005 6.57015343e-005 4.56410160e-005 2.97032808e-005 
2.50000000e+000 3.38886043e+001 2.00000000e+001 1.84471852e-002 9.03208051e-004 2.86413679e-004 2.17885994e-004 1.26295959e-004 1.07635985e-004 1.00621511e-004 6.53742143e-005 4.01334281e-005 
END