TITLE="3SCB_EB_E_WD035.dat"
VARIABLES= "Density" "Radius" "Height" "0.1053" "0.356" "0.6617" "0.7889" "1.1732" "1.3325" "1.408" "2" "3" 
ZONE T="3D Data" I=11 J=8 K=3 F=POINT
0.00000000e+000 8.75000000e+000 0.00000000e+000 3.02245852e-004 2.04116569e-004 1.31015640e-004 1.16052009e-004 8.93309069e-005 8.21171230e-005 7.91579505e-005 6.09009441e-005 4.33418555e-005 
0.00000000e+000 1.51554446e+001 0.00000000e+000 2.32122887e-004 1.57433737e-004 1.01913645e-004 9.06180766e-005 7.04589553e-005 6.49820693e-005 6.27261479e-005 4.86049514e-005 3.46829204e-005 
0.00000000e+000 1.95655948e+001 0.00000000e+000 2.01381369e-004 1.37059770e-004 8.87945164e-005 7.90011843e-005 6.15737822e-005 5.68445217e-005 5.48955949e-005 4.26458038e-005 3.04563706e-005 
0.00000000e+000 2.31503240e+001 0.00000000e+000 1.93131311e-004 1.31593869e-004 8.49106836e-005 7.54382798e-005 5.86315172e-005 5.40923155e-005 5.22249563e-005 4.05287162e-005 2.89257795e-005 
0.00000000e+000 2.62500000e+001 0.00000000e+000 1.96608443e-004 1.33907314e-004 8.60381489e-005 7.63052391e-005 5.90507446e-005 5.44088337e-005 5.25030640e-005 4.06360906e-005 2.89596365e-005 
0.00000000e+000 2.90204669e+001 0.00000000e+000 2.05258599e-004 1.39571052e-004 8.94217462e-005 7.92136674e-005 6.11096783e-005 5.62470685e-005 5.42530245e-005 4.18898948e-005 2.98103921e-005 
0.00000000e+000 3.15485737e+001 0.00000000e+000 2.16856504e-004 1.47215621e-004 9.41169952e-005 8.33042556e-005 6.41232887e-005 5.89759267e-005 5.68666087e-005 4.38274681e-005 3.11537110e-005 
0.00000000e+000 3.38886043e+001 0.00000000e+000 2.31229008e-004 1.56731544e-004 1.00040518e-004 8.84941249e-005 6.80090040e-005 6.25148733e-005 6.02645397e-005 4.63830905e-005 3.29426017e-005 
2.50000000e-001 8.75000000e+000 0.00000000e+000 9.64335541e-005 1.05515912e-004 7.96442732e-005 7.33065905e-005 6.08943842e-005 5.72040736e-005 5.56415112e-005 4.51092866e-005 3.37808974e-005 
2.50000000e-001 1.51554446e+001 0.00000000e+000 8.94340571e-005 8.89722569e-005 6.59087534e-005 6.05340332e-005 5.02257061e-005 4.71926434e-005 4.59089800e-005 3.72224774e-005 2.77674237e-005 
2.50000000e-001 1.95655948e+001 0.00000000e+000 9.26632122e-005 8.45011118e-005 6.10491507e-005 5.57856933e-005 4.58958175e-005 4.30391668e-005 4.18360292e-005 3.37717970e-005 2.50517647e-005 
2.50000000e-001 2.31503240e+001 0.00000000e+000 1.04362476e-004 8.82120871e-005 6.19952358e-005 5.62683149e-005 4.56897672e-005 4.26954918e-005 4.14430731e-005 3.31958993e-005 2.44527328e-005 
2.50000000e-001 2.62500000e+001 0.00000000e+000 1.25935140e-004 9.85173637e-005 6.72355616e-005 6.05638084e-005 4.84140640e-005 4.50398178e-005 4.36386022e-005 3.46007208e-005 2.52688921e-005 
2.50000000e-001 2.90204669e+001 0.00000000e+000 1.63290757e-004 1.16326183e-004 7.66621330e-005 6.84508138e-005 5.37319454e-005 4.97231171e-005 4.80704918e-005 3.76414294e-005 2.71877319e-005 
2.50000000e-001 3.15485737e+001 0.00000000e+000 1.97773368e-004 1.33448257e-004 8.60862050e-005 7.64431531e-005 5.93084906e-005 5.46917225e-005 5.27963045e-005 4.09900260e-005 2.93772175e-005 
2.50000000e-001 3.38886043e+001 0.00000000e+000 2.29617416e-004 1.49810718e-004 9.53981548e-005 8.44273834e-005 6.50303225e-005 5.98356177e-005 5.77079317e-005 4.45568225e-005 3.17715306e-005 
5.00000000e-001 8.75000000e+000 0.00000000e+000 3.29947557e-005 5.58604862e-005 4.90779243e-005 4.68444993e-005 4.18452512e-005 4.01354580e-005 3.93783858e-005 3.35774799e-005 2.64186059e-005 
5.00000000e-001 1.51554446e+001 0.00000000e+000 4.09412266e-005 5.38900058e-005 4.44241910e-005 4.19013075e-005 3.67134020e-005 3.50509371e-005 3.43261733e-005 2.89544302e-005 2.24740851e-005 
5.00000000e-001 1.95655948e+001 0.00000000e+000 5.35465696e-005 5.77684837e-005 4.47627930e-005 4.16554125e-005 3.56135629e-005 3.37847707e-005 3.30009976e-005 2.74349572e-005 2.09796771e-005 
5.00000000e-001 2.31503240e+001 0.00000000e+000 7.22934957e-005 6.68443626e-005 4.89958348e-005 4.49878083e-005 3.74675836e-005 3.52881995e-005 3.43681059e-005 2.81027524e-005 2.11637003e-005 
5.00000000e-001 2.62500000e+001 0.00000000e+000 1.03414267e-004 8.26970062e-005 5.73810168e-005 5.19653527e-005 4.20779552e-005 3.93129170e-005 3.81609183e-005 3.06216516e-005 2.26713750e-005 
5.00000000e-001 2.90204669e+001 0.00000000e+000 1.62403745e-004 1.10253426e-004 7.18446915e-005 6.40456815e-005 5.02031699e-005 4.64639001e-005 4.49257818e-005 3.52444668e-005 2.55533702e-005 
5.00000000e-001 3.15485737e+001 0.00000000e+000 2.18920304e-004 1.35478266e-004 8.52718332e-005 7.53449428e-005 5.79676816e-005 5.33509410e-005 5.14636200e-005 3.98170289e-005 2.84872826e-005 
5.00000000e-001 3.38886043e+001 0.00000000e+000 2.73295978e-004 1.58666215e-004 9.77718992e-005 8.59332809e-005 6.53783549e-005 5.99678425e-005 5.77635359e-005 4.43096846e-005 3.14371368e-005 
7.50000000e-001 8.75000000e+000 0.00000000e+000 1.19857201e-005 3.02402112e-005 3.06388884e-005 3.02700970e-005 2.89807181e-005 2.83567246e-005 2.80541282e-005 2.51146483e-005 2.07300524e-005 
7.50000000e-001 1.51554446e+001 0.00000000e+000 2.05479338e-005 3.43601881e-005 3.09730132e-005 2.98784180e-005 2.74293142e-005 2.65519651e-005 2.61547944e-005 2.28438198e-005 1.83739655e-005 
7.50000000e-001 1.95655948e+001 0.00000000e+000 3.37374656e-005 4.20583305e-005 3.43564923e-005 3.24091665e-005 2.85227380e-005 2.72982691e-005 2.67654590e-005 2.27700772e-005 1.78471150e-005 
7.50000000e-001 2.31503240e+001 0.00000000e+000 5.40068065e-005 5.40048583e-005 4.07080491e-005 3.76547595e-005 3.18716407e-005 3.01710222e-005 2.94488876e-005 2.44157682e-005 1.86764952e-005 
7.50000000e-001 2.62500000e+001 0.00000000e+000 9.04503084e-005 7.36985192e-005 5.14625881e-005 4.66965748e-005 3.79987549e-005 3.55645075e-005 3.45497655e-005 2.78762649e-005 2.07871047e-005 
7.50000000e-001 2.90204669e+001 0.00000000e+000 1.68818421e-004 1.09745261e-004 7.03404728e-005 6.24642114e-005 4.86162084e-005 4.49138334e-005 4.33961939e-005 3.39253761e-005 2.45481604e-005 
7.50000000e-001 3.15485737e+001 0.00000000e+000 2.53148285e-004 1.43379570e-004 8.76721769e-005 7.69479806e-005 5.84425727e-005 5.35997351e-005 5.16299049e-005 3.96335843e-005 2.81700144e-005 
7.50000000e-001 3.38886043e+001 0.00000000e+000 3.44255874e-004 1.74965277e-004 1.03710120e-004 9.03586207e-005 6.76048709e-005 6.17269878e-005 5.93467867e-005 4.50484242e-005 3.16625534e-005 
1.00000000e+000 8.75000000e+000 0.00000000e+000 4.57226479e-006 1.67090766e-005 1.93646600e-005 1.97686869e-005 2.02228982e-005 2.01702027e-005 2.01151701e-005 1.88734087e-005 1.63198023e-005 
1.00000000e+000 1.51554446e+001 0.00000000e+000 1.08048148e-005 2.27028328e-005 2.21718677e-005 2.18183600e-005 2.08739533e-005 2.04558725e-005 2.02545130e-005 1.82502660e-005 1.51604032e-005 
1.00000000e+000 1.95655948e+001 0.00000000e+000 2.19911541e-005 3.17324750e-005 2.71863693e-005 2.59451613e-005 2.33923203e-005 2.25516806e-005 2.21800224e-005 1.92308795e-005 1.53863491e-005 
1.00000000e+000 2.31503240e+001 0.00000000e+000 4.14519966e-005 4.50446730e-005 3.48435064e-005 3.24288056e-005 2.77984158e-005 2.64160831e-005 2.58259972e-005 2.16318570e-005 1.67402550e-005 
1.00000000e+000 2.62500000e+001 0.00000000e+000 8.08551218e-005 6.74679971e-005 4.74049177e-005 4.30730697e-005 3.51477894e-005 3.29250371e-005 3.19979464e-005 2.58857139e-005 1.93740356e-005 
1.00000000e+000 2.90204669e+001 0.00000000e+000 1.78077633e-004 1.11348160e-004 7.03168301e-005 6.22073389e-005 4.80418497e-005 4.42842010e-005 4.27483249e-005 3.32447972e-005 2.39478793e-005 
1.00000000e+000 3.15485737e+001 0.00000000e+000 2.99813737e-004 1.54436017e-004 9.17575183e-005 7.99898411e-005 5.99398093e-005 5.47625926e-005 5.26662577e-005 4.00605884e-005 2.82309655e-005 
1.00000000e+000 3.38886043e+001 0.00000000e+000 4.52759740e-004 1.97030337e-004 1.12013243e-004 9.66860884e-005 7.10456447e-005 6.45429339e-005 6.19252866e-005 4.64472942e-005 3.22788391e-005 
1.25000000e+000 8.75000000e+000 0.00000000e+000 1.81351784e-006 9.40430726e-006 1.23808258e-005 1.30402622e-005 1.42137053e-005 1.44402613e-005 1.45121792e-005 1.42481047e-005 1.28890663e-005 
1.25000000e+000 1.51554446e+001 0.00000000e+000 5.82899826e-006 1.53660012e-005 1.61916136e-005 1.62304404e-005 1.61277939e-005 1.59829841e-005 1.59006319e-005 1.47405577e-005 1.26125868e-005 
1.25000000e+000 1.95655948e+001 0.00000000e+000 1.45764674e-005 2.44305775e-005 2.19435092e-005 2.11741460e-005 1.95195368e-005 1.89410027e-005 1.86800718e-005 1.64683113e-005 1.34135949e-005 
1.25000000e+000 2.31503240e+001 0.00000000e+000 3.22471620e-005 3.81999312e-005 3.03522556e-005 2.84210088e-005 2.46539228e-005 2.35076213e-005 2.30152312e-005 1.94439658e-005 1.51891559e-005 
1.25000000e+000 2.62500000e+001 0.00000000e+000 7.30873502e-005 6.25928861e-005 4.43130822e-005 4.03263353e-005 3.29969684e-005 3.09322609e-005 3.00700375e-005 2.43683279e-005 1.82769633e-005 
1.25000000e+000 2.90204669e+001 0.00000000e+000 1.89584223e-004 1.13967806e-004 7.10253802e-005 6.26229851e-005 4.80201353e-005 4.41696027e-005 4.25992213e-005 3.29510412e-005 2.36117606e-005 
1.25000000e+000 3.15485737e+001 0.00000000e+000 3.63101148e-004 1.68041377e-004 9.69570243e-005 8.39565338e-005 6.20804529e-005 5.65025280e-005 5.42532850e-005 4.08847371e-005 2.85494655e-005 
1.25000000e+000 3.38886043e+001 0.00000000e+000 6.22050435e-004 2.25334665e-004 1.22381871e-004 1.04593926e-004 7.54163389e-005 6.81550351e-005 6.52492963e-005 4.83312492e-005 3.31839062e-005 
1.50000000e+000 8.75000000e+000 0.00000000e+000 7.41783016e-007 5.38046652e-006 8.00058125e-006 8.68268347e-006 1.00587779e-005 1.04021403e-005 1.05318908e-005 1.08038821e-005 1.02113821e-005 
1.50000000e+000 1.51554446e+001 0.00000000e+000 3.19589139e-006 1.05713911e-005 1.20017707e-005 1.22461624e-005 1.26144872e-005 1.26335986e-005 1.26242848e-005 1.20180419e-005 1.05702669e-005 
1.50000000e+000 1.95655948e+001 0.00000000e+000 9.76300701e-006 1.90365110e-005 1.79420483e-005 1.75053739e-005 1.64919609e-005 1.61028848e-005 1.59223464e-005 1.42561082e-005 1.18015643e-005 
1.50000000e+000 2.31503240e+001 0.00000000e+000 2.53027448e-005 3.27056034e-005 2.67237290e-005 2.51818799e-005 2.21097001e-005 2.11523228e-005 2.07379149e-005 1.76621071e-005 1.39126664e-005 
1.50000000e+000 2.62500000e+001 0.00000000e+000 6.65401832e-005 5.85138590e-005 4.17793362e-005 3.80902439e-005 3.12682268e-005 2.93351275e-005 2.85264237e-005 2.31562867e-005 1.73955869e-005 
1.50000000e+000 2.90204669e+001 0.00000000e+000 2.03510086e-004 1.17234781e-004 7.21489832e-005 6.34187656e-005 4.83190246e-005 4.43582380e-005 4.27458442e-005 3.28984643e-005 2.34508697e-005 
1.50000000e+000 3.15485737e+001 0.00000000e+000 4.50391613e-004 1.84287434e-004 1.03085933e-004 8.86541275e-005 6.46871048e-005 5.86536069e-005 5.62305123e-005 4.19863301e-005 2.90506094e-005 
1.50000000e+000 3.38886043e+001 0.00000000e+000 8.95137467e-004 2.61351615e-004 1.34914821e-004 1.14077845e-004 8.06228981e-005 7.24626899e-005 6.92172856e-005 5.06112940e-005 3.43173834e-005 
1.75000000e+000 8.75000000e+000 0.00000000e+000 3.10897847e-007 3.12309688e-006 5.22093453e-006 5.83157841e-006 7.16460720e-006 7.53732499e-006 7.68634341e-006 8.22707913e-006 8.11456858e-006 
1.75000000e+000 1.51554446e+001 0.00000000e+000 1.77269739e-006 7.35596359e-006 8.99540596e-006 9.34042868e-006 9.96395525e-006 1.00806597e-005 1.01160726e-005 9.87683681e-006 8.91614239e-006 
1.75000000e+000 1.95655948e+001 0.00000000e+000 6.58897176e-006 1.49484269e-005 1.47972592e-005 1.46003305e-005 1.40593238e-005 1.38124331e-005 1.36925447e-005 1.24450739e-005 1.04611808e-005 
1.75000000e+000 2.31503240e+001 0.00000000e+000 1.99793727e-005 2.81734686e-005 2.36904692e-005 2.24703861e-005 1.99778111e-005 1.91785239e-005 1.88293342e-005 1.61667486e-005 1.28363774e-005 
1.75000000e+000 2.62500000e+001 0.00000000e+000 6.08921000e-005 5.49726348e-005 3.96042901e-005 3.61804038e-005 2.98103912e-005 2.79935801e-005 2.72319222e-005 2.21480378e-005 1.66644863e-005 
1.75000000e+000 2.90204669e+001 0.00000000e+000 2.20339653e-004 1.21023877e-004 7.35481170e-005 6.44592231e-005 4.88188960e-005 4.47373635e-005 4.30786393e-005 3.30018048e-005 2.34086137e-005 
1.75000000e+000 3.15485737e+001 0.00000000e+000 5.73585512e-004 2.03572996e-004 1.10126384e-004 9.40324528e-005 6.76826567e-005 6.11379272e-005 5.85204406e-005 4.32990218e-005 2.96880355e-005 
1.75000000e+000 3.38886043e+001 0.00000000e+000 1.35280399e-003 3.07372676e-004 1.49929138e-004 1.25301681e-004 8.66728501e-005 7.74522136e-005 7.38089093e-005 5.32486652e-005 3.56452136e-005 
2.00000000e+000 8.75000000e+000 0.00000000e+000 1.32869406e-007 1.83589421e-006 3.43762913e-006 3.94810594e-006 5.13428077e-006 5.49184096e-006 5.63953304e-006 6.29039319e-006 6.46729923e-006 
2.00000000e+000 1.51554446e+001 0.00000000e+000 9.92328786e-007 5.16089177e-006 6.79866984e-006 7.18340193e-006 7.93238145e-006 8.10524364e-006 8.16745509e-006 8.17197455e-006 7.56355078e-006 
2.00000000e+000 1.95655948e+001 0.00000000e+000 4.47395560e-006 1.18016824e-005 1.22767761e-005 1.22527310e-005 1.20637650e-005 1.19257702e-005 1.18526797e-005 1.09348576e-005 9.32936146e-006 
2.00000000e+000 2.31503240e+001 0.00000000e+000 1.58553696e-005 2.43748359e-005 2.10997093e-005 2.01478981e-005 1.81461559e-005 1.74821825e-005 1.71889240e-005 1.48811617e-005 1.19096108e-005 
2.00000000e+000 2.62500000e+001 0.00000000e+000 5.59430867e-005 5.18302136e-005 3.76819462e-005 3.44975215e-005 2.85379987e-005 2.68268836e-005 2.61079208e-005 2.12809730e-005 1.60405292e-005 
2.00000000e+000 2.90204669e+001 0.00000000e+000 2.40808332e-004 1.25304257e-004 7.51600135e-005 6.56798855e-005 4.94566759e-005 4.52457497e-005 4.35373625e-005 3.32105023e-005 2.34486904e-005 
2.00000000e+000 3.15485737e+001 0.00000000e+000 7.51940963e-004 2.26509527e-004 1.18143262e-004 1.00112077e-004 7.10418187e-005 6.39242210e-005 6.10900300e-005 4.47872913e-005 3.04333071e-005 
2.00000000e+000 3.38886043e+001 0.00000000e+000 2.15112654e-003 3.66669988e-004 1.67906610e-004 1.38543332e-004 9.36345741e-005 8.31614539e-005 7.90518962e-005 5.62350234e-005 3.71502128e-005 
2.25000000e+000 8.75000000e+000 0.00000000e+000 5.76888740e-008 1.09122585e-006 2.28191550e-006 2.69262822e-006 3.70030316e-006 4.02237546e-006 4.15857736e-006 4.82832889e-006 5.16908747e-006 
2.25000000e+000 1.51554446e+001 0.00000000e+000 5.59762399e-007 3.64355938e-006 5.17137500e-006 5.56006322e-006 6.35485465e-006 6.55736216e-006 6.63474547e-006 6.79980470e-006 6.44782956e-006 
2.25000000e+000 1.95655948e+001 0.00000000e+000 3.05345331e-006 9.35517454e-006 1.02298226e-005 1.03287425e-005 1.04014098e-005 1.03474157e-005 1.03107978e-005 9.65643168e-006 8.36082635e-006 
2.25000000e+000 2.31503240e+001 0.00000000e+000 1.26357318e-005 2.11583205e-005 1.88560430e-005 1.81283913e-005 1.65445728e-005 1.59976112e-005 1.57529077e-005 1.37549152e-005 1.10973783e-005 
2.25000000e+000 2.62500000e+001 0.00000000e+000 5.15567353e-005 4.90015816e-005 3.59507150e-005 3.29840034e-005 2.74004742e-005 2.57866702e-005 2.51070404e-005 2.05156350e-005 1.54949173e-005 
2.25000000e+000 2.90204669e+001 0.00000000e+000 2.65937028e-004 1.30089236e-004 7.69573041e-005 6.70499743e-005 5.01984554e-005 4.58495112e-005 4.40882726e-005 3.34941607e-005 2.35476075e-005 
2.25000000e+000 3.15485737e+001 0.00000000e+000 1.01705056e-003 2.53923660e-004 1.27252875e-004 1.06954314e-004 7.47678150e-005 6.70071112e-005 6.39310691e-005 4.64337776e-005 3.12693494e-005 
2.25000000e+000 3.38886043e+001 0.00000000e+000 3.59971374e-003 4.43865204e-004 1.89494771e-004 1.54182644e-004 1.01619807e-004 8.96633410e-005 8.50062136e-005 5.95815911e-005 3.88262914e-005 
2.50000000e+000 8.75000000e+000 0.00000000e+000 2.53743921e-008 6.54908742e-007 1.52594264e-006 1.84874546e-006 2.68101197e-006 2.96053461e-006 3.08101391e-006 3.71982272e-006 4.14279621e-006 
2.50000000e+000 1.51554446e+001 0.00000000e+000 3.17859234e-007 2.58514270e-006 3.95335748e-006 4.32538339e-006 5.11691558e-006 5.33184545e-006 5.41673147e-006 5.68503810e-006 5.52022808e-006 
2.50000000e+000 1.95655948e+001 0.00000000e+000 2.09329492e-006 7.43985432e-006 8.55225861e-006 8.73635166e-006 9.00087799e-006 9.01152694e-006 9.00335713e-006 8.56113349e-006 7.52258306e-006 
2.50000000e+000 2.31503240e+001 0.00000000e+000 1.01068676e-005 1.84153465e-005 1.68948283e-005 1.63543790e-005 1.51267989e-005 1.46814215e-005 1.44790904e-005 1.27539539e-005 1.03751450e-005 
2.50000000e+000 2.62500000e+001 0.00000000e+000 4.76343961e-005 4.64295649e-005 3.43716435e-005 3.16038375e-005 2.63663371e-005 2.48426794e-005 2.41995477e-005 1.98265194e-005 1.50081431e-005 
2.50000000e+000 2.90204669e+001 0.00000000e+000 2.97116991e-004 1.35418213e-004 7.89304182e-005 6.85557480e-005 5.10258525e-005 4.65296529e-005 4.47122101e-005 3.38342604e-005 2.36900207e-005 
2.50000000e+000 3.15485737e+001 0.00000000e+000 1.42146614e-003 2.86902110e-004 1.37613203e-004 1.14649668e-004 7.88812265e-005 7.03967169e-005 6.70501588e-005 4.82321370e-005 3.21863788e-005 
2.50000000e+000 3.38886043e+001 0.00000000e+000 6.32699497e-003 5.45518660e-004 2.15536969e-004 1.72710233e-004 1.10777845e-004 9.70591917e-005 9.17572289e-005 6.33133369e-005 4.06749351e-005 
0.00000000e+000 8.75000000e+000 1.00000000e+001 1.81908900e-004 1.24122596e-004 8.11504528e-005 7.24360799e-005 5.68451911e-005 5.25741038e-005 5.08074604e-005 3.96033307e-005 2.83295494e-005 
0.00000000e+000 1.51554446e+001 1.00000000e+001 1.50609517e-004 1.03814694e-004 6.80646000e-005 6.08388176e-005 4.79631864e-005 4.44376631e-005 4.29774770e-005 3.36455328e-005 2.41119955e-005 
0.00000000e+000 1.95655948e+001 1.00000000e+001 1.41264381e-004 9.78164130e-005 6.37281655e-005 5.68352200e-005 4.46195794e-005 4.13027434e-005 3.99329762e-005 3.12254685e-005 2.23658611e-005 
0.00000000e+000 2.31503240e+001 1.00000000e+001 1.44248086e-004 9.98934735e-005 6.45732814e-005 5.74012861e-005 4.47211955e-005 4.13061738e-005 3.99013706e-005 3.10669299e-005 2.22056665e-005 
0.00000000e+000 2.62500000e+001 1.00000000e+001 1.53417154e-004 1.05991970e-004 6.80936633e-005 6.03695754e-005 4.67078532e-005 4.30454568e-005 4.15433309e-005 3.21901844e-005 2.29514671e-005 
0.00000000e+000 2.90204669e+001 1.00000000e+001 1.66686764e-004 1.14719215e-004 7.32956998e-005 6.48421183e-005 4.98876117e-005 4.58905746e-005 4.42545462e-005 3.41458565e-005 2.42900603e-005 
0.00000000e+000 3.15485737e+001 1.00000000e+001 1.82145229e-004 1.24968177e-004 7.95873408e-005 7.03086807e-005 5.38795686e-005 4.94941404e-005 4.77013493e-005 3.66833139e-005 2.60461761e-005 
0.00000000e+000 3.38886043e+001 1.00000000e+001 2.00568628e-004 1.37172897e-004 8.71198448e-005 7.68827500e-005 5.87453871e-005 5.39075068e-005 5.19313557e-005 3.98336323e-005 2.82423747e-005 
2.50000000e-001 8.75000000e+000 1.00000000e+001 5.55005661e-005 6.25767850e-005 4.84347312e-005 4.49964499e-005 3.82279363e-005 3.61627188e-005 3.52765052e-005 2.90344362e-005 2.18945444e-005 
2.50000000e-001 1.51554446e+001 1.00000000e+001 5.25626450e-005 5.55273487e-005 4.22969748e-005 3.91953289e-005 3.32136973e-005 3.14142818e-005 3.06438488e-005 2.52169312e-005 1.89670955e-005 
2.50000000e-001 1.95655948e+001 1.00000000e+001 5.71464495e-005 5.61344305e-005 4.15640891e-005 3.82466920e-005 3.19894013e-005 3.01575891e-005 2.93802981e-005 2.40177559e-005 1.79636269e-005 
2.50000000e-001 2.31503240e+001 1.00000000e+001 6.85994642e-005 6.23297901e-005 4.46812421e-005 4.07506210e-005 3.34610026e-005 3.13834459e-005 3.05111755e-005 2.46687058e-005 1.82989297e-005 
2.50000000e-001 2.62500000e+001 1.00000000e+001 8.91130091e-005 7.36697983e-005 5.09277541e-005 4.59992862e-005 3.69965581e-005 3.44905438e-005 3.34486550e-005 2.66769716e-005 1.95807415e-005 
2.50000000e-001 2.90204669e+001 1.00000000e+001 1.27817440e-004 9.33060527e-005 6.15457785e-005 5.49278233e-005 4.30835742e-005 3.98713669e-005 3.85493278e-005 3.02221219e-005 2.18686661e-005 
2.50000000e-001 3.15485737e+001 1.00000000e+001 1.63168828e-004 1.11878442e-004 7.19668821e-005 6.37928592e-005 4.92946825e-005 4.54111098e-005 4.38209288e-005 3.39751434e-005 2.43528309e-005 
2.50000000e-001 3.38886043e+001 1.00000000e+001 1.96703053e-004 1.29977437e-004 8.23728091e-005 7.27234560e-005 5.56894559e-005 5.11561974e-005 4.93051823e-005 3.79577937e-005 2.70458677e-005 
5.00000000e-001 8.75000000e+000 1.00000000e+001 1.81778488e-005 3.23102204e-005 2.93030174e-005 2.82757564e-005 2.59148369e-005 2.50521966e-005 2.46595970e-005 2.13906874e-005 1.69784718e-005 
5.00000000e-001 1.51554446e+001 1.00000000e+001 2.20995724e-005 3.18812459e-005 2.74022494e-005 2.61691068e-005 2.35838718e-005 2.27098892e-005 2.23196600e-005 1.91950716e-005 1.50813005e-005 
5.00000000e-001 1.95655948e+001 1.00000000e+001 2.97956924e-005 3.58500395e-005 2.89365589e-005 2.72319539e-005 2.38785706e-005 2.28305745e-005 2.23744300e-005 1.89486583e-005 1.46865671e-005 
5.00000000e-001 2.31503240e+001 1.00000000e+001 4.31302460e-005 4.42221117e-005 3.35392814e-005 3.10616869e-005 2.63689394e-005 2.49857484e-005 2.43969994e-005 2.02521714e-005 1.54396763e-005 
5.00000000e-001 2.62500000e+001 1.00000000e+001 6.87232859e-005 5.90219951e-005 4.18196048e-005 3.80595917e-005 3.11579734e-005 2.92162447e-005 2.84049722e-005 2.30173391e-005 1.71948705e-005 
5.00000000e-001 2.90204669e+001 1.00000000e+001 1.26246438e-004 8.73499259e-005 5.69307744e-005 5.07251223e-005 3.97403325e-005 3.67889240e-005 3.55772871e-005 2.79659055e-005 2.03371087e-005 
5.00000000e-001 3.15485737e+001 1.00000000e+001 1.81520240e-004 1.13126030e-004 7.08631123e-005 6.24777928e-005 4.78439080e-005 4.39839002e-005 4.24108300e-005 3.27695944e-005 2.34593745e-005 
5.00000000e-001 3.38886043e+001 1.00000000e+001 2.37272438e-004 1.37463437e-004 8.40655092e-005 7.36655286e-005 5.56663820e-005 5.09658357e-005 4.90576983e-005 3.75177409e-005 2.66087079e-005 
7.50000000e-001 8.75000000e+000 1.00000000e+001 6.33726902e-006 1.70660039e-005 1.79629546e-005 1.79691704e-005 1.77061997e-005 1.74770413e-005 1.73530353e-005 1.58356241e-005 1.32102697e-005 
7.50000000e-001 1.51554446e+001 1.00000000e+001 1.03858608e-005 1.93678374e-005 1.84018274e-005 1.80274876e-005 1.71300054e-005 1.67554063e-005 1.65761315e-005 1.48237351e-005 1.21143222e-005 
7.50000000e-001 1.95655948e+001 1.00000000e+001 1.74251539e-005 2.46186428e-005 2.11835118e-005 2.02753048e-005 1.84342525e-005 1.78205025e-005 1.75462693e-005 1.52864827e-005 1.22019164e-005 
7.50000000e-001 2.31503240e+001 1.00000000e+001 3.00425163e-005 3.38252613e-005 2.66256491e-005 2.49089203e-005 2.16227933e-005 2.06325915e-005 2.02070290e-005 1.70895589e-005 1.32941964e-005 
7.50000000e-001 2.62500000e+001 1.00000000e+001 5.76685979e-005 5.07726439e-005 3.63468575e-005 3.31853235e-005 2.73859840e-005 2.57513215e-005 2.50674412e-005 2.04824288e-005 1.54572213e-005 
7.50000000e-001 2.90204669e+001 1.00000000e+001 1.31925625e-004 8.65879823e-005 5.53611541e-005 4.91103203e-005 3.81687661e-005 3.52643729e-005 3.40768936e-005 2.66899223e-005 1.93762645e-005 
7.50000000e-001 3.15485737e+001 1.00000000e+001 2.14145208e-004 1.20034497e-004 7.27620646e-005 6.36709606e-005 4.80632660e-005 4.40157842e-005 4.23755695e-005 3.24680932e-005 2.30871517e-005 
7.50000000e-001 3.38886043e+001 1.00000000e+001 3.11493997e-004 1.52660420e-004 8.92333418e-005 7.74184275e-005 5.74136227e-005 5.23009895e-005 5.02398576e-005 3.79914637e-005 2.66865666e-005 
1.00000000e+000 8.75000000e+000 1.00000000e+001 2.32768582e-006 9.20681639e-006 1.11508260e-005 1.15434415e-005 1.21903264e-005 1.22757855e-005 1.22908697e-005 1.17788927e-005 1.03122738e-005 
1.00000000e+000 1.51554446e+001 1.00000000e+001 5.18816055e-006 1.22688809e-005 1.27273228e-005 1.27493880e-005 1.26915840e-005 1.25872086e-005 1.25254330e-005 1.15996006e-005 9.82390428e-006 
1.00000000e+000 1.95655948e+001 1.00000000e+001 1.07285249e-005 1.76918111e-005 1.60799709e-005 1.56071088e-005 1.46172908e-005 1.42586318e-005 1.40930877e-005 1.25680374e-005 1.02825203e-005 
1.00000000e+000 2.31503240e+001 1.00000000e+001 2.18282506e-005 2.69700838e-005 2.19155892e-005 2.06677297e-005 1.82512414e-005 1.75075741e-005 1.71851827e-005 1.47384943e-005 1.16422835e-005 
1.00000000e+000 2.62500000e+001 1.00000000e+001 4.99860101e-005 4.52252371e-005 3.26439706e-005 2.98660269e-005 2.47610993e-005 2.33189192e-005 2.27150400e-005 1.86448831e-005 1.41521906e-005 
1.00000000e+000 2.90204669e+001 1.00000000e+001 1.40741576e-004 8.78990755e-005 5.51950372e-005 4.87422326e-005 3.75386998e-005 3.45931181e-005 3.33929674e-005 2.60016633e-005 1.87860579e-005 
1.00000000e+000 3.15485737e+001 1.00000000e+001 2.62133490e-004 1.30280096e-004 7.63230844e-005 6.62624599e-005 4.92514481e-005 4.49087645e-005 4.31580894e-005 3.27338739e-005 2.30632856e-005 
1.00000000e+000 3.38886043e+001 1.00000000e+001 4.39219989e-004 1.74647715e-004 9.69236075e-005 8.31503389e-005 6.03668789e-005 5.46735429e-005 5.23945160e-005 3.90954445e-005 2.71312829e-005 
1.25000000e+000 8.75000000e+000 1.00000000e+001 8.91869859e-007 5.06384853e-006 7.00490386e-006 7.49224156e-006 8.45475162e-006 8.67949542e-006 8.76032535e-006 8.80204423e-006 8.07610080e-006 
1.25000000e+000 1.51554446e+001 1.00000000e+001 2.68378183e-006 8.00753402e-006 9.01068070e-006 9.21110637e-006 9.56355939e-006 9.60443557e-006 9.60789961e-006 9.18431587e-006 8.03644630e-006 
1.25000000e+000 1.95655948e+001 1.00000000e+001 6.78755138e-006 1.30755534e-005 1.25183617e-005 1.23055302e-005 1.18320745e-005 1.16326715e-005 1.15358325e-005 1.04965663e-005 8.77211497e-006 
1.25000000e+000 2.31503240e+001 1.00000000e+001 1.62217023e-005 2.20190876e-005 1.84587686e-005 1.75378439e-005 1.57241916e-005 1.51512889e-005 1.49004709e-005 1.29266494e-005 1.03374525e-005 
1.25000000e+000 2.62500000e+001 1.00000000e+001 4.40815306e-005 4.10382161e-005 2.98863632e-005 2.73978217e-005 2.28042880e-005 2.15006383e-005 2.09539711e-005 1.72510256e-005 1.31406105e-005 
1.25000000e+000 2.90204669e+001 1.00000000e+001 1.52204039e-004 9.02694318e-005 5.57502715e-005 4.90285899e-005 3.74347261e-005 3.44094715e-005 3.31802267e-005 2.56747334e-005 1.84402453e-005 
1.25000000e+000 3.15485737e+001 1.00000000e+001 3.32278770e-004 1.43462042e-004 8.10608875e-005 6.98084316e-005 5.10751948e-005 4.63654926e-005 4.44762239e-005 3.33775008e-005 2.32804104e-005 
1.25000000e+000 3.38886043e+001 1.00000000e+001 6.63895902e-004 2.04726962e-004 1.07025433e-004 9.06715065e-005 6.43066573e-005 5.78754294e-005 5.53200404e-005 4.06817601e-005 2.78546091e-005 
1.50000000e+000 8.75000000e+000 1.00000000e+001 3.53460741e-007 2.83405444e-006 4.44969376e-006 4.91025589e-006 5.90536950e-006 6.17580584e-006 6.28185386e-006 6.60717273e-006 6.34489528e-006 
1.50000000e+000 1.51554446e+001 1.00000000e+001 1.41941699e-006 5.33783062e-006 6.49609672e-006 6.76873086e-006 7.30910600e-006 7.42596416e-006 7.46500405e-006 7.34789969e-006 6.62665059e-006 
1.50000000e+000 1.95655948e+001 1.00000000e+001 4.36877992e-006 9.83803903e-006 9.91785489e-006 9.86965945e-006 9.72813088e-006 9.63362484e-006 9.58249688e-006 8.87925424e-006 7.56225044e-006 
1.50000000e+000 2.31503240e+001 1.00000000e+001 1.22334347e-005 1.82408707e-005 1.57814367e-005 1.51055628e-005 1.37437654e-005 1.32986856e-005 1.31014234e-005 1.14838119e-005 9.28133908e-006 
1.50000000e+000 2.62500000e+001 1.00000000e+001 3.93127597e-005 3.76558091e-005 2.76867857e-005 2.54364740e-005 2.12586694e-005 2.00655329e-005 1.95641716e-005 1.61480298e-005 1.23318278e-005 
1.50000000e+000 2.90204669e+001 1.00000000e+001 1.66627551e-004 9.33518867e-005 5.67324453e-005 4.96993524e-005 3.76446269e-005 3.45202019e-005 3.32536127e-005 2.55770626e-005 1.82585937e-005 
1.50000000e+000 3.15485737e+001 1.00000000e+001 4.36554074e-004 1.59874370e-004 8.68447828e-005 7.41561558e-005 5.33823995e-005 4.82420617e-005 4.61902675e-005 3.42932053e-005 2.36719525e-005 
1.50000000e+000 3.38886043e+001 1.00000000e+001 1.07249417e-003 2.45567814e-004 1.19844821e-004 1.00110492e-004 6.91933769e-005 6.18482397e-005 5.89528364e-005 4.26812388e-005 2.88060459e-005 
1.75000000e+000 8.75000000e+000 1.00000000e+001 1.43906525e-007 1.61088396e-006 2.85587492e-006 3.24744109e-006 4.15246866e-006 4.42105412e-006 4.53079641e-006 4.98124100e-006 5.00022965e-006 
1.75000000e+000 1.51554446e+001 1.00000000e+001 7.62595977e-007 3.61248417e-006 4.74910680e-006 5.04088409e-006 5.65166906e-006 5.80545710e-006 5.86296179e-006 5.93212785e-006 5.50337455e-006 
1.75000000e+000 1.95655948e+001 1.00000000e+001 2.84694580e-006 7.49188067e-006 7.95497049e-006 8.01357902e-006 8.09278301e-006 8.07012238e-006 8.05062967e-006 7.58876848e-006 6.57690013e-006 
1.75000000e+000 2.31503240e+001 1.00000000e+001 9.32520229e-006 1.52600022e-005 1.36298012e-005 1.31442199e-005 1.21365607e-005 1.17921875e-005 1.16371524e-005 1.03016668e-005 8.40716814e-006 
1.75000000e+000 2.62500000e+001 1.00000000e+001 3.53440738e-005 3.48112117e-005 2.58494646e-005 2.38033937e-005 1.99815489e-005 1.88822668e-005 1.84192046e-005 1.52421888e-005 1.16661624e-005 
1.75000000e+000 2.90204669e+001 1.00000000e+001 1.84708647e-004 9.70330344e-005 5.80102278e-005 5.06275191e-005 3.80575330e-005 3.48211776e-005 3.35120829e-005 2.56306282e-005 1.81897021e-005 
1.75000000e+000 3.15485737e+001 1.00000000e+001 5.95015606e-004 1.80177154e-004 9.37069120e-005 7.92894420e-005 5.61130031e-005 5.04748747e-005 4.82360485e-005 3.54233386e-005 2.41969148e-005 
1.75000000e+000 3.38886043e+001 1.00000000e+001 1.84286736e-003 3.01291970e-004 1.35967622e-004 1.11793686e-004 7.50916923e-005 6.66202831e-005 6.33094844e-005 4.50721348e-005 2.99592908e-005 
2.00000000e+000 8.75000000e+000 1.00000000e+001 5.98712833e-008 9.28257335e-007 1.85043375e-006 2.16593140e-006 2.93848000e-006 3.18318904e-006 3.28595899e-006 3.77121049e-006 3.95241430e-006 
2.00000000e+000 1.51554446e+001 1.00000000e+001 4.14708593e-007 2.47227088e-006 3.50957974e-006 3.79374984e-006 4.41206907e-006 4.58044593e-006 4.64639712e-006 4.82671431e-006 4.59976199e-006 
2.00000000e+000 1.95655948e+001 1.00000000e+001 1.87317103e-006 5.75484915e-006 6.43766643e-006 6.56509738e-006 6.79242240e-006 6.82004918e-006 6.82299357e-006 6.53945649e-006 5.76216120e-006 
2.00000000e+000 2.31503240e+001 1.00000000e+001 7.16832313e-006 1.28578770e-005 1.18568088e-005 1.15212592e-005 1.07974218e-005 1.05347848e-005 1.04141236e-005 9.30983523e-006 7.66903989e-006 
2.00000000e+000 2.62500000e+001 1.00000000e+001 3.19726206e-005 3.23573659e-005 2.42669579e-005 2.23994584e-005 1.88903088e-005 1.78734799e-005 1.74440114e-005 1.44748474e-005 1.11038410e-005 
2.00000000e+000 2.90204669e+001 1.00000000e+001 2.07492845e-004 1.01294678e-004 5.95246799e-005 5.17522414e-005 3.86142807e-005 3.52551731e-005 3.38994229e-005 2.57887102e-005 1.82003524e-005 
2.00000000e+000 3.15485737e+001 1.00000000e+001 8.41508010e-004 2.05339555e-004 1.01769720e-004 8.52649557e-005 5.92562996e-005 5.30441237e-005 5.05909326e-005 3.67384416e-005 2.48304838e-005 
2.00000000e+000 3.38886043e+001 1.00000000e+001 3.34905027e-003 3.78002695e-004 1.56242591e-004 1.26212763e-004 8.21378378e-005 7.22773714e-005 6.84591431e-005 4.78630349e-005 3.13039740e-005 
2.25000000e+000 8.75000000e+000 1.00000000e+001 2.53507453e-008 5.41387968e-007 1.20944108e-006 1.45591851e-006 2.09187665e-006 2.30446589e-006 2.39567452e-006 2.86663887e-006 3.13331230e-006 
2.25000000e+000 1.51554446e+001 1.00000000e+001 2.27770329e-007 1.70644492e-006 2.61550266e-006 2.87897916e-006 3.47140877e-006 3.64149542e-006 3.70996722e-006 3.95371692e-006 3.86633197e-006 
2.25000000e+000 1.95655948e+001 1.00000000e+001 1.24220730e-006 4.44980358e-006 5.24463130e-006 5.41473886e-006 5.73993579e-006 5.80291447e-006 5.82192160e-006 5.67251557e-006 5.07933378e-006 
2.25000000e+000 2.31503240e+001 1.00000000e+001 5.54845604e-006 1.08940153e-005 1.03704173e-005 1.01537786e-005 9.65964241e-006 9.46438436e-006 9.37220266e-006 8.46149179e-006 7.03495411e-006 
2.25000000e+000 2.62500000e+001 1.00000000e+001 2.90646551e-005 3.02036138e-005 2.28752091e-005 2.11656008e-005 1.79348454e-005 1.69917580e-005 1.65923490e-005 1.38084109e-005 1.06179844e-005 
2.25000000e+000 2.90204669e+001 1.00000000e+001 2.36449678e-004 1.06166232e-004 6.12513844e-005 5.30449451e-005 3.92828432e-005 3.57902376e-005 3.43838544e-005 2.60229518e-005 1.82688781e-005 
2.25000000e+000 3.15485737e+001 1.00000000e+001 1.23395678e-003 2.36682353e-004 1.11221075e-004 9.21869862e-005 6.28305129e-005 5.59555323e-005 5.32565210e-005 3.82260307e-005 2.55582159e-005 
2.25000000e+000 3.38886043e+001 1.00000000e+001 6.39879327e-003 4.84720825e-004 1.81825080e-004 1.44034887e-004 9.05285305e-005 7.89509389e-005 7.45116966e-005 5.10837879e-005 3.28406544e-005 
2.50000000e+000 8.75000000e+000 1.00000000e+001 1.08903904e-008 3.19117326e-007 7.96782554e-007 9.85709661e-007 1.49756505e-006 1.67692879e-006 1.75528175e-006 2.18745564e-006 2.49099726e-006 
2.50000000e+000 1.51554446e+001 1.00000000e+001 1.26156355e-007 1.18584659e-006 1.96226603e-006 2.19934841e-006 2.74888704e-006 2.91330523e-006 2.98079015e-006 3.25725508e-006 3.26611781e-006 
2.50000000e+000 1.95655948e+001 1.00000000e+001 8.29283784e-007 3.45887382e-006 4.29487088e-006 4.48927631e-006 4.87633635e-006 4.96385048e-006 4.99429633e-006 4.94668046e-006 4.50024966e-006 
2.50000000e+000 2.31503240e+001 1.00000000e+001 4.31984578e-006 9.27154846e-006 9.10891172e-006 8.98654221e-006 8.67888209e-006 8.53956922e-006 8.47119337e-006 7.72465820e-006 6.48224625e-006 
2.50000000e+000 2.62500000e+001 1.00000000e+001 2.65269198e-005 2.82892230e-005 2.16330176e-005 2.00641193e-005 1.70832444e-005 1.62067670e-005 1.58345545e-005 1.32181378e-005 1.01901400e-005 
2.50000000e+000 2.90204669e+001 1.00000000e+001 2.73612947e-004 1.11707565e-004 6.31839971e-005 5.44939255e-005 4.00459479e-005 3.64084368e-005 3.49472744e-005 2.63159341e-005 1.83810137e-005 
2.50000000e+000 3.15485737e+001 1.00000000e+001 1.87293261e-003 2.75976049e-004 1.22309788e-004 1.00199171e-004 6.68732418e-005 5.92313217e-005 5.62499075e-005 3.98842792e-005 2.63724284e-005 
2.50000000e+000 3.38886043e+001 1.00000000e+001 1.27786839e-002 6.34872713e-004 2.14264047e-004 1.66139315e-004 1.00521587e-004 8.68155839e-005 8.16144933e-005 5.47810455e-005 3.45778404e-005 
0.00000000e+000 8.75000000e+000 2.00000000e+001 9.95266033e-005 6.92761687e-005 4.47026588e-005 3.97581949e-005 3.11029941e-005 2.87848672e-005 2.78308554e-005 2.17812606e-005 1.55940680e-005 
0.00000000e+000 1.51554446e+001 2.00000000e+001 1.18111141e-004 8.18276410e-005 5.23358665e-005 4.63302036e-005 3.57529101e-005 3.29333793e-005 3.17789950e-005 2.46100071e-005 1.75325373e-005 
0.00000000e+000 1.95655948e+001 2.00000000e+001 1.35702875e-004 9.35033447e-005 5.95066749e-005 5.25534119e-005 4.02601381e-005 3.69858061e-005 3.56480463e-005 2.74274441e-005 1.94737240e-005 
0.00000000e+000 2.31503240e+001 2.00000000e+001 1.53437802e-004 1.05192833e-004 6.67308455e-005 5.88547008e-005 4.49019518e-005 4.11850846e-005 3.96678717e-005 3.03968211e-005 2.15334014e-005 
0.00000000e+000 2.62500000e+001 2.00000000e+001 1.72478783e-004 1.17685296e-004 7.44676348e-005 6.56186373e-005 4.99299352e-005 4.57503780e-005 4.40450876e-005 3.36599613e-005 2.38079067e-005 
0.00000000e+000 2.90204669e+001 2.00000000e+001 1.92980778e-004 1.31107318e-004 8.27940404e-005 7.29075630e-005 5.53768740e-005 5.07073781e-005 4.88027697e-005 3.72288645e-005 2.63049688e-005 
0.00000000e+000 3.15485737e+001 2.00000000e+001 2.14593003e-004 1.45254608e-004 9.15893150e-005 8.06149078e-005 6.11571935e-005 5.59759012e-005 5.38630338e-005 4.10419076e-005 2.89811957e-005 
0.00000000e+000 3.38886043e+001 2.00000000e+001 2.38625571e-004 1.60992794e-004 1.01392132e-004 8.92122879e-005 6.76221641e-005 6.18752152e-005 5.95321922e-005 4.53290414e-005 3.19982657e-005 
2.50000000e-001 8.75000000e+000 2.00000000e+001 2.92207416e-005 3.41716135e-005 2.62052667e-005 2.42754992e-005 2.05920448e-005 1.95028103e-005 1.90385158e-005 1.57590838e-005 1.19185627e-005 
2.50000000e-001 1.51554446e+001 2.00000000e+001 4.14553895e-005 4.40691830e-005 3.26070859e-005 2.98806226e-005 2.47091643e-005 2.32179855e-005 2.25909836e-005 1.83706456e-005 1.37393224e-005 
2.50000000e-001 1.95655948e+001 2.00000000e+001 5.71373356e-005 5.53102291e-005 3.96555360e-005 3.60343270e-005 2.92320893e-005 2.73036397e-005 2.64993161e-005 2.12440911e-005 1.57231483e-005 
2.50000000e-001 2.31503240e+001 2.00000000e+001 7.78374166e-005 6.87320404e-005 4.78122229e-005 4.31207886e-005 3.44177574e-005 3.19871846e-005 3.09795485e-005 2.45353513e-005 1.79802692e-005 
2.50000000e-001 2.62500000e+001 2.00000000e+001 1.09075923e-004 8.67548294e-005 5.83076813e-005 5.21532537e-005 4.09218686e-005 3.78387506e-005 3.65683899e-005 2.86028841e-005 2.07342649e-005 
2.50000000e-001 2.90204669e+001 2.00000000e+001 1.62670999e-004 1.13875578e-004 7.32888474e-005 6.48766411e-005 4.98467099e-005 4.58093615e-005 4.41579151e-005 3.40256931e-005 2.43272094e-005 
2.50000000e-001 3.15485737e+001 2.00000000e+001 2.13683862e-004 1.39430713e-004 8.75508289e-005 7.70375711e-005 5.84664920e-005 5.35361650e-005 5.15274147e-005 3.93480181e-005 2.78947766e-005 
2.50000000e-001 3.38886043e+001 2.00000000e+001 2.65660834e-004 1.64833653e-004 1.01825384e-004 8.92492253e-005 6.72009059e-005 6.13919704e-005 5.90312480e-005 4.48224786e-005 3.16066780e-005 
5.00000000e-001 8.75000000e+000 2.00000000e+001 9.17368204e-006 1.72438426e-005 1.55637459e-005 1.49882405e-005 1.37397689e-005 1.33058827e-005 1.31100961e-005 1.14567076e-005 9.13951226e-006 
5.00000000e-001 1.51554446e+001 2.00000000e+001 1.68560722e-005 2.51259538e-005 2.10246205e-005 1.98518994e-005 1.74442310e-005 1.66844932e-005 1.63549410e-005 1.38989452e-005 1.08683870e-005 
5.00000000e-001 1.95655948e+001 2.00000000e+001 2.90499723e-005 3.54683929e-005 2.77940828e-005 2.58202486e-005 2.19206326e-005 2.07518387e-005 2.02550530e-005 1.68015850e-005 1.28833652e-005 
5.00000000e-001 2.31503240e+001 2.00000000e+001 4.85507835e-005 4.94464608e-005 3.64543023e-005 3.33700158e-005 2.74794597e-005 2.57802834e-005 2.50680748e-005 2.03443792e-005 1.53050338e-005 
5.00000000e-001 2.62500000e+001 2.00000000e+001 8.52257240e-005 7.11885845e-005 4.90431178e-005 4.41709003e-005 3.51949046e-005 3.27023678e-005 3.16711628e-005 2.51078300e-005 1.84869532e-005 
5.00000000e-001 2.90204669e+001 2.00000000e+001 1.65214563e-004 1.09822003e-004 6.97907583e-005 6.16419188e-005 4.72109402e-005 4.33654770e-005 4.17963790e-005 3.22132594e-005 2.30891707e-005 
5.00000000e-001 3.15485737e+001 2.00000000e+001 2.51528249e-004 1.46782138e-004 8.93003295e-005 7.80465881e-005 5.85054868e-005 5.34025103e-005 5.13342236e-005 3.89487686e-005 2.74925900e-005 
5.00000000e-001 3.38886043e+001 2.00000000e+001 3.55842539e-004 1.84896538e-004 1.08850719e-004 9.44206994e-005 6.97375764e-005 6.33856800e-005 6.08232500e-005 4.56746372e-005 3.19216942e-005 
7.50000000e-001 8.75000000e+000 2.00000000e+001 3.05224829e-006 8.89002445e-006 9.36036178e-006 9.35429689e-006 9.23756774e-006 9.13977231e-006 9.08620514e-006 8.36824695e-006 7.03134454e-006 
7.50000000e-001 1.51554446e+001 2.00000000e+001 7.49777043e-006 1.49801900e-005 1.39565851e-005 1.35311663e-005 1.25516354e-005 1.21977356e-005 1.20371473e-005 1.06471683e-005 8.67356703e-006 
7.50000000e-001 1.95655948e+001 2.00000000e+001 1.61714506e-005 2.40166037e-005 2.02387489e-005 1.91459964e-005 1.68783078e-005 1.61590251e-005 1.58473712e-005 1.35302055e-005 1.06962175e-005 
7.50000000e-001 2.31503240e+001 2.00000000e+001 3.28659382e-005 3.76392244e-005 2.89920124e-005 2.68361802e-005 2.26235253e-005 2.13764153e-005 2.08490803e-005 1.72410333e-005 1.32414049e-005 
7.50000000e-001 2.62500000e+001 2.00000000e+001 7.12790906e-005 6.16580478e-005 4.30650561e-005 3.89324023e-005 3.12835891e-005 2.91479518e-005 2.82627608e-005 2.25840153e-005 1.67938874e-005 
7.50000000e-001 2.90204669e+001 2.00000000e+001 1.75681491e-004 1.10566411e-004 6.89874679e-005 6.06765086e-005 4.61040817e-005 4.22607275e-005 4.06978835e-005 3.12352122e-005 2.23329752e-005 
7.50000000e-001 3.15485737e+001 2.00000000e+001 3.13516482e-004 1.60673590e-004 9.41056379e-005 8.15412911e-005 6.01233142e-005 5.46319255e-005 5.24193684e-005 3.93695424e-005 2.75533665e-005 
7.50000000e-001 3.38886043e+001 2.00000000e+001 5.26294843e-004 2.17472537e-004 1.20522877e-004 1.03176928e-004 7.43342579e-005 6.71110182e-005 6.42218095e-005 4.74988250e-005 3.27595996e-005 
1.00000000e+000 8.75000000e+000 2.00000000e+001 1.06573185e-006 4.67470939e-006 5.69709439e-006 5.89856019e-006 6.25645220e-006 6.31955433e-006 6.33701550e-006 6.14060384e-006 5.42684260e-006 
1.00000000e+000 1.51554446e+001 2.00000000e+001 3.51780814e-006 9.23634424e-006 9.48855022e-006 9.42292375e-006 9.18222057e-006 9.05396929e-006 8.98960924e-006 8.24871792e-006 6.97894524e-006 
1.00000000e+000 1.95655948e+001 2.00000000e+001 9.42820933e-006 1.68496041e-005 1.51541056e-005 1.45671395e-005 1.32721840e-005 1.28317282e-005 1.26364935e-005 1.10636096e-005 8.98342715e-006 
1.00000000e+000 2.31503240e+001 2.00000000e+001 2.31134354e-005 2.96086929e-005 2.37084708e-005 2.21553283e-005 1.90482044e-005 1.81043603e-005 1.77018791e-005 1.48649589e-005 1.16114446e-005 
1.00000000e+000 2.62500000e+001 2.00000000e+001 6.13658555e-005 5.49168341e-005 3.87934554e-005 3.51681703e-005 2.84248156e-005 2.65326206e-005 2.57471592e-005 2.06801540e-005 1.54789890e-005 
1.00000000e+000 2.90204669e+001 2.00000000e+001 1.90595800e-004 1.13465628e-004 6.95160604e-005 6.08719714e-005 4.58447390e-005 4.19175933e-005 4.03256839e-005 3.07708203e-005 2.18958143e-005 
1.00000000e+000 3.15485737e+001 2.00000000e+001 4.07735651e-004 1.79651633e-004 1.00975500e-004 8.66861396e-005 6.27783049e-005 5.67599088e-005 5.43492009e-005 4.03454037e-005 2.79404435e-005 
1.00000000e+000 3.38886043e+001 2.00000000e+001 8.49265377e-004 2.64639051e-004 1.36641967e-004 1.15214768e-004 8.06772454e-005 7.22787081e-005 6.89497972e-005 5.01053482e-005 3.40154999e-005 
1.25000000e+000 8.75000000e+000 2.00000000e+001 3.86961882e-007 2.50267096e-006 3.50661195e-006 3.75595965e-006 4.26743699e-006 4.39740405e-006 4.44652468e-006 4.52624404e-006 4.20167907e-006 
1.25000000e+000 1.51554446e+001 2.00000000e+001 1.70674855e-006 5.83806828e-006 6.57595106e-006 6.67862961e-006 6.81337718e-006 6.80950673e-006 6.79961837e-006 6.45549618e-006 5.65787611e-006 
1.25000000e+000 1.95655948e+001 2.00000000e+001 5.64906696e-006 1.21013524e-005 1.15779279e-005 1.12967889e-005 1.06097247e-005 1.03495617e-005 1.02304783e-005 9.16261056e-006 7.62065055e-006 
1.25000000e+000 2.31503240e+001 2.00000000e+001 1.66185150e-005 2.37645083e-005 1.97503981e-005 1.86215274e-005 1.63005247e-005 1.55746087e-005 1.52621726e-005 1.29895684e-005 1.02949532e-005 
1.25000000e+000 2.62500000e+001 2.00000000e+001 5.36988386e-005 4.96951876e-005 3.54958769e-005 3.22617020e-005 2.62093573e-005 2.45011174e-005 2.37907860e-005 1.91840010e-005 1.44271373e-005 
1.25000000e+000 2.90204669e+001 2.00000000e+001 2.09894380e-004 1.17637021e-004 7.07948837e-005 6.17267960e-005 4.60857362e-005 4.20314371e-005 4.03925041e-005 3.06329619e-005 2.16740888e-005 
1.25000000e+000 3.15485737e+001 2.00000000e+001 5.52788283e-004 2.04015047e-004 1.09634203e-004 9.31962595e-005 6.62284809e-005 5.95661375e-005 5.69131359e-005 4.17305156e-005 2.85698647e-005 
1.25000000e+000 3.38886043e+001 2.00000000e+001 1.48806921e-003 3.31825514e-004 1.57898708e-004 1.30870876e-004 8.87672450e-005 7.88501593e-005 7.49572340e-005 5.34212122e-005 3.56348549e-005 
1.50000000e+000 8.75000000e+000 2.00000000e+001 1.44993466e-007 1.36161057e-006 2.18104239e-006 2.41368870e-006 2.93046892e-006 3.07859727e-006 3.13825028e-006 3.35086436e-006 3.26313561e-006 
1.50000000e+000 1.51554446e+001 2.00000000e+001 8.47311180e-007 3.75877250e-006 4.62762489e-006 4.80178601e-006 5.11677140e-006 5.17951217e-006 5.19978932e-006 5.09759007e-006 4.61846647e-006 
1.50000000e+000 1.95655948e+001 2.00000000e+001 3.44786755e-006 8.83188858e-006 8.97644459e-006 8.88561220e-006 8.59059435e-006 8.45078568e-006 8.38310118e-006 7.66835268e-006 6.52020418e-006 
1.50000000e+000 2.31503240e+001 2.00000000e+001 1.21294201e-005 1.93281230e-005 1.66634803e-005 1.58481006e-005 1.41151633e-005 1.35539768e-005 1.33098035e-005 1.14695824e-005 9.20972714e-006 
1.50000000e+000 2.62500000e+001 2.00000000e+001 4.75014691e-005 4.54240792e-005 3.28086804e-005 2.98964026e-005 2.44099395e-005 2.28511275e-005 2.22016149e-005 1.79649063e-005 1.35621798e-005 
1.50000000e+000 2.90204669e+001 2.00000000e+001 2.34504752e-004 1.22788178e-004 7.25678315e-005 6.30073862e-005 4.66463302e-005 4.24384510e-005 4.07417616e-005 3.07110522e-005 2.16013130e-005 
1.50000000e+000 3.15485737e+001 2.00000000e+001 7.82220649e-004 2.34897584e-004 1.20132749e-004 1.01045302e-004 7.03849161e-005 6.29587159e-005 6.00194206e-005 4.34477836e-005 2.93908065e-005 
1.50000000e+000 3.38886043e+001 2.00000000e+001 2.81885660e-003 4.28063071e-004 1.85626909e-004 1.50912614e-004 9.88003975e-005 8.69415618e-005 8.23342853e-005 5.74467077e-005 3.75962816e-005 
1.75000000e+000 8.75000000e+000 2.00000000e+001 5.57222528e-008 7.51508261e-007 1.36975403e-006 1.56445130e-006 2.02530846e-006 2.16787956e-006 2.22727820e-006 2.49117346e-006 2.54185431e-006 
1.75000000e+000 1.51554446e+001 2.00000000e+001 4.27886262e-007 2.45401513e-006 3.29644102e-006 3.49259434e-006 3.88163193e-006 3.97762322e-006 4.01374776e-006 4.05715986e-006 3.79348392e-006 
1.75000000e+000 1.95655948e+001 2.00000000e+001 2.13348775e-006 6.52086554e-006 7.03576665e-006 7.06398625e-006 7.02545331e-006 6.96762032e-006 6.93537286e-006 6.47333549e-006 5.61950886e-006 
1.75000000e+000 2.31503240e+001 2.00000000e+001 8.95298707e-006 1.58682823e-005 1.41872603e-005 1.36096781e-005 1.23302806e-005 1.18978756e-005 1.17072604e-005 1.02097793e-005 8.29876705e-006 
1.75000000e+000 2.62500000e+001 2.00000000e+001 4.23525320e-005 4.18109944e-005 3.05369368e-005 2.78990446e-005 2.28951467e-005 2.14633685e-005 2.08654526e-005 1.69407106e-005 1.28330706e-005 
1.75000000e+000 2.90204669e+001 2.00000000e+001 2.66019156e-004 1.28851792e-004 7.47215389e-005 6.46032187e-005 4.74306141e-005 4.30489580e-005 4.12866151e-005 3.09388722e-005 2.16344357e-005 
1.75000000e+000 3.15485737e+001 2.00000000e+001 1.15658082e-003 2.74094286e-004 1.32704261e-004 1.10346793e-004 7.52420607e-005 6.69167912e-005 6.36425506e-005 4.54607555e-005 3.03735340e-005 
1.75000000e+000 3.38886043e+001 2.00000000e+001 5.74802403e-003 5.67602433e-004 2.21821650e-004 1.76507195e-004 1.11123167e-004 9.67833433e-005 9.12730411e-005 6.22326552e-005 3.99012814e-005 
2.00000000e+000 8.75000000e+000 2.00000000e+001 2.18594478e-008 4.20081181e-007 8.67932764e-007 1.02210730e-006 1.40824053e-006 1.53502995e-006 1.58915054e-006 1.85956491e-006 1.98579108e-006 
2.00000000e+000 1.51554446e+001 2.00000000e+001 2.19014556e-007 1.61959762e-006 2.37121793e-006 2.56435270e-006 2.96966213e-006 3.07951363e-006 3.12298687e-006 3.25140462e-006 3.13331047e-006 
2.00000000e+000 1.95655948e+001 2.00000000e+001 1.33459214e-006 4.85703842e-006 5.56071041e-006 5.66200917e-006 5.79073764e-006 5.78917839e-006 5.78161968e-006 5.50333509e-006 4.87331993e-006 
2.00000000e+000 2.31503240e+001 2.00000000e+001 6.66785950e-006 1.31204999e-005 1.21611778e-005 1.17663567e-005 1.08427790e-005 1.05131765e-005 1.03655181e-005 9.14621421e-006 7.52194322e-006 
2.00000000e+000 2.62500000e+001 2.00000000e+001 3.79920172e-005 3.86862988e-005 2.85675777e-005 2.61682637e-005 2.15855371e-005 2.02647489e-005 1.97118882e-005 1.60584939e-005 1.22050832e-005 
2.00000000e+000 2.90204669e+001 2.00000000e+001 3.06782723e-004 1.35864141e-004 7.72095837e-005 6.64632857e-005 4.83871860e-005 4.38132514e-005 4.19782767e-005 3.12762801e-005 2.17453269e-005 
2.00000000e+000 3.15485737e+001 2.00000000e+001 1.78743594e-003 3.24154741e-004 1.47717045e-004 1.21308819e-004 8.08449458e-005 7.14622233e-005 6.77968111e-005 4.77579121e-005 3.15019727e-005 
2.00000000e+000 3.38886043e+001 2.00000000e+001 1.25565779e-002 7.72966950e-004 2.69312268e-004 2.09287692e-004 1.26226192e-004 1.08709208e-004 1.02055556e-004 6.78694792e-005 4.25682634e-005 
2.25000000e+000 8.75000000e+000 2.00000000e+001 8.72134805e-009 2.37469018e-007 5.54458694e-007 6.72702184e-007 9.84781168e-007 1.09261954e-006 1.13956753e-006 1.39350323e-006 1.55577133e-006 
2.25000000e+000 1.51554446e+001 2.00000000e+001 1.13359206e-007 1.07817913e-006 1.71924038e-006 1.89736209e-006 2.28814006e-006 2.40062009e-006 2.44639732e-006 2.62136153e-006 2.60099816e-006 
2.25000000e+000 1.95655948e+001 2.00000000e+001 8.42364338e-007 3.64298672e-006 4.42371104e-006 4.56765312e-006 4.80299809e-006 4.83988278e-006 4.84951489e-006 4.70601772e-006 4.24847347e-006 
2.25000000e+000 2.31503240e+001 2.00000000e+001 5.00314815e-006 1.09097077e-005 1.04795636e-005 1.02259786e-005 9.58402282e-006 9.33749329e-006 9.22475348e-006 8.23481543e-006 6.85053210e-006 
2.25000000e+000 2.62500000e+001 2.00000000e+001 3.42462097e-005 3.59417485e-005 2.68299353e-005 2.46406952e-005 2.04307908e-005 1.92086036e-005 1.86957907e-005 1.52832632e-005 1.16542048e-005 
2.25000000e+000 2.90204669e+001 2.00000000e+001 3.60158224e-004 1.43922762e-004 8.00198771e-005 6.85673443e-005 4.94888359e-005 4.47038176e-005 4.27892908e-005 3.16987145e-005 2.19154478e-005 
2.25000000e+000 3.15485737e+001 2.00000000e+001 2.88484258e-003 3.88626966e-004 1.65670291e-004 1.34221484e-004 8.72744484e-005 7.66459647e-005 7.25232361e-005 5.03439149e-005 3.27691204e-005 
2.25000000e+000 3.38886043e+001 2.00000000e+001 2.92100036e-002 1.08020680e-003 3.32073331e-004 2.51492805e-004 1.44762045e-004 1.23162851e-004 1.15057475e-004 7.44833413e-005 4.56292783e-005 
2.50000000e+000 8.75000000e+000 2.00000000e+001 3.52881370e-009 1.35576212e-007 3.56848739e-007 4.45748091e-007 6.92351426e-007 7.81559769e-007 8.21068944e-007 1.04814417e-006 1.22221491e-006 
2.50000000e+000 1.51554446e+001 2.00000000e+001 5.92325873e-008 7.22869109e-007 1.25468222e-006 1.41282933e-006 1.77360139e-006 1.88233249e-006 1.92745589e-006 2.12447670e-006 2.16878101e-006 
2.50000000e+000 1.95655948e+001 2.00000000e+001 5.35747437e-007 2.74802163e-006 3.53782914e-006 3.70405747e-006 4.00401728e-006 4.06666647e-006 4.08812057e-006 4.04369068e-006 3.72031069e-006 
2.50000000e+000 2.31503240e+001 2.00000000e+001 3.77815883e-006 9.11351277e-006 9.06894727e-006 8.92458609e-006 8.50634126e-006 8.32738772e-006 8.24325046e-006 7.44437791e-006 6.26360934e-006 
2.50000000e+000 2.62500000e+001 2.00000000e+001 3.09928854e-005 3.35031348e-005 2.52768434e-005 2.32742486e-005 1.93975137e-005 1.82638669e-005 1.77870586e-005 1.45912251e-005 1.11635355e-005 
2.50000000e+000 2.90204669e+001 2.00000000e+001 4.30958226e-004 1.53172458e-004 8.31601257e-005 7.09124932e-005 5.07220992e-005 4.57059175e-005 4.37045616e-005 3.21911042e-005 2.21324922e-005 
2.50000000e+000 3.15485737e+001 2.00000000e+001 4.85224478e-003 4.72447735e-004 1.87212195e-004 1.49460766e-004 9.46417483e-005 8.25420963e-005 7.78836279e-005 5.32347996e-005 3.41742194e-005 
2.50000000e+000 3.38886043e+001 2.00000000e+001 7.18344063e-002 1.54788769e-003 4.15705259e-004 3.06185562e-004 1.67581597e-004 1.40717416e-004 1.30762614e-004 8.22368162e-005 4.91285108e-005 
END