TITLE="3SCB_ER_E_WD245.dat"
VARIABLES= "Density" "Radius" "Height" "0.1053" "0.356" "0.6617" "0.7889" "1.1732" "1.3325" "1.408" "2" "3" 
ZONE T="3D Data" I=11 J=8 K=3 F=POINT
0.00000000e+000 2.18750000e+000 0.00000000e+000 9.57862105e-005 6.59838131e-005 4.16170615e-005 3.66595372e-005 2.80138594e-005 2.57457776e-005 2.48225655e-005 1.91559346e-005 1.36219675e-005 
0.00000000e+000 6.56250000e+000 0.00000000e+000 9.89732307e-005 6.80008986e-005 4.32398938e-005 3.82268690e-005 2.94410544e-005 2.71097319e-005 2.61563107e-005 2.02437507e-005 1.44046113e-005 
0.00000000e+000 1.09375000e+001 0.00000000e+000 1.14077274e-004 7.78368297e-005 4.98719334e-005 4.42104216e-005 3.42010023e-005 3.15130992e-005 3.04097553e-005 2.35330448e-005 1.67361003e-005 
0.00000000e+000 1.53125000e+001 0.00000000e+000 1.43022655e-004 9.70126237e-005 6.20341690e-005 5.49302476e-005 4.23321963e-005 3.89470198e-005 3.75587371e-005 2.89588038e-005 2.05726587e-005 
0.00000000e+000 1.96875000e+001 0.00000000e+000 1.80130766e-004 1.21675160e-004 7.75361620e-005 6.85433978e-005 5.25781442e-005 4.82966050e-005 4.65436908e-005 3.57596383e-005 2.53810357e-005 
0.00000000e+000 2.40625000e+001 0.00000000e+000 2.18578111e-004 1.47162442e-004 9.34855940e-005 8.25328592e-005 6.30873195e-005 5.78835221e-005 5.57559496e-005 4.27315562e-005 3.03084201e-005 
0.00000000e+000 2.84375000e+001 0.00000000e+000 2.49571649e-004 1.67703252e-004 1.06435286e-004 9.39297872e-005 7.17261986e-005 6.57878909e-005 6.33610064e-005 4.85262188e-005 3.44148938e-005 
0.00000000e+000 3.28125000e+001 0.00000000e+000 2.69052661e-004 1.80635063e-004 1.14785607e-004 1.01356856e-004 7.75073020e-005 7.11217230e-005 6.85105392e-005 5.25193995e-005 3.72610511e-005 
2.50000000e-001 2.18750000e+000 0.00000000e+000 2.83113725e-005 3.29187966e-005 2.46819838e-005 2.26452926e-005 1.87578320e-005 1.76384539e-005 1.71683362e-005 1.40004764e-005 1.05034309e-005 
2.50000000e-001 6.56250000e+000 0.00000000e+000 3.03831794e-005 3.45321512e-005 2.59645512e-005 2.38806881e-005 1.98933967e-005 1.87313582e-005 1.82407389e-005 1.48976015e-005 1.11689471e-005 
2.50000000e-001 1.09375000e+001 0.00000000e+000 3.78727865e-005 4.10560569e-005 3.07626352e-005 2.83019910e-005 2.35720867e-005 2.21812728e-005 2.15925121e-005 1.75805841e-005 1.31362487e-005 
2.50000000e-001 1.53125000e+001 0.00000000e+000 5.33444214e-005 5.42767377e-005 3.99190261e-005 3.65482419e-005 3.01075318e-005 2.82325960e-005 2.74426911e-005 2.21578690e-005 1.64656811e-005 
2.50000000e-001 1.96875000e+001 0.00000000e+000 7.89870477e-005 7.40764782e-005 5.30421557e-005 4.82266660e-005 3.91395764e-005 3.65390997e-005 3.54510621e-005 2.83311305e-005 2.09004985e-005 
2.50000000e-001 2.40625000e+001 0.00000000e+000 1.19277185e-004 1.00692361e-004 6.96319008e-005 6.27675690e-005 5.00483205e-005 4.64852469e-005 4.50059535e-005 3.55442468e-005 2.59727940e-005 
2.50000000e-001 2.84375000e+001 0.00000000e+000 1.95297690e-004 1.40008539e-004 9.17975067e-005 8.17164975e-005 6.35568652e-005 5.86180550e-005 5.65877316e-005 4.39534668e-005 3.16300050e-005 
2.50000000e-001 3.28125000e+001 0.00000000e+000 2.65299143e-004 1.73043542e-004 1.09945035e-004 9.71632291e-005 7.45017672e-005 6.84348143e-005 6.59531052e-005 5.07189143e-005 3.61225801e-005 
5.00000000e-001 2.18750000e+000 0.00000000e+000 8.45778462e-006 1.64797989e-005 1.46668848e-005 1.40117061e-005 1.25745573e-005 1.20964998e-005 1.18859069e-005 1.02397072e-005 8.10274557e-006 
5.00000000e-001 6.56250000e+000 0.00000000e+000 9.72570166e-006 1.77854681e-005 1.57163901e-005 1.50203267e-005 1.35054966e-005 1.29966705e-005 1.27713520e-005 1.09949281e-005 8.67729587e-006 
5.00000000e-001 1.09375000e+001 0.00000000e+000 1.37661480e-005 2.23671596e-005 1.93317044e-005 1.84077938e-005 1.64273646e-005 1.57677019e-005 1.54764485e-005 1.32237932e-005 1.03595738e-005 
5.00000000e-001 1.53125000e+001 0.00000000e+000 2.28025605e-005 3.19852632e-005 2.64868175e-005 2.49656634e-005 2.18152546e-005 2.08092086e-005 2.03718034e-005 1.71526138e-005 1.32858501e-005 
5.00000000e-001 1.96875000e+001 0.00000000e+000 4.12108507e-005 4.84316140e-005 3.78917233e-005 3.52271086e-005 2.99300509e-005 2.83198093e-005 2.76318996e-005 2.28325089e-005 1.74185865e-005 
5.00000000e-001 2.40625000e+001 0.00000000e+000 7.95411043e-005 7.53862476e-005 5.48841489e-005 5.01511744e-005 4.11610268e-005 3.85653023e-005 3.74759223e-005 3.02625780e-005 2.26283637e-005 
5.00000000e-001 2.84375000e+001 0.00000000e+000 1.86856754e-004 1.29577858e-004 8.47643003e-005 7.55080993e-005 5.89161644e-005 5.44146740e-005 5.25645031e-005 4.10220702e-005 2.97061120e-005 
5.00000000e-001 3.28125000e+001 0.00000000e+000 3.10257996e-004 1.81000813e-004 1.11715244e-004 9.81530838e-005 7.45041368e-005 6.82684088e-005 6.57292522e-005 5.03013226e-005 3.57049660e-005 
7.50000000e-001 2.18750000e+000 0.00000000e+000 2.55381156e-006 8.27872830e-006 8.73263963e-006 8.68413713e-006 8.43923928e-006 8.30431419e-006 8.23681151e-006 7.49441236e-006 6.25378495e-006 
7.50000000e-001 6.56250000e+000 0.00000000e+000 3.23091781e-006 9.28410585e-006 9.58714982e-006 9.51004303e-006 9.21114073e-006 9.05476195e-006 8.97689488e-006 8.13765925e-006 6.75472224e-006 
7.50000000e-001 1.09375000e+001 0.00000000e+000 5.36312194e-006 1.25391124e-005 1.23583146e-005 1.21504127e-005 1.15685877e-005 1.13139801e-005 1.11921451e-005 1.00121050e-005 8.20728597e-006 
7.50000000e-001 1.53125000e+001 0.00000000e+000 1.06494343e-005 1.96536690e-005 1.80435869e-005 1.74498580e-005 1.60731093e-005 1.55703614e-005 1.53419800e-005 1.34214772e-005 1.08019661e-005 
7.50000000e-001 1.96875000e+001 0.00000000e+000 2.36319181e-005 3.33273384e-005 2.80089876e-005 2.65201528e-005 2.34106441e-005 2.24047900e-005 2.19656732e-005 1.86790540e-005 1.46743873e-005 
7.50000000e-001 2.40625000e+001 0.00000000e+000 5.78916072e-005 5.96682556e-005 4.50147960e-005 4.15294657e-005 3.48029854e-005 3.28186527e-005 3.19791912e-005 2.62622777e-005 1.99940066e-005 
7.50000000e-001 2.84375000e+001 0.00000000e+000 1.90358283e-004 1.26048833e-004 8.14299310e-005 7.23684067e-005 5.62708503e-005 5.19391283e-005 5.01630201e-005 3.91321564e-005 2.83702002e-005 
7.50000000e-001 3.28125000e+001 0.00000000e+000 3.87978165e-004 1.97371739e-004 1.17264431e-004 1.02176580e-004 7.63719966e-005 6.96954194e-005 6.69929178e-005 5.08122912e-005 3.57996646e-005 
1.00000000e+000 2.18750000e+000 0.00000000e+000 7.79283885e-007 4.17330631e-006 5.20959027e-006 5.39119765e-006 5.67041134e-006 5.70680138e-006 5.71358519e-006 5.48899701e-006 4.82906925e-006 
1.00000000e+000 6.56250000e+000 0.00000000e+000 1.10772813e-006 4.90757662e-006 5.89183314e-006 6.05969125e-006 6.31047265e-006 6.33371756e-006 6.33386331e-006 6.03967918e-006 5.26828066e-006 
1.00000000e+000 1.09375000e+001 0.00000000e+000 2.19691748e-006 7.20398351e-006 8.02357989e-006 8.12883805e-006 8.22674757e-006 8.18980664e-006 8.16197991e-006 7.62786789e-006 6.53084237e-006 
1.00000000e+000 1.53125000e+001 0.00000000e+000 5.25948410e-006 1.24753887e-005 1.25664119e-005 1.24379444e-005 1.20181481e-005 1.18075807e-005 1.17035008e-005 1.06054408e-005 8.84483504e-006 
1.00000000e+000 1.96875000e+001 0.00000000e+000 1.42940214e-005 2.37695415e-005 2.12546524e-005 2.04451242e-005 1.86552677e-005 1.80314413e-005 1.77521206e-005 1.54805604e-005 1.24819858e-005 
1.00000000e+000 2.40625000e+001 0.00000000e+000 4.40207110e-005 4.88720483e-005 3.79460958e-005 3.52738416e-005 3.00478490e-005 2.84780448e-005 2.78095032e-005 2.31439457e-005 1.78763692e-005 
1.00000000e+000 2.84375000e+001 0.00000000e+000 1.99776262e-004 1.25756826e-004 8.00411816e-005 7.09009840e-005 5.48016275e-005 5.05069382e-005 4.87509637e-005 3.79186982e-005 2.74420004e-005 
1.00000000e+000 3.28125000e+001 0.00000000e+000 5.09851391e-004 2.20550639e-004 1.25516399e-004 1.08338151e-004 7.95438955e-005 7.22396767e-005 6.93016455e-005 5.19886918e-005 3.62737114e-005 
1.25000000e+000 2.18750000e+000 0.00000000e+000 2.40220497e-007 2.11104988e-006 3.11395139e-006 3.35248405e-006 3.81440234e-006 3.92578657e-006 3.96717236e-006 4.02303471e-006 3.73072889e-006 
1.25000000e+000 6.56250000e+000 0.00000000e+000 3.89837702e-007 2.62429654e-006 3.64646215e-006 3.88472181e-006 4.34201103e-006 4.44758337e-006 4.48555343e-006 4.49477413e-006 4.11674655e-006 
1.25000000e+000 1.09375000e+001 0.00000000e+000 9.32694336e-007 4.22481837e-006 5.28136916e-006 5.50463877e-006 5.90311789e-006 5.97680691e-006 5.99881192e-006 5.84573097e-006 5.21877538e-006 
1.25000000e+000 1.53125000e+001 0.00000000e+000 2.69437003e-006 8.11852851e-006 8.91280867e-006 9.01261628e-006 9.10212169e-006 9.06018808e-006 9.02976203e-006 8.45480351e-006 7.28977590e-006 
1.25000000e+000 1.96875000e+001 0.00000000e+000 8.93955171e-006 1.73860833e-005 1.64554673e-005 1.60561206e-005 1.50928072e-005 1.47182139e-005 1.45446302e-005 1.29728924e-005 1.07076463e-005 
1.25000000e+000 2.40625000e+001 0.00000000e+000 3.43679073e-005 4.09192373e-005 3.26026718e-005 3.05065507e-005 2.63515971e-005 2.50811409e-005 2.45366280e-005 2.06478936e-005 1.61410407e-005 
1.25000000e+000 2.84375000e+001 0.00000000e+000 2.14302915e-004 1.27318056e-004 7.97798674e-005 7.04194703e-005 5.40608129e-005 4.97323303e-005 4.79673070e-005 3.71566402e-005 2.68014367e-005 
1.25000000e+000 3.28125000e+001 0.00000000e+000 7.01509713e-004 2.51018195e-004 1.36177384e-004 1.16330331e-004 8.37622835e-005 7.56687730e-005 7.24342085e-005 5.36812374e-005 3.70430681e-005 
1.50000000e+000 2.18750000e+000 0.00000000e+000 7.47578463e-008 1.07153614e-006 1.86495665e-006 2.08819077e-006 2.56885058e-006 2.70336932e-006 2.75724950e-006 2.95066497e-006 2.88359138e-006 
1.50000000e+000 6.56250000e+000 0.00000000e+000 1.40158078e-007 1.41814687e-006 2.27181535e-006 2.50480474e-006 3.00004447e-006 3.13482889e-006 3.18796678e-006 3.35390285e-006 3.22290075e-006 
1.50000000e+000 1.09375000e+001 0.00000000e+000 4.06336541e-007 2.52017378e-006 3.51854066e-006 3.76800364e-006 4.27073391e-006 4.39460311e-006 4.44079957e-006 4.50478705e-006 4.18707263e-006 
1.50000000e+000 1.53125000e+001 0.00000000e+000 1.41594529e-006 5.38507890e-006 6.41644966e-006 6.62066574e-006 6.97024304e-006 7.02372587e-006 7.03631443e-006 6.79399507e-006 6.04423793e-006 
1.50000000e+000 1.96875000e+001 0.00000000e+000 5.72149631e-006 1.29515580e-005 1.29371307e-005 1.27927341e-005 1.23616371e-005 1.21538946e-005 1.20520477e-005 1.09744929e-005 9.25418858e-006 
1.50000000e+000 2.40625000e+001 0.00000000e+000 2.73271524e-005 3.47793640e-005 2.83950178e-005 2.67313676e-005 2.33845736e-005 2.23416197e-005 2.18916396e-005 1.86022536e-005 1.46934992e-005 
1.50000000e+000 2.84375000e+001 0.00000000e+000 2.34722291e-004 1.30191801e-004 8.02500156e-005 7.05754696e-005 5.37980752e-005 4.93933769e-005 4.76018651e-005 3.67052867e-005 2.63677810e-005 
1.50000000e+000 3.28125000e+001 0.00000000e+000 1.00822112e-003 2.90350081e-004 1.49343331e-004 1.26144945e-004 8.89354966e-005 7.98867572e-005 7.62945984e-005 5.58097361e-005 3.80557228e-005 
1.75000000e+000 2.18750000e+000 0.00000000e+000 2.34685387e-008 5.45735941e-007 1.11910389e-006 1.30284661e-006 1.73201193e-006 1.86349551e-006 1.91819733e-006 2.16566472e-006 2.22989025e-006 
1.75000000e+000 6.56250000e+000 0.00000000e+000 5.12801701e-008 7.73639312e-007 1.42417945e-006 1.62385318e-006 2.08110205e-006 2.21749874e-006 2.27354089e-006 2.50904083e-006 2.52772303e-006 
1.75000000e+000 1.09375000e+001 0.00000000e+000 1.80461154e-007 1.52450766e-006 2.36883707e-006 2.60389917e-006 3.11285077e-006 3.25344635e-006 3.30919265e-006 3.48937899e-006 3.37213028e-006 
1.75000000e+000 1.53125000e+001 0.00000000e+000 7.58294065e-007 3.62529128e-006 4.67595391e-006 4.91914998e-006 5.38852406e-006 5.49357556e-006 5.53045147e-006 5.49816571e-006 5.03899895e-006 
1.75000000e+000 1.96875000e+001 0.00000000e+000 3.72548227e-006 9.78137944e-006 1.02932842e-005 1.03092571e-005 1.02263592e-005 1.01323898e-005 1.00801321e-005 9.35852674e-006 8.05023630e-006 
1.75000000e+000 2.40625000e+001 0.00000000e+000 2.20337194e-005 2.98858473e-005 2.49798712e-005 2.36531313e-005 2.09401384e-005 2.00768333e-005 1.97016749e-005 1.68910720e-005 1.34664406e-005 
1.75000000e+000 2.84375000e+001 0.00000000e+000 2.62828198e-004 1.34184724e-004 8.12554690e-005 7.11876206e-005 5.38703630e-005 4.93598462e-005 4.75299179e-005 3.64754276e-005 2.60862332e-005 
1.75000000e+000 3.28125000e+001 0.00000000e+000 1.50904877e-003 3.41021297e-004 1.65345470e-004 1.37949259e-004 9.50688965e-005 8.48783936e-005 8.08613174e-005 5.83371107e-005 3.92809407e-005 
2.00000000e+000 2.18750000e+000 0.00000000e+000 7.42535453e-009 2.78862781e-007 6.72836906e-007 8.14201246e-007 1.16912575e-006 1.28586284e-006 1.33577069e-006 1.59062374e-006 1.72521385e-006 
2.00000000e+000 6.56250000e+000 0.00000000e+000 1.90344728e-008 4.25631141e-007 8.97954309e-007 1.05810508e-006 1.44912222e-006 1.57399890e-006 1.62674780e-006 1.88166906e-006 1.98601530e-006 
2.00000000e+000 1.09375000e+001 0.00000000e+000 8.13430307e-008 9.32889893e-007 1.60935456e-006 1.81451361e-006 2.28417756e-006 2.42364391e-006 2.48081161e-006 2.71581181e-006 2.72557471e-006 
2.00000000e+000 1.53125000e+001 0.00000000e+000 4.12113807e-007 2.46935254e-006 3.44186787e-006 3.68964609e-006 4.19967039e-006 4.32986116e-006 4.37949464e-006 4.47749918e-006 4.22187985e-006 
2.00000000e+000 1.96875000e+001 0.00000000e+000 2.45886012e-006 7.46642272e-006 8.26763786e-006 8.38380938e-006 8.52938180e-006 8.51377134e-006 8.49619160e-006 8.03488301e-006 7.04277508e-006 
2.00000000e+000 2.40625000e+001 0.00000000e+000 1.79673258e-005 2.58976368e-005 2.21450814e-005 2.10870314e-005 1.88840946e-005 1.81665783e-005 1.78522928e-005 1.54344991e-005 1.24113001e-005 
2.00000000e+000 2.84375000e+001 0.00000000e+000 3.01535609e-004 1.39269731e-004 8.27002400e-005 7.21609318e-005 5.41945385e-005 4.95540186e-005 4.76762212e-005 3.64097227e-005 2.59192302e-005 
2.00000000e+000 3.28125000e+001 0.00000000e+000 2.34355021e-003 4.06521792e-004 1.84698261e-004 1.52036599e-004 1.02230980e-004 9.06804148e-005 8.61607395e-005 6.12543006e-005 4.07024113e-005 
2.25000000e+000 2.18750000e+000 0.00000000e+000 2.36578209e-009 1.42949862e-007 4.05299670e-007 5.09658000e-007 7.90073682e-007 8.88183428e-007 9.31087679e-007 1.16909050e-006 1.33540170e-006 
2.25000000e+000 6.56250000e+000 0.00000000e+000 7.15065767e-009 2.35943606e-007 5.69182845e-007 6.92739710e-007 1.01269179e-006 1.12089838e-006 1.16761863e-006 1.41455146e-006 1.56309669e-006 
2.25000000e+000 1.09375000e+001 0.00000000e+000 3.71018473e-008 5.76328144e-007 1.10198316e-006 1.27369342e-006 1.68623757e-006 1.81567145e-006 1.86997005e-006 2.12310636e-006 2.21044464e-006 
2.25000000e+000 1.53125000e+001 0.00000000e+000 2.26657130e-007 1.69798464e-006 2.55457692e-006 2.78941413e-006 3.29593773e-006 3.43533844e-006 3.49061474e-006 3.66662158e-006 3.55323434e-006 
2.25000000e+000 1.96875000e+001 0.00000000e+000 1.64090251e-006 5.74842352e-006 6.69167947e-006 6.86858747e-006 7.16224985e-006 7.20064919e-006 7.20741161e-006 6.93843237e-006 6.19197125e-006 
2.25000000e+000 2.40625000e+001 0.00000000e+000 1.47915803e-005 2.25937316e-005 1.97520496e-005 1.89115151e-005 1.71261273e-005 1.65291920e-005 1.62654081e-005 1.41763589e-005 1.14925399e-005 
2.25000000e+000 2.84375000e+001 0.00000000e+000 3.55310737e-004 1.45517184e-004 8.45423177e-005 7.34476031e-005 5.47219897e-005 4.99290548e-005 4.79948883e-005 3.64708731e-005 2.58407795e-005 
2.25000000e+000 3.28125000e+001 0.00000000e+000 3.76120209e-003 4.91653178e-004 2.08095379e-004 1.68812615e-004 1.10537614e-004 9.73671850e-005 9.22534844e-005 6.45715368e-005 4.23138775e-005 
2.50000000e+000 2.18750000e+000 0.00000000e+000 7.58422350e-010 7.35029931e-008 2.44599260e-007 3.19539874e-007 5.34523278e-007 6.14115469e-007 6.49631769e-007 8.59869382e-007 1.03416596e-006 
2.50000000e+000 6.56250000e+000 0.00000000e+000 2.71360702e-009 1.31675480e-007 3.62555585e-007 4.55537267e-007 7.10107631e-007 8.00713230e-007 8.40579421e-007 1.06584639e-006 1.23230403e-006 
2.50000000e+000 1.09375000e+001 0.00000000e+000 1.70882898e-008 3.58891572e-007 7.59700131e-007 8.99783986e-007 1.25155774e-006 1.36712824e-006 1.41650717e-006 1.66653089e-006 1.79836640e-006 
2.50000000e+000 1.53125000e+001 0.00000000e+000 1.25902760e-007 1.17672599e-006 1.90922626e-006 2.12292906e-006 2.60217567e-006 2.74128395e-006 2.79783620e-006 3.01739147e-006 3.00269544e-006 
2.50000000e+000 1.96875000e+001 0.00000000e+000 1.10524081e-006 4.45718328e-006 5.45048590e-006 5.66176769e-006 6.04833453e-006 6.12359500e-006 6.14736113e-006 6.02128672e-006 5.46754038e-006 
2.50000000e+000 2.40625000e+001 0.00000000e+000 1.22780226e-005 1.98224315e-005 1.77056661e-005 1.70429529e-005 1.56033113e-005 1.51074292e-005 1.48861217e-005 1.30762579e-005 1.06837735e-005 
2.50000000e+000 2.84375000e+001 0.00000000e+000 4.30918895e-004 1.53069931e-004 8.67715908e-005 7.50274515e-005 5.54247510e-005 5.04568423e-005 4.84579537e-005 3.66344089e-005 2.58327385e-005 
2.50000000e+000 3.28125000e+001 0.00000000e+000 6.21333646e-003 6.02994699e-004 2.36432428e-004 1.88800535e-004 1.20146054e-004 1.05044291e-004 9.92280187e-005 6.83133977e-005 4.41163557e-005 
0.00000000e+000 2.18750000e+000 1.00000000e+001 1.07053985e-004 7.39336489e-005 4.67320366e-005 4.11635445e-005 3.13795674e-005 2.87985259e-005 2.77474927e-005 2.13260677e-005 1.51396496e-005 
0.00000000e+000 6.56250000e+000 1.00000000e+001 1.09648785e-004 7.56203811e-005 4.80149382e-005 4.23833254e-005 3.24660904e-005 2.98333580e-005 2.87583327e-005 2.21484320e-005 1.57328142e-005 
0.00000000e+000 1.09375000e+001 1.00000000e+001 1.19202659e-004 8.18332879e-005 5.22316911e-005 4.62037313e-005 3.55416106e-005 3.26894874e-005 3.15216149e-005 2.43029413e-005 1.72656223e-005 
0.00000000e+000 1.53125000e+001 1.00000000e+001 1.36602597e-004 9.32289391e-005 5.95434538e-005 5.26861919e-005 4.05316233e-005 3.72719583e-005 3.59363872e-005 2.76831730e-005 1.96618185e-005 
0.00000000e+000 1.96875000e+001 1.00000000e+001 1.58284901e-004 1.07526846e-004 6.86319520e-005 6.07112008e-005 4.66553112e-005 4.28834442e-005 4.13382518e-005 3.18066190e-005 2.25839795e-005 
0.00000000e+000 2.40625000e+001 1.00000000e+001 1.79039637e-004 1.21144902e-004 7.72466895e-005 6.83099284e-005 5.24478938e-005 4.81923281e-005 4.64494758e-005 3.57130177e-005 2.53534478e-005 
0.00000000e+000 2.84375000e+001 1.00000000e+001 1.97571936e-004 1.33428249e-004 8.50187522e-005 7.51675309e-005 5.76879039e-005 5.30008455e-005 5.10817265e-005 3.92669072e-005 2.78784061e-005 
0.00000000e+000 3.28125000e+001 1.00000000e+001 2.13350083e-004 1.44006523e-004 9.16986163e-005 8.10577142e-005 6.21891542e-005 5.71339392e-005 5.50646154e-005 4.23292774e-005 3.00536725e-005 
2.50000000e-001 2.18750000e+000 1.00000000e+001 3.11050039e-005 3.65264880e-005 2.75130018e-005 2.52561176e-005 2.08934283e-005 1.96253158e-005 1.90921471e-005 1.55179452e-005 1.16310012e-005 
2.50000000e-001 6.56250000e+000 1.00000000e+001 3.31837383e-005 3.80856603e-005 2.86514158e-005 2.63236363e-005 2.18297565e-005 2.05173154e-005 1.99641260e-005 1.62354111e-005 1.21588656e-005 
2.50000000e-001 1.09375000e+001 1.00000000e+001 3.91959359e-005 4.29021390e-005 3.20606580e-005 2.94413988e-005 2.43962167e-005 2.29192712e-005 2.22959790e-005 1.80940238e-005 1.35127859e-005 
2.50000000e-001 1.53125000e+001 1.00000000e+001 5.05807226e-005 5.18646663e-005 3.81257354e-005 3.48872130e-005 2.87008631e-005 2.69040116e-005 2.61478356e-005 2.11024659e-005 1.56859754e-005 
2.50000000e-001 1.96875000e+001 1.00000000e+001 6.85299138e-005 6.48169078e-005 4.65531759e-005 4.23711293e-005 3.44814154e-005 3.22203646e-005 3.12733709e-005 2.50486979e-005 1.85019628e-005 
2.50000000e-001 2.40625000e+001 1.00000000e+001 9.52575573e-005 8.13736992e-005 5.66679512e-005 5.12125750e-005 4.10970109e-005 3.82500981e-005 3.70649887e-005 2.94108407e-005 2.15427871e-005 
2.50000000e-001 2.84375000e+001 1.00000000e+001 1.49065685e-004 1.08521330e-004 7.17870188e-005 6.41075455e-005 5.02581936e-005 4.64714253e-005 4.49100180e-005 3.50878308e-005 2.53292266e-005 
2.50000000e-001 3.28125000e+001 1.00000000e+001 2.03364350e-004 1.34748582e-004 8.61610479e-005 7.63148482e-005 5.88578690e-005 5.41714223e-005 5.22508392e-005 4.03712106e-005 2.88276046e-005 
5.00000000e-001 2.18750000e+000 1.00000000e+001 9.13543664e-006 1.81087358e-005 1.62299241e-005 1.55219952e-005 1.39276011e-005 1.33878526e-005 1.31495657e-005 1.12996564e-005 8.93984026e-006 
5.00000000e-001 6.56250000e+000 1.00000000e+001 1.04748222e-005 1.94565215e-005 1.72356897e-005 1.64621220e-005 1.47483058e-005 1.41704544e-005 1.39152327e-005 1.19358472e-005 9.41573874e-006 
5.00000000e-001 1.09375000e+001 1.00000000e+001 1.41532677e-005 2.32594891e-005 2.00642725e-005 1.90731550e-005 1.69405009e-005 1.62354906e-005 1.59257094e-005 1.35677047e-005 1.06279353e-005 
5.00000000e-001 1.53125000e+001 1.00000000e+001 2.16543039e-005 3.05095249e-005 2.52307746e-005 2.37650570e-005 2.07343365e-005 1.97708005e-005 1.93526636e-005 1.62883369e-005 1.26234286e-005 
5.00000000e-001 1.96875000e+001 1.00000000e+001 3.58663373e-005 4.22711363e-005 3.31240710e-005 3.08196278e-005 2.62500068e-005 2.48605916e-005 2.42664984e-005 2.00998616e-005 1.53584586e-005 
5.00000000e-001 2.40625000e+001 1.00000000e+001 6.33733103e-005 6.04900540e-005 4.43054249e-005 4.05859917e-005 3.35301843e-005 3.14847711e-005 3.06239630e-005 2.48589436e-005 1.86455151e-005 
5.00000000e-001 2.84375000e+001 1.00000000e+001 1.41175500e-004 9.92667853e-005 6.55172298e-005 5.85600780e-005 4.60871977e-005 4.26864303e-005 4.12844047e-005 3.24345956e-005 2.35827698e-005 
5.00000000e-001 3.28125000e+001 1.00000000e+001 2.34702801e-004 1.39328849e-004 8.65998290e-005 7.62766455e-005 5.82793473e-005 5.35211799e-005 5.15799926e-005 3.96900886e-005 2.82699498e-005 
7.50000000e-001 2.18750000e+000 1.00000000e+001 2.71201742e-006 9.00914496e-006 9.59291147e-006 9.55555101e-006 9.29494453e-006 9.14224950e-006 9.06553953e-006 8.23386696e-006 6.87470056e-006 
7.50000000e-001 6.56250000e+000 1.00000000e+001 3.43188840e-006 1.00747945e-005 1.04497700e-005 1.03639654e-005 1.00106461e-005 9.82772130e-006 9.73752059e-006 8.80018983e-006 7.30599230e-006 
7.50000000e-001 1.09375000e+001 1.00000000e+001 5.48308329e-006 1.29869893e-005 1.27815539e-005 1.25467335e-005 1.18919578e-005 1.16133780e-005 1.14815684e-005 1.02433106e-005 8.39889322e-006 
7.50000000e-001 1.53125000e+001 1.00000000e+001 1.01537165e-005 1.87598471e-005 1.71736179e-005 1.65910298e-005 1.52493642e-005 1.47649374e-005 1.45457518e-005 1.27179377e-005 1.02419351e-005 
7.50000000e-001 1.96875000e+001 1.00000000e+001 2.07188562e-005 2.91405359e-005 2.44660266e-005 2.31709416e-005 2.04847766e-005 1.96185021e-005 1.92402704e-005 1.63957871e-005 1.29008294e-005 
7.50000000e-001 2.40625000e+001 1.00000000e+001 4.62829148e-005 4.78219007e-005 3.62132186e-005 3.34765174e-005 2.82177184e-005 2.66634716e-005 2.60044257e-005 2.14643583e-005 1.63936162e-005 
7.50000000e-001 2.84375000e+001 1.00000000e+001 1.42996666e-004 9.60162257e-005 6.25374797e-005 5.57574615e-005 4.37215428e-005 4.04698186e-005 3.91328518e-005 3.07350263e-005 2.23778086e-005 
7.50000000e-001 3.28125000e+001 1.00000000e+001 2.90856270e-004 1.50850521e-004 9.02809299e-005 7.88665134e-005 5.93482975e-005 5.42857051e-005 5.22327894e-005 3.98452242e-005 2.81781119e-005 
1.00000000e+000 2.18750000e+000 1.00000000e+001 8.13684217e-007 4.49773477e-006 5.68119691e-006 5.89238554e-006 6.21042216e-006 6.24946815e-006 6.25606824e-006 6.00412898e-006 5.28919010e-006 
1.00000000e+000 6.56250000e+000 1.00000000e+001 1.16038434e-006 5.28299262e-006 6.38312548e-006 6.56682639e-006 6.82574752e-006 6.84352552e-006 6.84038049e-006 6.50660655e-006 5.68007651e-006 
1.00000000e+000 1.09375000e+001 1.00000000e+001 2.23275244e-006 7.43476548e-006 8.27290382e-006 8.36893276e-006 8.43268304e-006 8.38303322e-006 8.34981810e-006 7.78369357e-006 6.66779511e-006 
1.00000000e+000 1.53125000e+001 1.00000000e+001 5.03108274e-006 1.19306898e-005 1.19648398e-005 1.18250693e-005 1.13922778e-005 1.11847694e-005 1.10833250e-005 1.00344682e-005 8.37276055e-006 
1.00000000e+000 1.96875000e+001 1.00000000e+001 1.26210619e-005 2.08622620e-005 1.85890174e-005 1.78731803e-005 1.63121254e-005 1.57727658e-005 1.55315779e-005 1.35646140e-005 1.09509174e-005 
1.00000000e+000 2.40625000e+001 1.00000000e+001 3.53394240e-005 3.92246356e-005 3.05032004e-005 2.83955747e-005 2.43028612e-005 2.30742017e-005 2.25500751e-005 1.88530662e-005 1.46048713e-005 
1.00000000e+000 2.84375000e+001 1.00000000e+001 1.49178567e-004 9.54509134e-005 6.12338316e-005 5.44084989e-005 4.23966295e-005 3.91810849e-005 3.78630045e-005 2.96450152e-005 2.15435119e-005 
1.00000000e+000 3.28125000e+001 1.00000000e+001 3.79797511e-004 1.67644935e-004 9.61536009e-005 8.32143315e-005 6.15217855e-005 5.60047377e-005 5.37815957e-005 4.05822310e-005 2.84234005e-005 
1.25000000e+000 2.18750000e+000 1.00000000e+001 2.46633958e-007 2.25327715e-006 3.37119729e-006 3.63959851e-006 4.15431230e-006 4.27642422e-006 4.32150255e-006 4.38130702e-006 4.07132627e-006 
1.25000000e+000 6.56250000e+000 1.00000000e+001 4.02668721e-007 2.80253111e-006 3.92679639e-006 4.18644975e-006 4.67453421e-006 4.78420095e-006 4.82319968e-006 4.82404952e-006 4.42449884e-006 
1.25000000e+000 1.09375000e+001 1.00000000e+001 9.41433150e-007 4.34530528e-006 5.43033251e-006 5.65196992e-006 6.03533635e-006 6.10228977e-006 6.12137671e-006 5.95083326e-006 5.31666889e-006 
1.25000000e+000 1.53125000e+001 1.00000000e+001 2.58133427e-006 7.78137620e-006 8.49502515e-006 8.57406296e-006 8.62634373e-006 8.57854611e-006 8.54675234e-006 7.99183021e-006 6.89243440e-006 
1.25000000e+000 1.96875000e+001 1.00000000e+001 7.93832093e-006 1.53268128e-005 1.44252416e-005 1.40600958e-005 1.32022195e-005 1.28749586e-005 1.27238824e-005 1.13578041e-005 9.38190337e-006 
1.25000000e+000 2.40625000e+001 1.00000000e+001 2.76928705e-005 3.29192204e-005 2.62246635e-005 2.45607001e-005 2.12924027e-005 2.02957982e-005 1.98682265e-005 1.67854382e-005 1.31541148e-005 
1.25000000e+000 2.84375000e+001 1.00000000e+001 1.58846124e-004 9.63442410e-005 6.08678440e-005 5.38901849e-005 4.17010664e-005 3.84644392e-005 3.71413931e-005 2.89549016e-005 2.09671959e-005 
1.25000000e+000 3.28125000e+001 1.00000000e+001 5.21086290e-004 1.89929679e-004 1.03898204e-004 8.90032061e-005 6.45462841e-005 5.84509042e-005 5.60104145e-005 4.17564045e-005 2.89245459e-005 
1.50000000e+000 2.18750000e+000 1.00000000e+001 7.54759263e-008 1.13274961e-006 2.00438725e-006 2.25186136e-006 2.78214977e-006 2.92931435e-006 2.98808758e-006 3.19937225e-006 3.13540713e-006 
1.50000000e+000 6.56250000e+000 1.00000000e+001 1.42721844e-007 1.50237994e-006 2.43184118e-006 2.68444777e-006 3.21477436e-006 3.35721646e-006 3.41315885e-006 3.58617274e-006 3.45296274e-006 
1.50000000e+000 1.09375000e+001 1.00000000e+001 4.06918006e-007 2.58302025e-006 3.60825147e-006 3.85912472e-006 4.35603820e-006 4.47635798e-006 4.52097280e-006 4.57555451e-006 4.25695249e-006 
1.50000000e+000 1.53125000e+001 1.00000000e+001 1.35618499e-006 5.17191836e-006 6.12391116e-006 6.30492633e-006 6.60749157e-006 6.65041074e-006 6.65938117e-006 6.41834629e-006 5.70992397e-006 
1.50000000e+000 1.96875000e+001 1.00000000e+001 5.10213830e-006 1.14669303e-005 1.13729404e-005 1.12279539e-005 1.08248998e-005 1.06396293e-005 1.05496157e-005 9.60665284e-006 8.10259291e-006 
1.50000000e+000 2.40625000e+001 1.00000000e+001 2.20876917e-005 2.80520599e-005 2.28702739e-005 2.15403766e-005 1.88934547e-005 1.80723085e-005 1.77178693e-005 1.51052564e-005 1.19543986e-005 
1.50000000e+000 2.84375000e+001 1.00000000e+001 1.72346249e-004 9.82175779e-005 6.10876640e-005 5.38912364e-005 4.14081192e-005 3.81180113e-005 3.67764843e-005 2.85351317e-005 2.05738380e-005 
1.50000000e+000 3.28125000e+001 1.00000000e+001 7.50217938e-004 2.18854410e-004 1.13546603e-004 9.61895637e-005 6.83230812e-005 6.15248742e-005 5.88209993e-005 4.32887574e-005 2.96310175e-005 
1.75000000e+000 2.18750000e+000 1.00000000e+001 2.33008921e-008 5.71385195e-007 1.19406593e-006 1.39557548e-006 1.86536781e-006 2.00862164e-006 2.06812450e-006 2.33793858e-006 2.41581250e-006 
1.75000000e+000 6.56250000e+000 1.00000000e+001 5.14684076e-008 8.13027461e-007 1.51540347e-006 1.73074136e-006 2.21975319e-006 2.36440825e-006 2.42371960e-006 2.67286757e-006 2.69972161e-006 
1.75000000e+000 1.09375000e+001 1.00000000e+001 1.79124543e-007 1.55674681e-006 2.42292152e-006 2.66037471e-006 3.16792515e-006 3.30667409e-006 3.36156326e-006 3.53677830e-006 3.42185075e-006 
1.75000000e+000 1.53125000e+001 1.00000000e+001 7.24940321e-007 3.48721279e-006 4.46890199e-006 4.68992283e-006 5.11066256e-006 5.20312409e-006 5.23527801e-006 5.19282412e-006 4.75758037e-006 
1.75000000e+000 1.96875000e+001 1.00000000e+001 3.33182480e-006 8.69426783e-006 9.07532792e-006 9.07097602e-006 8.96840154e-006 8.88040384e-006 8.83273535e-006 8.19472677e-006 7.04669342e-006 
1.75000000e+000 2.40625000e+001 1.00000000e+001 1.78533449e-005 2.41657093e-005 2.01518129e-005 1.90838612e-005 1.69260289e-005 1.62434754e-005 1.59468717e-005 1.37087168e-005 1.09445789e-005 
1.75000000e+000 2.84375000e+001 1.00000000e+001 1.90696458e-004 1.00888613e-004 6.17200400e-005 5.42511785e-005 4.13897949e-005 3.80247728e-005 3.66559914e-005 2.83044644e-005 2.03129962e-005 
1.75000000e+000 3.28125000e+001 1.00000000e+001 1.13088693e-003 2.56301710e-004 1.25333780e-004 1.04884071e-004 7.28417266e-005 6.52013736e-005 6.21836984e-005 4.51406891e-005 3.05124825e-005 
2.00000000e+000 2.18750000e+000 1.00000000e+001 7.25044040e-009 2.89177619e-007 7.12717265e-007 8.66331890e-007 1.25213082e-006 1.37872079e-006 1.43279499e-006 1.70965458e-006 1.86227434e-006 
2.00000000e+000 6.56250000e+000 1.00000000e+001 1.88265394e-008 4.43699000e-007 9.49772832e-007 1.12156148e-006 1.53856139e-006 1.67096673e-006 1.72682220e-006 1.99715867e-006 2.11458586e-006 
2.00000000e+000 1.09375000e+001 1.00000000e+001 7.99616363e-008 9.48817315e-007 1.64174257e-006 1.84935857e-006 2.31956985e-006 2.45809336e-006 2.51479516e-006 2.74723404e-006 2.76074440e-006 
2.00000000e+000 1.53125000e+001 1.00000000e+001 3.92726637e-007 2.37761505e-006 3.29350864e-006 3.52158889e-006 3.98559986e-006 4.10278251e-006 4.14730790e-006 4.22865487e-006 3.98471834e-006 
2.00000000e+000 1.96875000e+001 1.00000000e+001 2.20293270e-006 6.65943734e-006 7.31011668e-006 7.39542342e-006 7.49278693e-006 7.47234641e-006 7.45448929e-006 7.04024863e-006 6.16545777e-006 
2.00000000e+000 2.40625000e+001 1.00000000e+001 1.45866121e-005 2.09896597e-005 1.78948663e-005 1.70373827e-005 1.52754099e-005 1.47057027e-005 1.44562672e-005 1.25254045e-005 1.00810856e-005 
2.00000000e+000 2.84375000e+001 1.00000000e+001 2.15596504e-004 1.04309747e-004 6.26788961e-005 5.48857336e-005 4.15722963e-005 3.81155163e-005 3.67128059e-005 2.82111976e-005 2.01504097e-005 
2.00000000e+000 3.28125000e+001 1.00000000e+001 1.77894986e-003 3.04974055e-004 1.39646902e-004 1.15303983e-004 7.81474659e-005 6.95015266e-005 6.61118069e-005 4.72993706e-005 3.15521281e-005 
2.25000000e+000 2.18750000e+000 1.00000000e+001 2.27200304e-009 1.46822948e-007 4.26224120e-007 5.38676419e-007 8.41461020e-007 9.47325033e-007 9.93605845e-007 1.25109454e-006 1.43626677e-006 
2.25000000e+000 6.56250000e+000 1.00000000e+001 6.96862043e-009 2.43965020e-007 5.98432585e-007 7.30253430e-007 1.07026815e-006 1.18479181e-006 1.23419751e-006 1.49588014e-006 1.65916537e-006 
2.25000000e+000 1.09375000e+001 1.00000000e+001 3.60951492e-008 5.83640073e-007 1.12106629e-006 1.29492344e-006 1.70871727e-006 1.83767695e-006 1.89171766e-006 2.14356943e-006 2.23508631e-006 
2.25000000e+000 1.53125000e+001 1.00000000e+001 2.15063539e-007 1.63550513e-006 2.44687046e-006 2.66488798e-006 3.12993520e-006 3.25681789e-006 3.30702747e-006 3.46316772e-006 3.35304162e-006 
2.25000000e+000 1.96875000e+001 1.00000000e+001 1.47130711e-006 5.14210870e-006 5.93233440e-006 6.07344869e-006 6.30279250e-006 6.32945150e-006 6.33272075e-006 6.08473325e-006 5.42260803e-006 
2.25000000e+000 2.40625000e+001 1.00000000e+001 1.20260481e-005 1.83505275e-005 1.59873885e-005 1.53015472e-005 1.38656992e-005 1.33897684e-005 1.31796241e-005 1.15064981e-005 9.33243017e-006 
2.25000000e+000 2.84375000e+001 1.00000000e+001 2.49660199e-004 1.08507135e-004 6.39236889e-005 5.57511888e-005 4.19124874e-005 3.83486871e-005 3.69061967e-005 2.82219684e-005 2.00625697e-005 
2.25000000e+000 3.28125000e+001 1.00000000e+001 2.90846019e-003 3.68643321e-004 1.57019126e-004 1.27759025e-004 8.43260569e-005 7.44790827e-005 7.06484811e-005 4.97693430e-005 3.27424267e-005 
2.50000000e+000 2.18750000e+000 1.00000000e+001 7.16406474e-010 7.47755571e-008 2.55373655e-007 3.35486464e-007 5.66127316e-007 6.51574265e-007 6.89707550e-007 9.16173335e-007 1.10824902e-006 
2.50000000e+000 6.56250000e+000 1.00000000e+001 2.60535055e-009 1.35039973e-007 3.78903181e-007 4.77566054e-007 7.47049197e-007 8.42695873e-007 8.84758601e-007 1.12302383e-006 1.30403666e-006 
2.50000000e+000 1.09375000e+001 1.00000000e+001 1.64437677e-008 3.61759269e-007 7.70617848e-007 9.12418657e-007 1.26553012e-006 1.38085647e-006 1.43008413e-006 1.67946637e-006 1.81537846e-006 
2.50000000e+000 1.53125000e+001 1.00000000e+001 1.18837880e-007 1.13318109e-006 1.82998365e-006 2.02964043e-006 2.47255101e-006 2.60009661e-006 2.65186109e-006 2.85044377e-006 2.83336622e-006 
2.50000000e+000 1.96875000e+001 1.00000000e+001 9.91009950e-007 3.99672680e-006 4.84355172e-006 5.01751077e-006 5.33168411e-006 5.39095573e-006 5.40916156e-006 5.28558140e-006 4.79081010e-006 
2.50000000e+000 2.40625000e+001 1.00000000e+001 9.99330249e-006 1.61299966e-005 1.43534492e-005 1.38089042e-005 1.26447967e-005 1.22478619e-005 1.20709206e-005 1.06173729e-005 8.67551558e-006 
2.50000000e+000 2.84375000e+001 1.00000000e+001 2.96840962e-004 1.13557648e-004 6.54397675e-005 5.68268529e-005 4.23852008e-005 3.86992008e-005 3.72112611e-005 2.83149987e-005 2.00331871e-005 
2.50000000e+000 3.28125000e+001 1.00000000e+001 4.92070462e-003 4.52552662e-004 1.78147736e-004 1.42654777e-004 9.14978258e-005 8.02141804e-005 7.58605424e-005 5.25677723e-005 3.40824570e-005 
0.00000000e+000 2.18750000e+000 2.00000000e+001 1.25640152e-004 8.60993095e-005 5.43131467e-005 4.77816236e-005 3.62191449e-005 3.31539014e-005 3.19059928e-005 2.43441839e-005 1.72116458e-005 
0.00000000e+000 6.56250000e+000 2.00000000e+001 1.27473841e-004 8.72788284e-005 5.50723147e-005 4.84647730e-005 3.67757025e-005 3.36754156e-005 3.24126388e-005 2.47488113e-005 1.75031354e-005 
0.00000000e+000 1.09375000e+001 2.00000000e+001 1.31725140e-004 9.00151460e-005 5.68463629e-005 5.00577054e-005 3.80542948e-005 3.48664734e-005 3.35668940e-005 2.56590701e-005 1.81549559e-005 
0.00000000e+000 1.53125000e+001 2.00000000e+001 1.39052809e-004 9.47191300e-005 5.98675551e-005 5.27500486e-005 4.01658178e-005 3.68187862e-005 3.54531649e-005 2.71247711e-005 1.91979231e-005 
0.00000000e+000 1.96875000e+001 2.00000000e+001 1.49589810e-004 1.01487030e-004 6.41520669e-005 5.65408730e-005 4.30843179e-005 3.95023185e-005 3.80401932e-005 2.91138651e-005 2.06073346e-005 
0.00000000e+000 2.40625000e+001 2.00000000e+001 1.62857449e-004 1.10043637e-004 6.95083403e-005 6.12534421e-005 4.66603313e-005 4.27760360e-005 4.11906208e-005 3.15155194e-005 2.23037270e-005 
0.00000000e+000 2.84375000e+001 2.00000000e+001 1.81890210e-004 1.22506036e-004 7.73003469e-005 6.80947923e-005 5.18160627e-005 4.74842130e-005 4.57166930e-005 3.49462698e-005 2.47217058e-005 
0.00000000e+000 3.28125000e+001 2.00000000e+001 2.07452390e-004 1.39392154e-004 8.78510161e-005 7.73497931e-005 5.87704163e-005 5.38279763e-005 5.18121973e-005 3.95540341e-005 2.79645247e-005 
2.50000000e-001 2.18750000e+000 2.00000000e+001 3.46822771e-005 4.13114606e-005 3.12814807e-005 2.87287025e-005 2.37121703e-005 2.22366032e-005 2.16154251e-005 1.74817312e-005 1.30787760e-005 
2.50000000e-001 6.56250000e+000 2.00000000e+001 3.67762731e-005 4.27639654e-005 3.21876804e-005 2.95294972e-005 2.43347368e-005 2.28121372e-005 2.21715784e-005 1.79146403e-005 1.33862120e-005 
2.50000000e-001 1.09375000e+001 2.00000000e+001 4.16511304e-005 4.61020986e-005 3.42749627e-005 3.13725724e-005 2.57570092e-005 2.41225080e-005 2.34359398e-005 1.88906121e-005 1.40759544e-005 
2.50000000e-001 1.53125000e+001 2.00000000e+001 5.02387196e-005 5.18308711e-005 3.78249162e-005 3.44923963e-005 2.81285825e-005 2.62959658e-005 2.55284180e-005 2.04865159e-005 1.51956849e-005 
2.50000000e-001 1.96875000e+001 2.00000000e+001 6.44138080e-005 6.07588727e-005 4.32152527e-005 3.91888431e-005 3.16242241e-005 2.94784023e-005 2.85838117e-005 2.27812884e-005 1.67868520e-005 
2.50000000e-001 2.40625000e+001 2.00000000e+001 8.81370286e-005 7.43581357e-005 5.10952404e-005 4.59713033e-005 3.65333552e-005 3.39090197e-005 3.28220309e-005 2.58977017e-005 1.89076122e-005 
2.50000000e-001 2.84375000e+001 2.00000000e+001 1.42094477e-004 1.01519816e-004 6.60556747e-005 5.86725622e-005 4.54497123e-005 4.18789972e-005 4.04144611e-005 3.13406884e-005 2.25170372e-005 
2.50000000e-001 3.28125000e+001 2.00000000e+001 2.11608301e-004 1.35413572e-004 8.47668547e-005 7.45802124e-005 5.66532440e-005 5.19036393e-005 4.99685002e-005 3.82117650e-005 2.70976886e-005 
5.00000000e-001 2.18750000e+000 2.00000000e+001 9.68052247e-006 1.98931446e-005 1.80530537e-005 1.73029465e-005 1.55425927e-005 1.49301332e-005 1.46586447e-005 1.25629229e-005 9.94328196e-006 
5.00000000e-001 6.56250000e+000 2.00000000e+001 1.10740145e-005 2.12585977e-005 1.89683682e-005 1.81192011e-005 1.61814102e-005 1.55206242e-005 1.52291591e-005 1.30066146e-005 1.02588123e-005 
5.00000000e-001 1.09375000e+001 2.00000000e+001 1.45050995e-005 2.44493152e-005 2.10883414e-005 2.00054462e-005 1.76464415e-005 1.68708201e-005 1.65319903e-005 1.40122337e-005 1.09702018e-005 
5.00000000e-001 1.53125000e+001 2.00000000e+001 2.11329222e-005 3.01062347e-005 2.47636811e-005 2.32551180e-005 2.01310473e-005 1.91488367e-005 1.87252800e-005 1.56843255e-005 1.21421603e-005 
5.00000000e-001 1.96875000e+001 2.00000000e+001 3.38047615e-005 3.95988740e-005 3.06740200e-005 2.84219025e-005 2.39827689e-005 2.26529237e-005 2.20880171e-005 1.81998466e-005 1.38757109e-005 
5.00000000e-001 2.40625000e+001 2.00000000e+001 5.98144892e-005 5.59316935e-005 4.02310912e-005 3.66416547e-005 2.98970980e-005 2.79754282e-005 2.71724523e-005 2.19009428e-005 1.63595414e-005 
5.00000000e-001 2.84375000e+001 2.00000000e+001 1.38030066e-004 9.46096362e-005 6.11221661e-005 5.42581602e-005 4.20577768e-005 3.87824847e-005 3.74410952e-005 2.91358266e-005 2.10513702e-005 
5.00000000e-001 3.28125000e+001 2.00000000e+001 2.60854214e-004 1.45361117e-004 8.75855064e-005 7.64397351e-005 5.72264857e-005 5.22354567e-005 5.02143628e-005 3.81105314e-005 2.68788476e-005 
7.50000000e-001 2.18750000e+000 2.00000000e+001 2.73202469e-006 9.61384011e-006 1.04398570e-005 1.04393307e-005 1.01998656e-005 1.00350645e-005 9.95089641e-006 9.03470342e-006 7.56328225e-006 
7.50000000e-001 6.56250000e+000 2.00000000e+001 3.46266309e-006 1.07139750e-005 1.12675744e-005 1.11938940e-005 1.08113402e-005 1.06047660e-005 1.05030208e-005 9.47110646e-006 7.87811053e-006 
7.50000000e-001 1.09375000e+001 2.00000000e+001 5.42283965e-006 1.33647333e-005 1.32161860e-005 1.29615431e-005 1.22279805e-005 1.19199304e-005 1.17756798e-005 1.04682893e-005 8.59259188e-006 
7.50000000e-001 1.53125000e+001 2.00000000e+001 9.72778691e-006 1.83108388e-005 1.67024396e-005 1.60931950e-005 1.46859265e-005 1.41874984e-005 1.39641949e-005 1.21576042e-005 9.78808478e-006 
7.50000000e-001 1.96875000e+001 2.00000000e+001 1.94893755e-005 2.73198134e-005 2.26487127e-005 2.13510182e-005 1.86798816e-005 1.78367122e-005 1.74719997e-005 1.48024849e-005 1.16193304e-005 
7.50000000e-001 2.40625000e+001 2.00000000e+001 4.41646682e-005 4.47020842e-005 3.31525128e-005 3.04401180e-005 2.52810537e-005 2.37882088e-005 2.31608853e-005 1.89515986e-005 1.43991567e-005 
7.50000000e-001 2.84375000e+001 2.00000000e+001 1.42221938e-004 9.28482868e-005 5.90559968e-005 5.22473073e-005 4.02634451e-005 3.70783819e-005 3.57781840e-005 2.77855160e-005 2.00742637e-005 
7.50000000e-001 3.28125000e+001 2.00000000e+001 3.46778052e-004 1.63278785e-004 9.38286002e-005 8.10289128e-005 5.94628606e-005 5.39858161e-005 5.17839021e-005 3.88346565e-005 2.71154870e-005 
1.00000000e+000 2.18750000e+000 2.00000000e+001 7.79466597e-007 4.66281934e-006 6.04948284e-006 6.30918535e-006 6.70168460e-006 6.75208159e-006 6.76189994e-006 6.50210426e-006 5.75583979e-006 
1.00000000e+000 6.56250000e+000 2.00000000e+001 1.11768066e-006 5.46910822e-006 6.74430650e-006 6.96091285e-006 7.25695243e-006 7.27597396e-006 7.27218963e-006 6.91657100e-006 6.06203674e-006 
1.00000000e+000 1.09375000e+001 2.00000000e+001 2.12951191e-006 7.49334204e-006 8.41941111e-006 8.51902413e-006 8.56264294e-006 8.50199408e-006 8.46400058e-006 7.87373380e-006 6.76260729e-006 
1.00000000e+000 1.53125000e+001 2.00000000e+001 4.71607330e-006 1.15210856e-005 1.15399519e-005 1.13797243e-005 1.08919062e-005 1.06712698e-005 1.05656089e-005 9.52951110e-006 7.95464656e-006 
1.00000000e+000 1.96875000e+001 2.00000000e+001 1.17783007e-005 1.95540074e-005 1.72100855e-005 1.64674437e-005 1.48613497e-005 1.43231917e-005 1.40857141e-005 1.22228527e-005 9.84112636e-006 
1.00000000e+000 2.40625000e+001 2.00000000e+001 3.38677254e-005 3.69608935e-005 2.81305085e-005 2.59957573e-005 2.18868002e-005 2.06815200e-005 2.01726761e-005 1.66963581e-005 1.28528937e-005 
1.00000000e+000 2.84375000e+001 2.00000000e+001 1.50504527e-004 9.33460367e-005 5.84082432e-005 5.14724139e-005 3.93652474e-005 3.61766431e-005 3.48791078e-005 2.69691200e-005 1.94251484e-005 
1.00000000e+000 3.28125000e+001 2.00000000e+001 4.89420354e-004 1.88436783e-004 1.02690265e-004 8.76472699e-005 6.28949032e-005 5.67527145e-005 5.43015622e-005 4.01546007e-005 2.76891646e-005 
1.25000000e+000 2.18750000e+000 2.00000000e+001 2.24734169e-007 2.26961938e-006 3.51253567e-006 3.81962964e-006 4.40850919e-006 4.54795291e-006 4.59952711e-006 4.68285430e-006 4.38252951e-006 
1.25000000e+000 6.56250000e+000 2.00000000e+001 3.70307711e-007 2.82469023e-006 4.06605335e-006 4.35571532e-006 4.89292904e-006 5.01211262e-006 5.05446570e-006 5.06528650e-006 4.67380374e-006 
1.25000000e+000 1.09375000e+001 2.00000000e+001 8.64953841e-007 4.28955559e-006 5.44084779e-006 5.67072245e-006 6.05357972e-006 6.11704154e-006 6.13457105e-006 5.95988260e-006 5.34667462e-006 
1.25000000e+000 1.53125000e+001 2.00000000e+001 2.35987711e-006 7.42943521e-006 8.12674693e-006 8.18861149e-006 8.19176147e-006 8.13094200e-006 8.09461050e-006 7.54377175e-006 6.51257931e-006 
1.25000000e+000 1.96875000e+001 2.00000000e+001 7.31649006e-006 1.43354035e-005 1.33500169e-005 1.29503153e-005 1.20208453e-005 1.16826516e-005 1.15295270e-005 1.02206627e-005 8.41739753e-006 
1.25000000e+000 2.40625000e+001 2.00000000e+001 2.65469482e-005 3.11822269e-005 2.43265576e-005 2.26129890e-005 1.92683596e-005 1.82725655e-005 1.78501381e-005 1.49141438e-005 1.16038514e-005 
1.25000000e+000 2.84375000e+001 2.00000000e+001 1.62493680e-004 9.51041601e-005 5.85455456e-005 5.13928854e-005 3.89979890e-005 3.57594097e-005 3.44451656e-005 2.64960313e-005 1.90002205e-005 
1.25000000e+000 3.28125000e+001 2.00000000e+001 7.31251992e-004 2.22149599e-004 1.14097125e-004 9.61442398e-005 6.73406867e-005 6.03638026e-005 5.76004754e-005 4.19491293e-005 2.85284278e-005 
1.50000000e+000 2.18750000e+000 2.00000000e+001 6.54366882e-008 1.10865843e-006 2.04361936e-006 2.31640943e-006 2.90346959e-006 3.06658250e-006 3.13180865e-006 3.37507858e-006 3.33855614e-006 
1.50000000e+000 6.56250000e+000 2.00000000e+001 1.25323633e-007 1.47445436e-006 2.46799210e-006 2.74165557e-006 3.31316997e-006 3.46597103e-006 3.52601890e-006 3.71968395e-006 3.61043770e-006 
1.50000000e+000 1.09375000e+001 2.00000000e+001 3.59766983e-007 2.49710956e-006 3.55959627e-006 3.81691510e-006 4.31678140e-006 4.43601727e-006 4.48016938e-006 4.53789063e-006 4.24547531e-006 
1.50000000e+000 1.53125000e+001 2.00000000e+001 1.20611579e-006 4.87744258e-006 5.80948802e-006 5.97548269e-006 6.23351736e-006 6.26362240e-006 6.26785505e-006 6.02392345e-006 5.36766270e-006 
1.50000000e+000 1.96875000e+001 2.00000000e+001 4.62953153e-006 1.06820749e-005 1.05115202e-005 1.03319048e-005 9.84909101e-006 9.64683473e-006 9.55162704e-006 8.63563894e-006 7.26054044e-006 
1.50000000e+000 2.40625000e+001 2.00000000e+001 2.11270484e-005 2.66522858e-005 2.13069128e-005 1.99198146e-005 1.71682011e-005 1.63348662e-005 1.59794391e-005 1.34640977e-005 1.05723819e-005 
1.50000000e+000 2.84375000e+001 2.00000000e+001 1.78884306e-004 9.77669495e-005 5.91806112e-005 5.17501188e-005 3.89671105e-005 3.56519216e-005 3.43099456e-005 2.62513892e-005 1.87317686e-005 
1.50000000e+000 3.28125000e+001 2.00000000e+001 1.15424448e-003 2.67036252e-004 1.28357190e-004 1.06655187e-004 7.27731795e-005 6.47739436e-005 6.16304913e-005 4.41616540e-005 2.95920529e-005 
1.75000000e+000 2.18750000e+000 2.00000000e+001 1.92264805e-008 5.43450239e-007 1.19138498e-006 1.40719134e-006 1.91451961e-006 2.06991836e-006 2.13458955e-006 2.43429636e-006 2.54454483e-006 
1.75000000e+000 6.56250000e+000 2.00000000e+001 4.31549000e-008 7.77003001e-007 1.50746224e-006 1.73528038e-006 2.25264513e-006 2.40565276e-006 2.46847438e-006 2.73879571e-006 2.79426196e-006 
1.75000000e+000 1.09375000e+001 2.00000000e+001 1.52269407e-007 1.47342862e-006 2.35344217e-006 2.59400791e-006 3.10209686e-006 3.23996367e-006 3.29453180e-006 3.47404125e-006 3.38479145e-006 
1.75000000e+000 1.53125000e+001 2.00000000e+001 6.26016211e-007 3.24489366e-006 4.20214962e-006 4.40961791e-006 4.78979635e-006 4.86987536e-006 4.89725522e-006 4.84685535e-006 4.45062276e-006 
1.75000000e+000 1.96875000e+001 2.00000000e+001 2.96970518e-006 8.05299693e-006 8.36832575e-006 8.33224242e-006 8.15089656e-006 8.04342859e-006 7.98902222e-006 7.35889123e-006 6.30777655e-006 
1.75000000e+000 2.40625000e+001 2.00000000e+001 1.70121876e-005 2.29909657e-005 1.88305053e-005 1.77051365e-005 1.54318840e-005 1.47299822e-005 1.44287715e-005 1.22546240e-005 9.70351825e-006 
1.75000000e+000 2.84375000e+001 2.00000000e+001 2.01103538e-004 1.01224774e-004 6.01801364e-005 5.24171892e-005 3.91666215e-005 3.57561225e-005 3.43789161e-005 2.61649870e-005 1.85752022e-005 
1.75000000e+000 3.28125000e+001 2.00000000e+001 1.91900665e-003 3.27082656e-004 1.46042933e-004 1.19500335e-004 7.92589116e-005 7.00147094e-005 6.64119351e-005 4.67757648e-005 3.08586609e-005 
2.00000000e+000 2.18750000e+000 2.00000000e+001 5.69534214e-009 2.67302932e-007 6.95937574e-007 8.56309267e-007 1.26391560e-006 1.39865551e-006 1.45636388e-006 1.75702943e-006 1.94034521e-006 
2.00000000e+000 6.56250000e+000 2.00000000e+001 1.50740196e-008 4.12949381e-007 9.26139424e-007 1.10400079e-006 1.53753878e-006 1.67560063e-006 1.73395908e-006 2.02173860e-006 2.16656239e-006 
2.00000000e+000 1.09375000e+001 2.00000000e+001 6.53140023e-008 8.78938337e-007 1.56996811e-006 1.77762234e-006 2.24453196e-006 2.38156250e-006 2.43771283e-006 2.67293659e-006 2.70887865e-006 
2.00000000e+000 1.53125000e+001 2.00000000e+001 3.28849616e-007 2.18079790e-006 3.06797853e-006 3.28348268e-006 3.71032435e-006 3.81570227e-006 3.85553806e-006 3.92550166e-006 3.71006423e-006 
2.00000000e+000 1.96875000e+001 2.00000000e+001 1.92570387e-006 6.12445266e-006 6.71810426e-006 6.77526978e-006 6.79879657e-006 6.75837347e-006 6.73317104e-006 6.31497108e-006 5.51354216e-006 
2.00000000e+000 2.40625000e+001 2.00000000e+001 1.38322636e-005 1.99714982e-005 1.67531006e-005 1.58414345e-005 1.39628838e-005 1.33701981e-005 1.31141017e-005 1.12248001e-005 8.95878638e-006 
2.00000000e+000 2.84375000e+001 2.00000000e+001 2.31465040e-004 1.05480268e-004 6.14836931e-005 5.33316385e-005 3.95377700e-005 3.60160258e-005 3.45974461e-005 2.61933075e-005 1.85008665e-005 
2.00000000e+000 3.28125000e+001 2.00000000e+001 3.34745484e-003 4.08090629e-004 1.67975364e-004 1.35156385e-004 8.69308623e-005 7.61704067e-005 7.20130715e-005 4.98016375e-005 3.23202940e-005 
2.25000000e+000 2.18750000e+000 2.00000000e+001 1.69943063e-009 1.31911317e-007 4.07327850e-007 5.21964959e-007 8.35391345e-007 9.46075616e-007 9.94627725e-007 1.26911273e-006 1.48035277e-006 
2.25000000e+000 6.56250000e+000 2.00000000e+001 5.32850872e-009 2.21128585e-007 5.72048829e-007 7.05752653e-007 1.05329845e-006 1.17101106e-006 1.22192511e-006 1.49609915e-006 1.68286701e-006 
2.25000000e+000 1.09375000e+001 2.00000000e+001 2.83167366e-008 5.28990274e-007 1.05530537e-006 1.22691281e-006 1.63391531e-006 1.76060061e-006 1.81376396e-006 2.06599794e-006 2.17565060e-006 
2.25000000e+000 1.53125000e+001 2.00000000e+001 1.74449119e-007 1.47740667e-006 2.25672281e-006 2.46281441e-006 2.89353124e-006 3.00924140e-006 3.05491552e-006 3.19742911e-006 3.10749926e-006 
2.25000000e+000 1.96875000e+001 2.00000000e+001 1.25992513e-006 4.69006039e-006 5.42872427e-006 5.54501016e-006 5.70666152e-006 5.71383341e-006 5.70966910e-006 5.45051701e-006 4.84432045e-006 
2.25000000e+000 2.40625000e+001 2.00000000e+001 1.13411972e-005 1.74459609e-005 1.49821709e-005 1.42467963e-005 1.26982166e-005 1.21977912e-005 1.19799019e-005 1.03331032e-005 8.31083878e-006 
2.25000000e+000 2.84375000e+001 2.00000000e+001 2.73583871e-004 1.10601696e-004 6.30682894e-005 5.44645522e-005 4.00478407e-005 3.63993598e-005 3.49336219e-005 2.63090390e-005 1.84888479e-005 
2.25000000e+000 3.28125000e+001 2.00000000e+001 6.09878424e-003 5.18466466e-004 1.95260385e-004 1.54264533e-004 9.59789729e-005 8.33680895e-005 7.85401994e-005 5.32686872e-005 3.39784670e-005 
2.50000000e+000 2.18750000e+000 2.00000000e+001 5.10390156e-010 6.53035850e-008 2.38868673e-007 3.18695608e-007 5.52805547e-007 6.40613844e-007 6.79961794e-007 9.17352564e-007 1.12997426e-006 
2.50000000e+000 6.56250000e+000 2.00000000e+001 1.90268404e-009 1.19207177e-007 3.55079042e-007 4.53172948e-007 7.24063088e-007 8.20969168e-007 8.63722248e-007 1.10974360e-006 1.30942182e-006 
2.50000000e+000 1.09375000e+001 2.00000000e+001 1.23859828e-008 3.20715777e-007 7.13961461e-007 8.52042912e-007 1.19580042e-006 1.30817156e-006 1.35622295e-006 1.60355186e-006 1.75316666e-006 
2.50000000e+000 1.53125000e+001 2.00000000e+001 9.33123011e-008 1.00739546e-006 1.67012045e-006 1.85832430e-006 2.26927832e-006 2.38627886e-006 2.43369458e-006 2.61724365e-006 2.61383100e-006 
2.50000000e+000 1.96875000e+001 2.00000000e+001 8.30608080e-007 3.61197852e-006 4.40999503e-006 4.56184215e-006 4.81435895e-006 4.85508995e-006 4.86604123e-006 4.72699227e-006 4.27510922e-006 
2.50000000e+000 2.40625000e+001 2.00000000e+001 9.36796008e-006 1.53112979e-005 1.34546110e-005 1.28655536e-005 1.15949860e-005 1.11732904e-005 1.09881181e-005 9.55049585e-006 7.73991374e-006 
2.50000000e+000 2.84375000e+001 2.00000000e+001 3.33096927e-004 1.16708183e-004 6.49323975e-005 5.58059154e-005 4.06790604e-005 3.68876690e-005 3.53688614e-005 2.64948903e-005 1.85256524e-005 
2.50000000e+000 3.28125000e+001 2.00000000e+001 1.15487272e-002 6.70449364e-004 2.29362330e-004 1.77661272e-004 1.06650501e-004 9.17753802e-005 8.61348261e-005 5.72218860e-005 3.58417808e-005 
END