TITLE="3SCB_EB_E_WD280.dat"
VARIABLES= "Density" "Radius" "Height" "0.1053" "0.356" "0.6617" "0.7889" "1.1732" "1.3325" "1.408" "2" "3" 
ZONE T="3D Data" I=11 J=8 K=3 F=POINT
0.00000000e+000 8.75000000e+000 0.00000000e+000 1.09122106e-004 7.43421618e-005 4.69149288e-005 4.13374960e-005 3.15288730e-005 2.89320123e-005 2.78730980e-005 2.13945424e-005 1.51567498e-005 
0.00000000e+000 1.51554446e+001 0.00000000e+000 1.28096244e-004 8.67210919e-005 5.52463475e-005 4.88647570e-005 3.75749968e-005 3.45508003e-005 3.33118638e-005 2.56542724e-005 1.82011852e-005 
0.00000000e+000 1.95655948e+001 0.00000000e+000 1.57174679e-004 1.06057288e-004 6.75479585e-005 5.97219397e-005 4.58467966e-005 4.21273478e-005 4.06042377e-005 3.12193870e-005 2.21520035e-005 
0.00000000e+000 2.31503240e+001 0.00000000e+000 1.86724994e-004 1.25724075e-004 7.99473910e-005 7.06245426e-005 5.40826249e-005 4.96529117e-005 4.78406739e-005 3.67167297e-005 2.60481518e-005 
0.00000000e+000 2.62500000e+001 0.00000000e+000 2.15074510e-004 1.44605860e-004 9.17828934e-005 8.10111729e-005 6.18963633e-005 5.67845900e-005 5.46951759e-005 4.19109874e-005 2.97220285e-005 
0.00000000e+000 2.90204669e+001 0.00000000e+000 2.38469742e-004 1.60112155e-004 1.01520657e-004 8.95671485e-005 6.83552034e-005 6.26865961e-005 6.03706105e-005 4.62226878e-005 3.27730058e-005 
0.00000000e+000 3.15485737e+001 0.00000000e+000 2.57604221e-004 1.72811483e-004 1.09534611e-004 9.66230950e-005 7.37098791e-005 6.75879318e-005 6.50871115e-005 4.98189659e-005 3.53208906e-005 
0.00000000e+000 3.38886043e+001 0.00000000e+000 2.71858790e-004 1.82305972e-004 1.15595647e-004 1.01986269e-004 7.78313691e-005 7.13754114e-005 6.87377012e-005 5.26256781e-005 3.73145863e-005 
2.50000000e-001 8.75000000e+000 0.00000000e+000 3.45055130e-005 3.82744052e-005 2.84418672e-005 2.60484216e-005 2.14528935e-005 2.01207377e-005 1.95609606e-005 1.58270941e-005 1.18019188e-005 
2.50000000e-001 1.51554446e+001 0.00000000e+000 4.73220406e-005 4.82050499e-005 3.53658066e-005 3.23540415e-005 2.66130892e-005 2.49471814e-005 2.42460752e-005 1.95646563e-005 1.45274612e-005 
2.50000000e-001 1.95655948e+001 0.00000000e+000 6.78847799e-005 6.39621730e-005 4.58724730e-005 4.17361439e-005 3.39359849e-005 3.17020544e-005 3.07666969e-005 2.46251945e-005 1.81748533e-005 
2.50000000e-001 2.31503240e+001 0.00000000e+000 9.52597112e-005 8.29199888e-005 5.79630089e-005 5.24003723e-005 4.20449589e-005 3.91253533e-005 3.79100503e-005 3.00713517e-005 2.20402937e-005 
2.50000000e-001 2.62500000e+001 0.00000000e+000 1.34620464e-004 1.06603350e-004 7.21998329e-005 6.47685678e-005 5.11589222e-005 4.73922456e-005 4.58345967e-005 3.59770784e-005 2.61369415e-005 
2.50000000e-001 2.90204669e+001 0.00000000e+000 1.96063711e-004 1.37694375e-004 8.95510998e-005 7.95562054e-005 6.16265629e-005 5.67729199e-005 5.47807647e-005 4.24363867e-005 3.04609014e-005 
2.50000000e-001 3.15485737e+001 0.00000000e+000 2.42080806e-004 1.61244889e-004 1.02877519e-004 9.09658407e-005 6.97916134e-005 6.41159627e-005 6.17942563e-005 4.75460635e-005 3.39090385e-005 
2.50000000e-001 3.38886043e+001 0.00000000e+000 2.77452866e-004 1.78614672e-004 1.12712331e-004 9.94077925e-005 7.58842447e-005 6.96122785e-005 6.70509690e-005 5.14055466e-005 3.65255857e-005 
5.00000000e-001 8.75000000e+000 0.00000000e+000 1.16605682e-005 2.01544987e-005 1.74653758e-005 1.65944155e-005 1.47080807e-005 1.40876159e-005 1.38158789e-005 1.17628965e-005 9.21907060e-006 
5.00000000e-001 1.51554446e+001 0.00000000e+000 2.01806360e-005 2.83021098e-005 2.33785132e-005 2.20199783e-005 1.92175775e-005 1.83269180e-005 1.79402389e-005 1.51009463e-005 1.16924841e-005 
5.00000000e-001 1.95655948e+001 0.00000000e+000 3.51034061e-005 4.15417918e-005 3.25810549e-005 3.03183723e-005 2.58242822e-005 2.44560850e-005 2.38708997e-005 1.97662392e-005 1.50955150e-005 
5.00000000e-001 2.31503240e+001 0.00000000e+000 5.91805167e-005 5.96583875e-005 4.43630331e-005 4.07546236e-005 3.38234148e-005 3.17939803e-005 3.09378141e-005 2.51752114e-005 1.89408110e-005 
5.00000000e-001 2.62500000e+001 0.00000000e+000 1.03551124e-004 8.67007305e-005 6.04957983e-005 5.47290548e-005 4.40443585e-005 4.10401752e-005 3.97904060e-005 3.17167621e-005 2.34257598e-005 
5.00000000e-001 2.90204669e+001 0.00000000e+000 1.94279274e-004 1.30724624e-004 8.44039572e-005 7.49357349e-005 5.80692427e-005 5.35262349e-005 5.16637080e-005 4.01271942e-005 2.89240826e-005 
5.00000000e-001 3.15485737e+001 0.00000000e+000 2.67249515e-004 1.63843043e-004 1.02363690e-004 9.01451104e-005 6.87007601e-005 6.30179009e-005 6.07010098e-005 4.65824285e-005 3.31822386e-005 
5.00000000e-001 3.38886043e+001 0.00000000e+000 3.33917884e-004 1.89852474e-004 1.16040868e-004 1.01677596e-004 7.67263734e-005 7.01810366e-005 6.75211680e-005 5.14569652e-005 3.63962111e-005 
7.50000000e-001 8.75000000e+000 0.00000000e+000 4.17548883e-006 1.08410489e-005 1.08583068e-005 1.06838491e-005 1.01585999e-005 9.92863901e-006 9.81942917e-006 8.78223346e-006 7.22419645e-006 
7.50000000e-001 1.51554446e+001 0.00000000e+000 9.43532785e-006 1.73631872e-005 1.58876593e-005 1.53516011e-005 1.41209255e-005 1.36760091e-005 1.34744447e-005 1.17860007e-005 9.48494934e-006 
7.50000000e-001 1.95655948e+001 0.00000000e+000 1.99817927e-005 2.84432778e-005 2.39711851e-005 2.27207179e-005 2.01134901e-005 1.92683736e-005 1.88988384e-005 1.61113820e-005 1.26770623e-005 
7.50000000e-001 2.31503240e+001 0.00000000e+000 4.01917655e-005 4.53573162e-005 3.53006004e-005 3.28206311e-005 2.79473256e-005 2.64767870e-005 2.58495319e-005 2.14642360e-005 1.64962926e-005 
7.50000000e-001 2.62500000e+001 0.00000000e+000 8.60092466e-005 7.44615396e-005 5.27998673e-005 4.79939996e-005 3.90510412e-005 3.65180822e-005 3.54611560e-005 2.85476963e-005 2.13249134e-005 
7.50000000e-001 2.90204669e+001 0.00000000e+000 2.02604084e-004 1.29788682e-004 8.25207345e-005 7.30290231e-005 5.62840495e-005 5.18159016e-005 4.99893825e-005 3.87470901e-005 2.79129713e-005 
7.50000000e-001 3.15485737e+001 0.00000000e+000 3.11496258e-004 1.72987215e-004 1.05049825e-004 9.19374441e-005 6.92660308e-005 6.33453429e-005 6.09426278e-005 4.64659058e-005 3.29291949e-005 
7.50000000e-001 3.38886043e+001 0.00000000e+000 4.34974167e-004 2.10346317e-004 1.23229278e-004 1.06997445e-004 7.93912420e-005 7.22952203e-005 6.94298030e-005 5.23919450e-005 3.67475703e-005 
1.00000000e+000 8.75000000e+000 0.00000000e+000 1.56926551e-006 5.94727416e-006 6.83046902e-006 6.94835500e-006 7.06666748e-006 7.04230646e-006 7.02158019e-006 6.58609734e-006 5.67852982e-006 
1.00000000e+000 1.51554446e+001 0.00000000e+000 4.66971555e-006 1.10194955e-005 1.10495287e-005 1.09241622e-005 1.05364912e-005 1.03486901e-005 1.02565078e-005 9.29267890e-006 7.75070431e-006 
1.00000000e+000 1.95655948e+001 0.00000000e+000 1.19936535e-005 2.01992121e-005 1.81182197e-005 1.74472306e-005 1.59674572e-005 1.54499797e-005 1.52177441e-005 1.33076231e-005 1.07512095e-005 
1.00000000e+000 2.31503240e+001 0.00000000e+000 2.85560642e-005 3.57012155e-005 2.88679455e-005 2.71055796e-005 2.35705591e-005 2.24736983e-005 2.20010738e-005 1.85751822e-005 1.45314820e-005 
1.00000000e+000 2.62500000e+001 0.00000000e+000 7.39957842e-005 6.59409846e-005 4.72990117e-005 4.31314883e-005 3.53521823e-005 3.31382496e-005 3.22126815e-005 2.61075413e-005 1.96572309e-005 
1.00000000e+000 2.90204669e+001 0.00000000e+000 2.15643120e-004 1.31615338e-004 8.23256111e-005 7.25787389e-005 5.55307569e-005 5.10229007e-005 4.91857140e-005 3.79650751e-005 2.72637779e-005 
1.00000000e+000 3.15485737e+001 0.00000000e+000 3.76630294e-004 1.86422888e-004 1.09719174e-004 9.53553426e-005 7.08901686e-005 6.45956561e-005 6.20534419e-005 4.69235783e-005 3.30134757e-005 
1.00000000e+000 3.38886043e+001 0.00000000e+000 6.05665618e-004 2.39575523e-004 1.33523183e-004 1.14706031e-004 8.34354977e-005 7.55737680e-005 7.24210178e-005 5.39937463e-005 3.74683105e-005 
1.25000000e+000 8.75000000e+000 0.00000000e+000 6.13446393e-007 3.32162537e-006 4.34456070e-006 4.56245613e-006 4.94968365e-006 5.02590419e-006 5.05049260e-006 4.96057218e-006 4.47712088e-006 
1.25000000e+000 1.51554446e+001 0.00000000e+000 2.39730301e-006 7.17540624e-006 7.83185623e-006 7.90796658e-006 7.96749945e-006 7.92735363e-006 7.89964336e-006 7.39437941e-006 6.37651779e-006 
1.25000000e+000 1.95655948e+001 0.00000000e+000 7.43756739e-006 1.47137546e-005 1.39764411e-005 1.36529352e-005 1.28737721e-005 1.25683454e-005 1.24262544e-005 1.11170146e-005 9.19729963e-006 
1.25000000e+000 2.31503240e+001 0.00000000e+000 2.08428839e-005 2.87420917e-005 2.40676289e-005 2.27972550e-005 2.01920909e-005 1.93595132e-005 1.89970029e-005 1.62702568e-005 1.29238552e-005 
1.25000000e+000 2.62500000e+001 0.00000000e+000 6.49656755e-005 5.94839663e-005 4.30974078e-005 3.94021814e-005 3.24792432e-005 3.04999466e-005 2.96710938e-005 2.41671264e-005 1.83023324e-005 
1.25000000e+000 2.90204669e+001 0.00000000e+000 2.32404623e-004 1.34981702e-004 8.30915800e-005 7.29735945e-005 5.54086105e-005 5.08013744e-005 4.89288257e-005 3.75785204e-005 2.68680445e-005 
1.25000000e+000 3.15485737e+001 0.00000000e+000 4.71890896e-004 2.03746912e-004 1.15898033e-004 9.99751199e-005 7.32712719e-005 6.65037943e-005 6.37836426e-005 4.77941851e-005 3.33468141e-005 
1.25000000e+000 3.38886043e+001 0.00000000e+000 8.98428615e-004 2.79237586e-004 1.46912613e-004 1.24692780e-004 8.86939521e-005 7.98576668e-005 7.63401166e-005 5.61482591e-005 3.84909370e-005 
1.50000000e+000 8.75000000e+000 0.00000000e+000 2.47524046e-007 1.88533813e-006 2.79208201e-006 3.02295983e-006 3.48970671e-006 3.60809761e-006 3.65327700e-006 3.75195883e-006 3.54036296e-006 
1.50000000e+000 1.51554446e+001 0.00000000e+000 1.26217539e-006 4.76410482e-006 5.63739577e-006 5.80633223e-006 6.09436463e-006 6.13750140e-006 6.14729804e-006 5.93243260e-006 5.27861481e-006 
1.50000000e+000 1.95655948e+001 0.00000000e+000 4.71601685e-006 1.09145179e-005 1.09498532e-005 1.08410643e-005 1.05099469e-005 1.03454747e-005 1.02641151e-005 9.37668725e-006 7.92794820e-006 
1.50000000e+000 2.31503240e+001 0.00000000e+000 1.54931581e-005 2.35008677e-005 2.03468502e-005 1.94317564e-005 1.75056230e-005 1.68686790e-005 1.65880921e-005 1.43909493e-005 1.15867377e-005 
1.50000000e+000 2.62500000e+001 0.00000000e+000 5.78301657e-005 5.43120992e-005 3.97249383e-005 3.64048111e-005 3.01579558e-005 2.83629854e-005 2.76100207e-005 2.25788508e-005 1.71774566e-005 
1.50000000e+000 2.90204669e+001 0.00000000e+000 2.52983036e-004 1.39403053e-004 8.44691457e-005 7.39056918e-005 5.56952867e-005 5.09538788e-005 4.90315799e-005 3.74615886e-005 2.66532644e-005 
1.50000000e+000 3.15485737e+001 0.00000000e+000 6.14162594e-004 2.25337994e-004 1.23454738e-004 1.05643677e-004 7.62637392e-005 6.89343555e-005 6.60027541e-005 4.89832621e-005 3.38721916e-005 
1.50000000e+000 3.38886043e+001 0.00000000e+000 1.41374021e-003 3.32574151e-004 1.63805570e-004 1.37153469e-004 9.51601287e-005 8.51166800e-005 8.11499750e-005 5.88047578e-005 3.97769143e-005 
1.75000000e+000 8.75000000e+000 0.00000000e+000 1.02455552e-007 1.08561559e-006 1.81162386e-006 2.01988787e-006 2.47575323e-006 2.60489559e-006 2.65689304e-006 2.84934181e-006 2.80769334e-006 
1.75000000e+000 1.51554446e+001 0.00000000e+000 6.77041106e-007 3.21072022e-006 4.10885988e-006 4.31339207e-006 4.70749253e-006 4.79561224e-006 4.82654284e-006 4.79447002e-006 4.39454470e-006 
1.75000000e+000 1.95655948e+001 0.00000000e+000 3.03985137e-006 8.20620655e-006 8.68176777e-006 8.70720054e-006 8.66723647e-006 8.59823292e-006 8.55857807e-006 7.97332887e-006 6.87918651e-006 
1.75000000e+000 2.31503240e+001 0.00000000e+000 1.16723979e-005 1.94328373e-005 1.73801434e-005 1.67302324e-005 1.53173752e-005 1.48302952e-005 1.46127493e-005 1.28295124e-005 1.04580318e-005 
1.75000000e+000 2.62500000e+001 0.00000000e+000 5.20193715e-005 5.00159846e-005 3.69185823e-005 3.39095953e-005 2.82219933e-005 2.65788951e-005 2.58883634e-005 2.12457442e-005 1.62249729e-005 
1.75000000e+000 2.90204669e+001 0.00000000e+000 2.77899093e-004 1.44686598e-004 8.62843554e-005 7.52148633e-005 5.62644160e-005 5.13652164e-005 4.93835827e-005 3.75349582e-005 2.65704784e-005 
1.75000000e+000 3.15485737e+001 0.00000000e+000 8.32775290e-004 2.52048964e-004 1.32434497e-004 1.12349092e-004 7.98081746e-005 7.18250917e-005 6.86483267e-005 5.04370305e-005 3.45530751e-005 
1.75000000e+000 3.38886043e+001 0.00000000e+000 2.34603123e-003 4.04498500e-004 1.84920671e-004 1.52496217e-004 1.02929238e-004 9.14025437e-005 8.68882563e-005 6.19535176e-005 4.13072892e-005 
2.00000000e+000 8.75000000e+000 0.00000000e+000 4.32940729e-008 6.33144698e-007 1.18587154e-006 1.36027058e-006 1.76679478e-006 1.89072669e-006 1.94220967e-006 2.17232711e-006 2.23289921e-006 
2.00000000e+000 1.51554446e+001 0.00000000e+000 3.68496916e-007 2.18930502e-006 3.02543512e-006 3.23542926e-006 3.66671046e-006 3.77684440e-006 3.81888305e-006 3.89997820e-006 3.67738820e-006 
2.00000000e+000 1.95655948e+001 0.00000000e+000 1.98468954e-006 6.23438551e-006 6.94841384e-006 7.05701157e-006 7.20658390e-006 7.20286671e-006 7.19217834e-006 6.82674961e-006 6.00365684e-006 
2.00000000e+000 2.31503240e+001 0.00000000e+000 8.88651041e-006 1.62074530e-005 1.49642918e-005 1.45163135e-005 1.35003275e-005 1.31308781e-005 1.29630508e-005 1.15111723e-005 9.49264233e-006 
2.00000000e+000 2.62500000e+001 0.00000000e+000 4.71930322e-005 4.63578223e-005 3.45214729e-005 3.17775509e-005 2.65666587e-005 2.50528472e-005 2.44154157e-005 2.01027291e-005 1.54041958e-005 
2.00000000e+000 2.90204669e+001 0.00000000e+000 3.07963965e-004 1.50768115e-004 8.84491385e-005 7.68159009e-005 5.70425758e-005 5.19667894e-005 4.99184169e-005 3.77478770e-005 2.65862862e-005 
2.00000000e+000 3.15485737e+001 0.00000000e+000 1.17923865e-003 2.85163372e-004 1.42992771e-004 1.20163749e-004 8.38958211e-005 7.51571347e-005 7.16984690e-005 5.21271033e-005 3.53665344e-005 
2.00000000e+000 3.38886043e+001 0.00000000e+000 4.07840246e-003 5.02146689e-004 2.11279814e-004 1.71317912e-004 1.12173054e-004 9.88266525e-005 9.36464201e-005 6.56132130e-005 4.30768066e-005 
2.25000000e+000 8.75000000e+000 0.00000000e+000 1.86065467e-008 3.73444605e-007 7.82562884e-007 9.22725762e-007 1.26787644e-006 1.37933500e-006 1.42670535e-006 1.66238499e-006 1.78061085e-006 
2.25000000e+000 1.51554446e+001 0.00000000e+000 2.02954573e-007 1.50691502e-006 2.24642191e-006 2.44641778e-006 2.87643971e-006 2.99479032e-006 3.04177509e-006 3.19057890e-006 3.09161129e-006 
2.25000000e+000 1.95655948e+001 0.00000000e+000 1.30932733e-006 4.77576497e-006 5.60321930e-006 5.76157323e-006 6.03269162e-006 6.07359708e-006 6.08308472e-006 5.87920051e-006 5.26588716e-006 
2.25000000e+000 2.31503240e+001 0.00000000e+000 6.82326677e-006 1.36097507e-005 1.29654013e-005 1.26729598e-005 1.19682284e-005 1.16926536e-005 1.15647186e-005 1.03829128e-005 8.65735424e-006 
2.25000000e+000 2.62500000e+001 0.00000000e+000 4.31289164e-005 4.31876903e-005 3.24342542e-005 2.99200396e-005 2.51235060e-005 2.37222057e-005 2.31309787e-005 1.91051444e-005 1.46859820e-005 
2.25000000e+000 2.90204669e+001 0.00000000e+000 3.44286345e-004 1.57647481e-004 9.09198928e-005 7.86634196e-005 5.79864047e-005 5.27170582e-005 5.05954508e-005 3.80674078e-005 2.66776660e-005 
2.25000000e+000 3.15485737e+001 0.00000000e+000 1.74574464e-003 3.26469171e-004 1.55372036e-004 1.29220785e-004 8.85505915e-005 7.89392974e-005 7.51571172e-005 5.40414852e-005 3.62988237e-005 
2.25000000e+000 3.38886043e+001 0.00000000e+000 7.37902884e-003 6.35819646e-004 2.44256387e-004 1.94418115e-004 1.23131918e-004 1.07551139e-004 1.01560760e-004 6.98240833e-005 4.50902534e-005 
2.50000000e+000 8.75000000e+000 0.00000000e+000 8.10928604e-009 2.22470215e-007 5.20248761e-007 6.30121808e-007 9.14603068e-007 1.01108911e-006 1.05286757e-006 1.27671446e-006 1.42367513e-006 
2.50000000e+000 1.51554446e+001 0.00000000e+000 1.12896428e-007 1.04525765e-006 1.67965592e-006 1.86230286e-006 2.27027552e-006 2.38862359e-006 2.43678181e-006 2.62343694e-006 2.61008255e-006 
2.50000000e+000 1.95655948e+001 0.00000000e+000 8.71322901e-007 3.68336106e-006 4.54648265e-006 4.73233137e-006 5.07845743e-006 5.14948369e-006 5.17292898e-006 5.08835853e-006 4.63898866e-006 
2.50000000e+000 2.31503240e+001 0.00000000e+000 5.27633306e-006 1.14923023e-005 1.12910259e-005 1.11190699e-005 1.06604931e-005 1.04606553e-005 1.03651039e-005 9.40631916e-006 7.92734175e-006 
2.50000000e+000 2.62500000e+001 0.00000000e+000 3.96722902e-005 4.04047162e-005 3.05905149e-005 2.82776941e-005 2.38460961e-005 2.25441925e-005 2.19938073e-005 1.82216275e-005 1.40491364e-005 
2.50000000e+000 2.90204669e+001 0.00000000e+000 3.88337271e-004 1.65361529e-004 9.36775296e-005 8.07342833e-005 5.90701520e-005 5.35906227e-005 5.13895580e-005 3.84719085e-005 2.68285908e-005 
2.50000000e+000 3.15485737e+001 0.00000000e+000 2.70044032e-003 3.78412659e-004 1.69899569e-004 1.39706766e-004 9.38203015e-005 8.31999395e-005 7.90462354e-005 5.61792691e-005 3.73425360e-005 
2.50000000e+000 3.38886043e+001 0.00000000e+000 1.38126832e-002 8.20432142e-004 2.85665482e-004 2.22837993e-004 1.36116797e-004 1.17787769e-004 1.10810467e-004 7.46445856e-005 4.73602368e-005 
0.00000000e+000 8.75000000e+000 1.00000000e+001 1.18152343e-004 8.07903020e-005 5.10196964e-005 4.49366061e-005 3.42018032e-005 3.13551531e-005 3.01947534e-005 2.31207786e-005 1.63697214e-005 
0.00000000e+000 1.51554446e+001 1.00000000e+001 1.31495874e-004 8.95267967e-005 5.69001215e-005 5.02567055e-005 3.85003958e-005 3.53594786e-005 3.40748365e-005 2.61779371e-005 1.85621065e-005 
0.00000000e+000 1.95655948e+001 1.00000000e+001 1.49795286e-004 1.01594699e-004 6.46519234e-005 5.71323863e-005 4.38064767e-005 4.02391754e-005 3.87792791e-005 2.97982243e-005 2.11391517e-005 
0.00000000e+000 2.31503240e+001 1.00000000e+001 1.67668817e-004 1.13414615e-004 7.21800302e-005 6.37853825e-005 4.88976885e-005 4.49101956e-005 4.32783207e-005 3.32449087e-005 2.35882570e-005 
0.00000000e+000 2.62500000e+001 1.00000000e+001 1.83899015e-004 1.24117931e-004 7.89685553e-005 6.97767984e-005 5.34710637e-005 4.91036024e-005 4.73164071e-005 3.63347296e-005 2.57805527e-005 
0.00000000e+000 2.90204669e+001 1.00000000e+001 1.96778413e-004 1.32612390e-004 8.43428539e-005 7.45196351e-005 5.70957417e-005 5.24295494e-005 5.05202566e-005 3.87912215e-005 2.75242471e-005 
0.00000000e+000 3.15485737e+001 1.00000000e+001 2.08821055e-004 1.40621394e-004 8.94084043e-005 7.89875602e-005 6.05068061e-005 5.55588749e-005 5.35345031e-005 4.11016693e-005 2.91635301e-005 
0.00000000e+000 3.38886043e+001 1.00000000e+001 2.19091738e-004 1.47496214e-004 9.37585477e-005 8.28245925e-005 6.34380723e-005 5.82491975e-005 5.61264386e-005 4.30909611e-005 3.05747410e-005 
2.50000000e-001 8.75000000e+000 1.00000000e+001 3.69264032e-005 4.13132426e-005 3.07710819e-005 2.81810257e-005 2.31771772e-005 2.17218857e-005 2.11104258e-005 1.70483634e-005 1.27116233e-005 
2.50000000e-001 1.51554446e+001 1.00000000e+001 4.83626649e-005 4.95980312e-005 3.63174166e-005 3.31808431e-005 2.71959288e-005 2.54647519e-005 2.47376946e-005 1.99170087e-005 1.47852715e-005 
2.50000000e-001 1.95655948e+001 1.00000000e+001 6.44991433e-005 6.10387036e-005 4.37417816e-005 3.97790680e-005 3.23111530e-005 3.01763227e-005 2.92831786e-005 2.34298978e-005 1.72956970e-005 
2.50000000e-001 2.31503240e+001 1.00000000e+001 8.48262738e-005 7.42118026e-005 5.19577419e-005 4.69999286e-005 3.77761412e-005 3.51743552e-005 3.40907611e-005 2.70827559e-005 1.98665262e-005 
2.50000000e-001 2.62500000e+001 1.00000000e+001 1.12939310e-004 9.01378654e-005 6.13391725e-005 5.51235547e-005 4.37367688e-005 4.05759105e-005 3.92664838e-005 3.09252896e-005 2.25056004e-005 
2.50000000e-001 2.90204669e+001 1.00000000e+001 1.56938602e-004 1.11513923e-004 7.30472242e-005 6.50634091e-005 5.07255951e-005 4.68269771e-005 4.52229055e-005 3.51971495e-005 2.53272720e-005 
2.50000000e-001 3.15485737e+001 1.00000000e+001 1.91494437e-004 1.28705069e-004 8.26287531e-005 7.32386196e-005 5.65405976e-005 5.20480696e-005 5.02062155e-005 3.88095769e-005 2.77424449e-005 
2.50000000e-001 3.38886043e+001 1.00000000e+001 2.18857904e-004 1.42100433e-004 9.01220090e-005 7.96440063e-005 6.11229081e-005 5.61717660e-005 5.41462038e-005 4.16857110e-005 2.96796031e-005 
5.00000000e-001 8.75000000e+000 1.00000000e+001 1.23353841e-005 2.16095164e-005 1.87996123e-005 1.78683168e-005 1.58266130e-005 1.51508222e-005 1.48548055e-005 1.26297425e-005 9.90286038e-006 
5.00000000e-001 1.51554446e+001 1.00000000e+001 2.06027800e-005 2.90712123e-005 2.39639291e-005 2.25407616e-005 1.96006712e-005 1.86710078e-005 1.82686414e-005 1.53439879e-005 1.18796443e-005 
5.00000000e-001 1.95655948e+001 1.00000000e+001 3.35778127e-005 3.96903301e-005 3.10503458e-005 2.88697783e-005 2.45495437e-005 2.32396611e-005 2.26802927e-005 1.87705614e-005 1.43379263e-005 
5.00000000e-001 2.31503240e+001 1.00000000e+001 5.30899100e-005 5.34092305e-005 3.96909505e-005 3.64689370e-005 3.02982839e-005 2.84941416e-005 2.77329805e-005 2.25988373e-005 1.70185000e-005 
5.00000000e-001 2.62500000e+001 1.00000000e+001 8.70109697e-005 7.30246362e-005 5.11180826e-005 4.63167811e-005 3.74344619e-005 3.49326100e-005 3.38902042e-005 2.71101628e-005 2.00654708e-005 
5.00000000e-001 2.90204669e+001 1.00000000e+001 1.54422480e-004 1.04911580e-004 6.82062307e-005 6.07179958e-005 4.73757883e-005 4.37677718e-005 4.22850099e-005 3.30168299e-005 2.38741876e-005 
5.00000000e-001 3.15485737e+001 1.00000000e+001 2.11300199e-004 1.30065771e-004 8.16617864e-005 7.20768137e-005 5.52691983e-005 5.08030579e-005 4.89785982e-005 3.77720117e-005 2.69795676e-005 
5.00000000e-001 3.38886043e+001 1.00000000e+001 2.63147345e-004 1.50364164e-004 9.22526501e-005 8.09807438e-005 6.14256564e-005 5.62875940e-005 5.41964372e-005 4.14833152e-005 2.94109563e-005 
7.50000000e-001 8.75000000e+000 1.00000000e+001 4.36603072e-006 1.15464939e-005 1.16288907e-005 1.14502587e-005 1.08878509e-005 1.06377987e-005 1.05189941e-005 9.39936892e-006 7.73925411e-006 
7.50000000e-001 1.51554446e+001 1.00000000e+001 9.62214089e-006 1.78201236e-005 1.62681743e-005 1.56965935e-005 1.43830376e-005 1.39133131e-005 1.37016694e-005 1.19579812e-005 9.62314594e-006 
7.50000000e-001 1.95655948e+001 1.00000000e+001 1.92620517e-005 2.72761861e-005 2.28797126e-005 2.16562266e-005 1.91195804e-005 1.83041882e-005 1.79487205e-005 1.52860122e-005 1.20269865e-005 
7.50000000e-001 2.31503240e+001 1.00000000e+001 3.64121558e-005 4.07781368e-005 3.16256879e-005 2.93885786e-005 2.50191159e-005 2.37066667e-005 2.31473522e-005 1.92361632e-005 1.47931894e-005 
7.50000000e-001 2.62500000e+001 1.00000000e+001 7.26455741e-005 6.27791762e-005 4.45598071e-005 4.05449199e-005 3.31004017e-005 3.09922701e-005 3.01117589e-005 2.43186438e-005 1.82010583e-005 
7.50000000e-001 2.90204669e+001 1.00000000e+001 1.60452897e-004 1.03752049e-004 6.63700680e-005 5.88831738e-005 4.56814765e-005 4.21477305e-005 4.07000967e-005 3.17132491e-005 2.29197703e-005 
7.50000000e-001 3.15485737e+001 1.00000000e+001 2.47442282e-004 1.37291765e-004 8.36276975e-005 7.33234600e-005 5.55414470e-005 5.08909116e-005 4.90007026e-005 3.75331961e-005 2.66660583e-005 
7.50000000e-001 3.38886043e+001 1.00000000e+001 3.43712796e-004 1.66553202e-004 9.77944329e-005 8.50354626e-005 6.33805607e-005 5.78110013e-005 5.55594073e-005 4.20962177e-005 2.95900025e-005 
1.00000000e+000 8.75000000e+000 1.00000000e+001 1.62151387e-006 6.29212276e-006 7.27849875e-006 7.41221076e-006 7.54421589e-006 7.51718239e-006 7.49440222e-006 7.02664864e-006 6.06724281e-006 
1.00000000e+000 1.51554446e+001 1.00000000e+001 4.75021563e-006 1.13020354e-005 1.13067578e-005 1.11615728e-005 1.07220442e-005 1.05177107e-005 1.04187331e-005 9.41740015e-006 7.85449626e-006 
1.00000000e+000 1.95655948e+001 1.00000000e+001 1.16304996e-005 1.94569400e-005 1.73389701e-005 1.66647522e-005 1.51932137e-005 1.46866080e-005 1.44604813e-005 1.26246006e-005 1.01945617e-005 
1.00000000e+000 2.31503240e+001 1.00000000e+001 2.60981514e-005 3.22757488e-005 2.59420863e-005 2.43285784e-005 2.11208866e-005 2.01336812e-005 1.97091981e-005 1.66404307e-005 1.30187418e-005 
1.00000000e+000 2.62500000e+001 1.00000000e+001 6.28210847e-005 5.57463659e-005 3.99511125e-005 3.64484512e-005 2.99422016e-005 2.80940530e-005 2.73211087e-005 2.22000449e-005 1.67399508e-005 
1.00000000e+000 2.90204669e+001 1.00000000e+001 1.70114172e-004 1.04970906e-004 6.60403721e-005 5.83589225e-005 4.49308021e-005 4.13702713e-005 3.99163345e-005 3.09654937e-005 2.23044838e-005 
1.00000000e+000 3.15485737e+001 1.00000000e+001 3.01581415e-004 1.48223048e-004 8.73517437e-005 7.60229705e-005 5.67765397e-005 5.18221244e-005 4.98187410e-005 3.78262028e-005 2.66680005e-005 
1.00000000e+000 3.38886043e+001 1.00000000e+001 4.81198524e-004 1.89925508e-004 1.05961102e-004 9.11293102e-005 6.65403626e-005 6.03587050e-005 5.78775540e-005 4.33075393e-005 3.01054810e-005 
1.25000000e+000 8.75000000e+000 1.00000000e+001 6.26208071e-007 3.49067945e-006 4.60631874e-006 4.84449264e-006 5.26354974e-006 5.34495181e-006 5.37107831e-006 5.27581024e-006 4.77099509e-006 
1.25000000e+000 1.51554446e+001 1.00000000e+001 2.42862044e-006 7.35280504e-006 8.00999440e-006 8.07552729e-006 8.10233336e-006 8.05088133e-006 8.01845233e-006 7.48683521e-006 6.45574379e-006 
1.25000000e+000 1.95655948e+001 1.00000000e+001 7.23961344e-006 1.42339401e-005 1.34165913e-005 1.30750060e-005 1.22691976e-005 1.19628519e-005 1.18217251e-005 1.05515469e-005 8.72092831e-006 
1.25000000e+000 2.31503240e+001 1.00000000e+001 1.91858696e-005 2.61322233e-005 2.17106171e-005 2.05271684e-005 1.81276209e-005 1.73697751e-005 1.70409233e-005 1.45826441e-005 1.15762540e-005 
1.25000000e+000 2.62500000e+001 1.00000000e+001 5.54127319e-005 5.04454329e-005 3.64666012e-005 3.33412510e-005 2.75188349e-005 2.58592644e-005 2.51643525e-005 2.05354687e-005 1.55662405e-005 
1.25000000e+000 2.90204669e+001 1.00000000e+001 1.82449183e-004 1.07448853e-004 6.65390558e-005 5.85720965e-005 4.47439319e-005 4.11065713e-005 3.96254033e-005 3.05792499e-005 2.19236295e-005 
1.25000000e+000 3.15485737e+001 1.00000000e+001 3.82569608e-004 1.62472494e-004 9.23810679e-005 7.97694895e-005 5.86836961e-005 5.33409492e-005 5.11914801e-005 3.84945655e-005 2.68993397e-005 
1.25000000e+000 3.38886043e+001 1.00000000e+001 7.21072576e-004 2.21796638e-004 1.16678713e-004 9.91139841e-005 7.07290267e-005 6.37646005e-005 6.09903091e-005 4.50015785e-005 3.08896213e-005 
1.50000000e+000 8.75000000e+000 1.00000000e+001 2.49546100e-007 1.96787663e-006 2.94542422e-006 3.19496030e-006 3.69656923e-006 3.82300840e-006 3.87118815e-006 3.97797224e-006 3.76287942e-006 
1.50000000e+000 1.51554446e+001 1.00000000e+001 1.27165128e-006 4.87537979e-006 5.76225764e-006 5.92629706e-006 6.19411588e-006 6.22947472e-006 6.23595868e-006 6.00222467e-006 5.33998193e-006 
1.50000000e+000 1.95655948e+001 1.00000000e+001 4.59907979e-006 1.05977980e-005 1.05438405e-005 1.04109863e-005 1.00357194e-005 9.86338489e-006 9.77982501e-006 8.90764993e-006 7.52005975e-006 
1.50000000e+000 2.31503240e+001 1.00000000e+001 1.43431005e-005 2.14807350e-005 1.84275489e-005 1.75582591e-005 1.57533249e-005 1.51658234e-005 1.49082604e-005 1.29121402e-005 1.03825054e-005 
1.50000000e+000 2.62500000e+001 1.00000000e+001 4.95381038e-005 4.62026139e-005 3.36840992e-005 3.08595591e-005 2.55769274e-005 2.40648359e-005 2.34307953e-005 1.91858551e-005 1.46011167e-005 
1.50000000e+000 2.90204669e+001 1.00000000e+001 1.97408505e-004 1.10747285e-004 6.75456387e-005 5.92387163e-005 4.49131278e-005 4.11714189e-005 3.96514729e-005 3.04351711e-005 2.17078482e-005 
1.50000000e+000 3.15485737e+001 1.00000000e+001 5.07233915e-004 1.80391432e-004 9.85897603e-005 8.44170264e-005 6.11237356e-005 5.53177405e-005 5.29938948e-005 3.94472985e-005 2.73048465e-005 
1.50000000e+000 3.38886043e+001 1.00000000e+001 1.15443153e-003 2.64865783e-004 1.30260108e-004 1.09127736e-004 7.59220796e-005 6.79862200e-005 6.48502253e-005 4.71243113e-005 3.19030923e-005 
1.75000000e+000 8.75000000e+000 1.00000000e+001 1.01987547e-007 1.12537403e-006 1.90146520e-006 2.12489969e-006 2.61233644e-006 2.74991662e-006 2.80527266e-006 3.01163009e-006 2.97639894e-006 
1.75000000e+000 1.51554446e+001 1.00000000e+001 6.77629089e-007 3.27965565e-006 4.19665161e-006 4.39977593e-006 4.78207054e-006 4.86489937e-006 4.89351595e-006 4.84787902e-006 4.44267662e-006 
1.75000000e+000 1.95655948e+001 1.00000000e+001 2.96538267e-006 7.99196967e-006 8.38394339e-006 8.38415525e-006 8.29304911e-006 8.21244469e-006 8.16876956e-006 7.58313757e-006 6.52946569e-006 
1.75000000e+000 2.31503240e+001 1.00000000e+001 1.08543027e-005 1.78477708e-005 1.58021380e-005 1.51705912e-005 1.38200679e-005 1.33640200e-005 1.31616486e-005 1.15278398e-005 9.37851471e-006 
1.75000000e+000 2.62500000e+001 1.00000000e+001 4.47414284e-005 4.26732465e-005 3.13731494e-005 2.87997943e-005 2.39657009e-005 2.25752923e-005 2.19913413e-005 1.80611261e-005 1.37903228e-005 
1.75000000e+000 2.90204669e+001 1.00000000e+001 2.15266279e-004 1.14688189e-004 6.89023868e-005 6.02129316e-005 4.53218354e-005 4.14581059e-005 3.98920969e-005 3.04588399e-005 2.16107324e-005 
1.75000000e+000 3.15485737e+001 1.00000000e+001 7.06188799e-004 2.02785579e-004 1.06019089e-004 8.99534817e-005 6.40400931e-005 5.76932007e-005 5.51664718e-005 4.06329293e-005 2.78493449e-005 
1.75000000e+000 3.38886043e+001 1.00000000e+001 1.96664899e-003 3.23332980e-004 1.47297840e-004 1.21501840e-004 8.21898283e-005 7.30580825e-005 6.94803121e-005 4.96609912e-005 3.31255779e-005 
2.00000000e+000 8.75000000e+000 1.00000000e+001 4.25425097e-008 6.51772517e-007 1.23835027e-006 1.42431179e-006 1.85703342e-006 1.98866760e-006 2.04333304e-006 2.28897468e-006 2.36094062e-006 
2.00000000e+000 1.51554446e+001 1.00000000e+001 3.66067427e-007 2.23105146e-006 3.08694549e-006 3.29758726e-006 3.72270880e-006 3.82933898e-006 3.86979087e-006 3.94122002e-006 3.71551694e-006 
2.00000000e+000 1.95655948e+001 1.00000000e+001 1.93421315e-006 6.08547596e-006 6.72713088e-006 6.81179874e-006 6.90931533e-006 6.89231145e-006 6.87666975e-006 6.50096971e-006 5.70322526e-006 
2.00000000e+000 2.31503240e+001 1.00000000e+001 8.29189775e-006 1.49489350e-005 1.36557243e-005 1.32078137e-005 1.22130094e-005 1.18611279e-005 1.17026529e-005 1.03604918e-005 8.52191177e-006 
2.00000000e+000 2.62500000e+001 1.00000000e+001 4.07512354e-005 3.96613007e-005 2.93993100e-005 2.70414127e-005 2.25919808e-005 2.13056005e-005 2.07643976e-005 1.71016864e-005 1.30959991e-005 
2.00000000e+000 2.90204669e+001 1.00000000e+001 2.36503473e-004 1.19204134e-004 7.05293733e-005 6.14175617e-005 4.59030315e-005 4.19037655e-005 4.02862983e-005 3.06031268e-005 2.16009052e-005 
2.00000000e+000 3.15485737e+001 1.00000000e+001 1.03588882e-003 2.30890358e-004 1.14814841e-004 9.64464292e-005 6.74242751e-005 6.04493395e-005 5.76883725e-005 4.20244210e-005 2.85108728e-005 
2.00000000e+000 3.38886043e+001 1.00000000e+001 3.54357518e-003 4.03439769e-004 1.68655780e-004 1.36736748e-004 8.96724082e-005 7.90695388e-005 7.49531912e-005 5.26236043e-005 3.45498916e-005 
2.25000000e+000 8.75000000e+000 1.00000000e+001 1.80453874e-008 3.81725598e-007 8.13003644e-007 9.61630912e-007 1.32745462e-006 1.44546285e-006 1.49561456e-006 1.74626304e-006 1.87786302e-006 
2.25000000e+000 1.51554446e+001 1.00000000e+001 1.99977222e-007 1.53131415e-006 2.28913681e-006 2.49088307e-006 2.91845236e-006 3.03458372e-006 3.08051443e-006 3.22256838e-006 3.12203394e-006 
2.25000000e+000 1.95655948e+001 1.00000000e+001 1.27349512e-006 4.66920994e-006 5.43651412e-006 5.57331855e-006 5.79477755e-006 5.82198312e-006 5.82615372e-006 5.60607927e-006 5.00718281e-006 
2.25000000e+000 2.31503240e+001 1.00000000e+001 6.38272633e-006 1.25999744e-005 1.18719408e-005 1.15674782e-005 1.08552171e-005 1.05873384e-005 1.04644222e-005 9.36159329e-006 7.78181946e-006 
2.25000000e+000 2.62500000e+001 1.00000000e+001 3.73892773e-005 3.70449855e-005 2.76790014e-005 2.55089585e-005 2.13959006e-005 2.02005210e-005 1.96966900e-005 1.62672106e-005 1.24913436e-005 
2.25000000e+000 2.90204669e+001 1.00000000e+001 2.61811985e-004 1.24280389e-004 7.23859688e-005 6.28111224e-005 4.66173578e-005 4.24706071e-005 4.07970652e-005 3.08377220e-005 2.16569248e-005 
2.25000000e+000 3.15485737e+001 1.00000000e+001 1.60249952e-003 2.66465643e-004 1.25207111e-004 1.04021541e-004 7.12987057e-005 6.35943815e-005 6.05632356e-005 4.36103840e-005 2.92763224e-005 
2.25000000e+000 3.38886043e+001 1.00000000e+001 6.70495780e-003 5.14418134e-004 1.95515586e-004 1.55515176e-004 9.85717721e-005 8.61558984e-005 8.13821956e-005 5.60440891e-005 3.61783345e-005 
2.50000000e+000 8.75000000e+000 1.00000000e+001 7.76118421e-009 2.25782471e-007 5.37689716e-007 6.53584105e-007 9.53848791e-007 1.05566880e-006 1.09976454e-006 1.33701467e-006 1.49757377e-006 
2.50000000e+000 1.51554446e+001 1.00000000e+001 1.10276775e-007 1.05873475e-006 1.70890471e-006 1.89378191e-006 2.30163090e-006 2.41867023e-006 2.46616131e-006 2.64825399e-006 2.63446318e-006 
2.50000000e+000 1.95655948e+001 1.00000000e+001 8.45085905e-007 3.60481006e-006 4.41904999e-006 4.58607426e-006 4.88656363e-006 4.94423345e-006 4.96235180e-006 4.85836887e-006 4.41561424e-006 
2.50000000e+000 2.31503240e+001 1.00000000e+001 4.94428632e-006 1.06744257e-005 1.03710207e-005 1.01792254e-005 9.69325415e-006 9.49387721e-006 9.40011509e-006 8.49639513e-006 7.13539643e-006 
2.50000000e+000 2.62500000e+001 1.00000000e+001 3.45302577e-005 3.47431277e-005 2.61571840e-005 2.41526762e-005 2.03374758e-005 1.92229030e-005 1.87522682e-005 1.55297660e-005 1.19570911e-005 
2.50000000e+000 2.90204669e+001 1.00000000e+001 2.92139632e-004 1.29931016e-004 7.44526126e-005 6.43716079e-005 4.74413842e-005 4.31355630e-005 4.14015778e-005 3.11428514e-005 2.17639820e-005 
2.50000000e+000 3.15485737e+001 1.00000000e+001 2.60940966e-003 3.11980033e-004 1.37510788e-004 1.12856922e-004 7.57085951e-005 6.71551123e-005 6.38118005e-005 4.53899564e-005 3.01386540e-005 
2.50000000e+000 3.38886043e+001 1.00000000e+001 1.32230222e-002 6.69993031e-004 2.29465570e-004 1.78740094e-004 1.09153591e-004 9.44972694e-005 8.89194048e-005 5.99710216e-005 3.80204911e-005 
0.00000000e+000 8.75000000e+000 2.00000000e+001 1.33988811e-004 9.11756350e-005 5.74096372e-005 5.04889494e-005 3.82370635e-005 3.49859558e-005 3.36619806e-005 2.56454606e-005 1.81111917e-005 
0.00000000e+000 1.51554446e+001 2.00000000e+001 1.41657414e-004 9.61707871e-005 6.06274560e-005 5.33638888e-005 4.05186401e-005 3.71064196e-005 3.57154742e-005 2.72637340e-005 1.92740170e-005 
0.00000000e+000 1.95655948e+001 2.00000000e+001 1.50771776e-004 1.02082441e-004 6.44124288e-005 5.67281768e-005 4.31407943e-005 3.95275807e-005 3.80537533e-005 2.90800404e-005 2.05696448e-005 
0.00000000e+000 2.31503240e+001 2.00000000e+001 1.60449926e-004 1.08345403e-004 6.83777451e-005 6.02343155e-005 4.58359343e-005 4.20051962e-005 4.04422061e-005 3.09177409e-005 2.18740544e-005 
0.00000000e+000 2.62500000e+001 2.00000000e+001 1.70738990e-004 1.15022338e-004 7.25693512e-005 6.39254840e-005 4.86437155e-005 4.45778963e-005 4.29189704e-005 3.28099813e-005 2.32123255e-005 
0.00000000e+000 2.90204669e+001 2.00000000e+001 1.81482676e-004 1.22029789e-004 7.69518131e-005 6.77756008e-005 5.15522207e-005 4.72365765e-005 4.54759437e-005 3.47529021e-005 2.45825305e-005 
0.00000000e+000 3.15485737e+001 2.00000000e+001 1.94031065e-004 1.30280056e-004 8.21123795e-005 7.23067292e-005 5.49673476e-005 5.03553135e-005 4.84740494e-005 3.70248963e-005 2.61824546e-005 
0.00000000e+000 3.38886043e+001 2.00000000e+001 2.07946998e-004 1.39474385e-004 8.78620378e-005 7.73525118e-005 5.87637705e-005 5.38199809e-005 5.18037563e-005 3.95441664e-005 2.79553114e-005 
2.50000000e-001 8.75000000e+000 2.00000000e+001 4.01021072e-005 4.54718468e-005 3.39760457e-005 3.11142781e-005 2.55350362e-005 2.39041450e-005 2.32189016e-005 1.86929419e-005 1.39294727e-005 
2.50000000e-001 1.51554446e+001 2.00000000e+001 5.06214018e-005 5.23313018e-005 3.81593517e-005 3.47759560e-005 2.83033695e-005 2.64397840e-005 2.56598218e-005 2.05553242e-005 1.52348731e-005 
2.50000000e-001 1.95655948e+001 2.00000000e+001 6.41549680e-005 6.07324982e-005 4.32068804e-005 3.91716645e-005 3.15778024e-005 2.94229788e-005 2.85249458e-005 2.27121969e-005 1.67316392e-005 
2.50000000e-001 2.31503240e+001 2.00000000e+001 8.14007813e-005 7.07283150e-005 4.90416763e-005 4.42090782e-005 3.52542728e-005 3.27506063e-005 3.17119896e-005 2.50723791e-005 1.83458675e-005 
2.50000000e-001 2.62500000e+001 2.00000000e+001 1.06378991e-004 8.39015784e-005 5.64266432e-005 5.05119684e-005 3.97366929e-005 3.67749295e-005 3.55530166e-005 2.78585004e-005 2.02133186e-005 
2.50000000e-001 2.90204669e+001 2.00000000e+001 1.47455524e-004 1.03427267e-004 6.68924516e-005 5.93324705e-005 4.58324387e-005 4.21975134e-005 4.07080660e-005 3.15056055e-005 2.25924196e-005 
2.50000000e-001 3.15485737e+001 2.00000000e+001 1.84772309e-004 1.21441946e-004 7.67691973e-005 6.77141115e-005 5.17139951e-005 4.74545113e-005 4.57159360e-005 3.50954247e-005 2.49730255e-005 
2.50000000e-001 3.38886043e+001 2.00000000e+001 2.21004273e-004 1.38655061e-004 8.62800449e-005 7.58094927e-005 5.74364856e-005 5.25821257e-005 5.06059795e-005 3.86277943e-005 2.73408708e-005 
5.00000000e-001 8.75000000e+000 2.00000000e+001 1.28402936e-005 2.32047721e-005 2.03729588e-005 1.93898817e-005 1.71856765e-005 1.64459734e-005 1.61213974e-005 1.36904483e-005 1.07485837e-005 
5.00000000e-001 1.51554446e+001 2.00000000e+001 2.10280417e-005 3.01892490e-005 2.48657067e-005 2.33487690e-005 2.01924183e-005 1.91982842e-005 1.87697130e-005 1.57029961e-005 1.21530998e-005 
5.00000000e-001 1.95655948e+001 2.00000000e+001 3.32301938e-005 3.92985114e-005 3.05165950e-005 2.82846919e-005 2.38682107e-005 2.25420285e-005 2.19785468e-005 1.81035336e-005 1.38058119e-005 
5.00000000e-001 2.31503240e+001 2.00000000e+001 5.14658086e-005 5.11285193e-005 3.75207922e-005 3.43299130e-005 2.82546792e-005 2.65004680e-005 2.57644025e-005 2.08786963e-005 1.56790729e-005 
5.00000000e-001 2.62500000e+001 2.00000000e+001 8.34946921e-005 6.87249112e-005 4.73371340e-005 4.26733199e-005 3.41126359e-005 3.17337925e-005 3.07481653e-005 2.44381550e-005 1.80182379e-005 
5.00000000e-001 2.90204669e+001 2.00000000e+001 1.47884249e-004 9.85264809e-005 6.29806329e-005 5.57655121e-005 4.30046264e-005 3.95963057e-005 3.82027761e-005 2.96176621e-005 2.13194840e-005 
5.00000000e-001 3.15485737e+001 2.00000000e+001 2.12935767e-004 1.25718206e-004 7.71509876e-005 6.76369254e-005 5.11110719e-005 4.67818651e-005 4.50235112e-005 3.43996236e-005 2.44112605e-005 
5.00000000e-001 3.38886043e+001 2.00000000e+001 2.86215356e-004 1.52508618e-004 9.07531308e-005 7.89852492e-005 5.88175942e-005 5.36075260e-005 5.15013216e-005 3.89447962e-005 2.73665023e-005 
7.50000000e-001 8.75000000e+000 2.00000000e+001 4.35873332e-006 1.20999861e-005 1.23709172e-005 1.22143494e-005 1.16541909e-005 1.13913876e-005 1.12655583e-005 1.00737186e-005 8.32098627e-006 
7.50000000e-001 1.51554446e+001 2.00000000e+001 9.56959808e-006 1.82295836e-005 1.66851786e-005 1.60835927e-005 1.46784492e-005 1.41778652e-005 1.39534775e-005 1.21419744e-005 9.77814506e-006 
7.50000000e-001 1.95655948e+001 2.00000000e+001 1.89025342e-005 2.69099140e-005 2.24126514e-005 2.11465187e-005 1.85222293e-005 1.76894625e-005 1.73288603e-005 1.46863136e-005 1.15377578e-005 
7.50000000e-001 2.31503240e+001 2.00000000e+001 3.54561838e-005 3.92427506e-005 3.00011159e-005 2.77435692e-005 2.33624374e-005 2.20670112e-005 2.15188107e-005 1.77662523e-005 1.36157555e-005 
7.50000000e-001 2.62500000e+001 2.00000000e+001 7.04979555e-005 5.96997165e-005 4.15910104e-005 3.76178903e-005 3.03112368e-005 2.82742208e-005 2.74290534e-005 2.19764794e-005 1.63661447e-005 
7.50000000e-001 2.90204669e+001 2.00000000e+001 1.55761658e-004 9.85098200e-005 6.18159295e-005 5.45048772e-005 4.17129038e-005 3.83344004e-005 3.69581398e-005 2.85525292e-005 2.05177493e-005 
7.50000000e-001 3.15485737e+001 2.00000000e+001 2.60641362e-004 1.35984968e-004 8.04358405e-005 6.99320053e-005 5.20181656e-005 4.74114150e-005 4.55515312e-005 3.44827637e-005 2.42878676e-005 
7.50000000e-001 3.38886043e+001 2.00000000e+001 4.05621864e-004 1.76081859e-004 9.90883586e-005 8.51844437e-005 6.19786132e-005 5.61371029e-005 5.37950009e-005 4.01161088e-005 2.78557800e-005 
1.00000000e+000 8.75000000e+000 2.00000000e+001 1.55309870e-006 6.43628431e-006 7.60216516e-006 7.77380418e-006 7.96103717e-006 7.94203232e-006 7.92148840e-006 7.44637969e-006 6.46218529e-006 
1.00000000e+000 1.51554446e+001 2.00000000e+001 4.59465006e-006 1.13901226e-005 1.14674613e-005 1.13186202e-005 1.08452829e-005 1.06268632e-005 1.05219668e-005 9.49160903e-006 7.92985704e-006 
1.00000000e+000 1.95655948e+001 2.00000000e+001 1.12664600e-005 1.91142130e-005 1.69368330e-005 1.62283786e-005 1.46781529e-005 1.41535505e-005 1.39215046e-005 1.20930089e-005 9.75070150e-006 
1.00000000e+000 2.31503240e+001 2.00000000e+001 2.53856399e-005 3.11765531e-005 2.46971761e-005 2.30409411e-005 1.97652339e-005 1.87748820e-005 1.83525747e-005 1.53797155e-005 1.19823597e-005 
1.00000000e+000 2.62500000e+001 2.00000000e+001 6.13356185e-005 5.34375709e-005 3.75591417e-005 3.40452459e-005 2.75656674e-005 2.57545696e-005 2.50025438e-005 2.01297414e-005 1.50866700e-005 
1.00000000e+000 2.90204669e+001 2.00000000e+001 1.66983712e-004 1.00559045e-004 6.19809776e-005 5.44081320e-005 4.12711051e-005 3.78347484e-005 3.64396281e-005 2.79967751e-005 2.00301377e-005 
1.00000000e+000 3.15485737e+001 2.00000000e+001 3.33270635e-004 1.50446892e-004 8.55456200e-005 7.37096913e-005 5.38819030e-005 4.88741622e-005 4.68642556e-005 3.50854800e-005 2.44713773e-005 
1.00000000e+000 3.38886043e+001 2.00000000e+001 6.20590710e-004 2.09797114e-004 1.10746732e-004 9.38891704e-005 6.65341265e-005 5.98330352e-005 5.71692326e-005 4.19413017e-005 2.87030726e-005 
1.25000000e+000 8.75000000e+000 2.00000000e+001 5.75556275e-007 3.48602592e-006 4.72437860e-006 4.99601907e-006 5.47645311e-006 5.57209263e-006 5.60360359e-006 5.52875924e-006 5.03425775e-006 
1.25000000e+000 1.51554446e+001 2.00000000e+001 2.28059744e-006 7.29735814e-006 8.03406166e-006 8.10594852e-006 8.12521412e-006 8.06801572e-006 8.03311206e-006 7.49245008e-006 6.47773027e-006 
1.25000000e+000 1.95655948e+001 2.00000000e+001 6.89858145e-006 1.39050360e-005 1.30641623e-005 1.26970451e-005 1.18242540e-005 1.15006311e-005 1.13534214e-005 1.00821176e-005 8.32060102e-006 
1.25000000e+000 2.31503240e+001 2.00000000e+001 1.85706893e-005 2.52858592e-005 2.07260536e-005 1.94941485e-005 1.70025271e-005 1.62303324e-005 1.58983752e-005 1.34941517e-005 1.06608685e-005 
1.25000000e+000 2.62500000e+001 2.00000000e+001 5.42678469e-005 4.86352358e-005 3.44880626e-005 3.13233459e-005 2.54621476e-005 2.38176662e-005 2.31341166e-005 1.86883883e-005 1.40674751e-005 
1.25000000e+000 2.90204669e+001 2.00000000e+001 1.80912934e-004 1.03707378e-004 6.28617304e-005 5.49507458e-005 4.13244556e-005 3.77884806e-005 3.63569574e-005 2.77650200e-005 1.97555151e-005 
1.25000000e+000 3.15485737e+001 2.00000000e+001 4.46133541e-004 1.69092759e-004 9.21242048e-005 7.86312542e-005 5.64413297e-005 5.09372924e-005 4.87408999e-005 3.60607643e-005 2.48793298e-005 
1.25000000e+000 3.38886043e+001 2.00000000e+001 1.02276339e-003 2.56636523e-004 1.25969858e-004 1.05152924e-004 7.23843071e-005 6.45852774e-005 6.15125533e-005 4.43253784e-005 2.98480411e-005 
1.50000000e+000 8.75000000e+000 2.00000000e+001 2.20120698e-007 1.91894226e-006 2.96679297e-006 3.24027776e-006 3.79253089e-006 3.93296282e-006 3.98682616e-006 4.12263876e-006 3.93378051e-006 
1.50000000e+000 1.51554446e+001 2.00000000e+001 1.15780356e-006 4.76234939e-006 5.71490603e-006 5.88793294e-006 6.15911648e-006 6.19273414e-006 6.19842686e-006 5.96552170e-006 5.32646935e-006 
1.50000000e+000 1.95655948e+001 2.00000000e+001 4.30038682e-006 1.02802760e-005 1.02277193e-005 1.00771351e-005 9.64746861e-006 9.45954400e-006 9.37022766e-006 8.49228642e-006 7.15947548e-006 
1.50000000e+000 2.31503240e+001 2.00000000e+001 1.37794790e-005 2.07831002e-005 1.76220254e-005 1.67067782e-005 1.48042831e-005 1.41970215e-005 1.39335138e-005 1.19645277e-005 9.57008354e-006 
1.50000000e+000 2.62500000e+001 2.00000000e+001 4.85757413e-005 4.47241764e-005 3.20069289e-005 2.91290262e-005 2.37701428e-005 2.22591187e-005 2.16301505e-005 1.75224242e-005 1.32336595e-005 
1.50000000e+000 2.90204669e+001 2.00000000e+001 1.97662167e-004 1.07602880e-004 6.41811203e-005 5.58833945e-005 4.16851646e-005 3.80268284e-005 3.65493826e-005 2.77461248e-005 1.96281859e-005 
1.50000000e+000 3.15485737e+001 2.00000000e+001 6.28984160e-004 1.92720619e-004 1.00142723e-004 8.46165020e-005 5.95861056e-005 5.34934528e-005 5.10763873e-005 3.73272113e-005 2.54604042e-005 
1.50000000e+000 3.38886043e+001 2.00000000e+001 1.81153970e-003 3.21818269e-004 1.45481769e-004 1.19368475e-004 7.95955883e-005 7.04174118e-005 6.68351116e-005 4.72381919e-005 3.12599621e-005 
1.75000000e+000 8.75000000e+000 2.00000000e+001 8.63442479e-008 1.07164345e-006 1.88113862e-006 2.11952970e-006 2.64306941e-006 2.79197796e-006 2.85214889e-006 3.08689038e-006 3.08296005e-006 
1.75000000e+000 1.51554446e+001 2.00000000e+001 5.97641322e-007 3.15131386e-006 4.11452268e-006 4.32594558e-006 4.71484693e-006 4.79765578e-006 4.82622747e-006 4.78579102e-006 4.40590469e-006 
1.75000000e+000 1.95655948e+001 2.00000000e+001 2.71625419e-006 7.68826519e-006 8.09523781e-006 8.08386488e-006 7.94996868e-006 7.85587787e-006 7.80704000e-006 7.21373072e-006 6.20418581e-006 
1.75000000e+000 2.31503240e+001 2.00000000e+001 1.03312420e-005 1.72407550e-005 1.51213941e-005 1.44498574e-005 1.30060566e-005 1.25283608e-005 1.23187501e-005 1.06953792e-005 8.65340521e-006 
1.75000000e+000 2.62500000e+001 2.00000000e+001 4.38803181e-005 4.14213196e-005 2.99199055e-005 2.72872225e-005 2.23564275e-005 2.09582165e-005 2.03752117e-005 1.65496024e-005 1.25346619e-005 
1.75000000e+000 2.90204669e+001 2.00000000e+001 2.17627583e-004 1.12117718e-004 6.58095749e-005 5.70835967e-005 4.22513904e-005 3.84555635e-005 3.69260490e-005 2.78724888e-005 1.96050666e-005 
1.75000000e+000 3.15485737e+001 2.00000000e+001 9.39573580e-004 2.22737415e-004 1.09749199e-004 9.17225120e-005 6.32879523e-005 5.65049512e-005 5.38304668e-005 3.88425623e-005 2.61832941e-005 
1.75000000e+000 3.38886043e+001 2.00000000e+001 3.43435767e-003 4.13487430e-004 1.70430543e-004 1.37198878e-004 8.83488174e-005 7.74427949e-005 7.32281562e-005 5.06922441e-005 3.29281331e-005 
2.00000000e+000 8.75000000e+000 2.00000000e+001 3.45714033e-008 6.06141102e-007 1.20338696e-006 1.39741931e-006 1.85303257e-006 1.99281115e-006 2.05108392e-006 2.32057254e-006 2.42309794e-006 
2.00000000e+000 1.51554446e+001 2.00000000e+001 3.12554635e-007 2.10763904e-006 2.99095344e-006 3.20783753e-006 3.63901805e-006 3.74612992e-006 3.78677763e-006 3.86475871e-006 3.66391563e-006 
2.00000000e+000 1.95655948e+001 2.00000000e+001 1.73351498e-006 5.79946311e-006 6.46067163e-006 6.53808619e-006 6.60244432e-006 6.57406006e-006 6.55393501e-006 6.17028340e-006 5.40884669e-006 
2.00000000e+000 2.31503240e+001 2.00000000e+001 7.80913479e-006 1.44004361e-005 1.30637681e-005 1.25827915e-005 1.15035198e-005 1.11301280e-005 1.09640518e-005 9.62242818e-006 7.87081230e-006 
2.00000000e+000 2.62500000e+001 2.00000000e+001 3.99490303e-005 3.85674858e-005 2.81156152e-005 2.56970170e-005 2.11408378e-005 1.98411340e-005 1.92981850e-005 1.57167366e-005 1.19358825e-005 
2.00000000e+000 2.90204669e+001 2.00000000e+001 2.41422794e-004 1.17215609e-004 6.76854354e-005 5.84897493e-005 4.29666336e-005 3.90209617e-005 3.74345606e-005 2.81023755e-005 1.96576189e-005 
2.00000000e+000 3.15485737e+001 2.00000000e+001 1.49277116e-003 2.61242793e-004 1.21217570e-004 1.00095894e-004 6.75677316e-005 5.99756937e-005 5.70016483e-005 4.05886951e-005 2.70297654e-005 
2.00000000e+000 3.38886043e+001 2.00000000e+001 6.92585801e-003 5.44193176e-004 2.02449923e-004 1.59588641e-004 9.89219389e-005 8.58470792e-005 8.08469662e-005 5.47310087e-005 3.48560692e-005 
2.25000000e+000 8.75000000e+000 2.00000000e+001 1.40767032e-008 3.46721070e-007 7.76092065e-007 9.28070174e-007 1.30646275e-006 1.42972321e-006 1.48231461e-006 1.75115446e-006 1.90976428e-006 
2.25000000e+000 1.51554446e+001 2.00000000e+001 1.65229697e-007 1.42160783e-006 2.19117429e-006 2.39672299e-006 2.82806460e-006 2.94453717e-006 2.99063365e-006 3.13894362e-006 3.06143902e-006 
2.25000000e+000 1.95655948e+001 2.00000000e+001 1.11579505e-006 4.40426869e-006 5.18953269e-006 5.32179994e-006 5.51746611e-006 5.53516052e-006 5.53549734e-006 5.30801484e-006 4.73966476e-006 
2.25000000e+000 2.31503240e+001 2.00000000e+001 5.94206890e-006 1.20924831e-005 1.13448726e-005 1.10139931e-005 1.02276333e-005 9.93946112e-006 9.80911578e-006 8.70133033e-006 7.19356521e-006 
2.25000000e+000 2.62500000e+001 2.00000000e+001 3.66242173e-005 3.60636796e-005 2.65259555e-005 2.42964677e-005 2.00730292e-005 1.88609989e-005 1.83536867e-005 1.49886046e-005 1.14132880e-005 
2.25000000e+000 2.90204669e+001 2.00000000e+001 2.69918215e-004 1.22903237e-004 6.97802116e-005 6.00708700e-005 4.37989995e-005 3.96918433e-005 3.80441637e-005 2.84096395e-005 1.97667441e-005 
2.25000000e+000 3.15485737e+001 2.00000000e+001 2.52273766e-003 3.11279187e-004 1.34940922e-004 1.09958488e-004 7.24802621e-005 6.39373882e-005 6.06140809e-005 4.25631219e-005 2.79903126e-005 
2.25000000e+000 3.38886043e+001 2.00000000e+001 1.47404730e-002 7.33395342e-004 2.43805828e-004 1.87825191e-004 1.11692115e-004 9.58855640e-005 8.99069938e-005 5.94234413e-005 3.70580910e-005 
2.50000000e+000 8.75000000e+000 2.00000000e+001 5.81220316e-009 2.00305134e-007 5.04237900e-007 6.20511041e-007 9.25969932e-007 1.03071755e-006 1.07627332e-006 1.32627996e-006 1.50922298e-006 
2.50000000e+000 1.51554446e+001 2.00000000e+001 8.81504449e-008 9.65541806e-007 1.61552887e-006 1.80187863e-006 2.21059751e-006 2.32752210e-006 2.37501130e-006 2.56219926e-006 2.56892952e-006 
2.50000000e+000 1.95655948e+001 2.00000000e+001 7.23413035e-007 3.36310518e-006 4.19011498e-006 4.35404151e-006 4.63397693e-006 4.68366497e-006 4.69850901e-006 4.58794254e-006 4.17140497e-006 
2.50000000e+000 2.31503240e+001 2.00000000e+001 4.54677195e-006 1.01985780e-005 9.89289821e-006 9.68052200e-006 9.13078126e-006 8.91282938e-006 8.81209230e-006 7.90070795e-006 6.60068375e-006 
2.50000000e+000 2.62500000e+001 2.00000000e+001 3.37916671e-005 3.38433199e-005 2.51064433e-005 2.30452262e-005 1.91199804e-005 1.79868830e-005 1.75116780e-005 1.43412831e-005 1.09499153e-005 
2.50000000e+000 2.90204669e+001 2.00000000e+001 3.04318860e-004 1.29211312e-004 7.20827419e-005 6.18122221e-005 4.47303774e-005 4.04499210e-005 3.87365949e-005 2.87776850e-005 1.99195302e-005 
2.50000000e+000 3.15485737e+001 2.00000000e+001 4.51712966e-003 3.77251863e-004 1.51448522e-004 1.21610152e-004 7.81083172e-005 6.84432957e-005 6.47113535e-005 4.47742347e-005 2.90614449e-005 
2.50000000e+000 3.38886043e+001 2.00000000e+001 3.28264514e-002 1.01158564e-003 2.97630292e-004 2.23644520e-004 1.27150844e-004 1.07890024e-004 1.00688343e-004 6.48623036e-005 3.95574494e-005 
END