TITLE="3SCB_EB_E_WD105.dat"
VARIABLES= "Density" "Radius" "Height" "0.1053" "0.356" "0.6617" "0.7889" "1.1732" "1.3325" "1.408" "2" "3" 
ZONE T="3D Data" I=11 J=8 K=3 F=POINT
0.00000000e+000 8.75000000e+000 0.00000000e+000 2.11460208e-004 1.43497408e-004 9.27736124e-005 8.24599553e-005 6.40770742e-005 5.90904415e-005 5.70374109e-005 4.41952108e-005 3.15383172e-005 
0.00000000e+000 1.51554446e+001 0.00000000e+000 2.30739046e-004 1.56444767e-004 1.00227712e-004 8.87464379e-005 6.83335852e-005 6.28450327e-005 6.05951425e-005 4.66959932e-005 3.32441615e-005 
0.00000000e+000 1.95655948e+001 0.00000000e+000 2.27555370e-004 1.54271413e-004 9.89205835e-005 8.76178874e-005 6.74999650e-005 6.20829701e-005 5.98614565e-005 4.61279104e-005 3.28250589e-005 
0.00000000e+000 2.31503240e+001 0.00000000e+000 2.20330079e-004 1.49229037e-004 9.58515233e-005 8.49748253e-005 6.56075736e-005 6.03813794e-005 5.82357006e-005 4.49276654e-005 3.19702061e-005 
0.00000000e+000 2.62500000e+001 0.00000000e+000 2.14346293e-004 1.45230511e-004 9.33717955e-005 8.28263581e-005 6.40604054e-005 5.89915428e-005 5.69088459e-005 4.39557866e-005 3.12827106e-005 
0.00000000e+000 2.90204669e+001 0.00000000e+000 2.15931392e-004 1.46325256e-004 9.38358637e-005 8.31783990e-005 6.42612686e-005 5.91654822e-005 5.70733171e-005 4.40756612e-005 3.13639561e-005 
0.00000000e+000 3.15485737e+001 0.00000000e+000 2.23949606e-004 1.51629863e-004 9.69703980e-005 8.58615524e-005 6.61696174e-005 6.08814851e-005 5.87132149e-005 4.52862625e-005 3.22067354e-005 
0.00000000e+000 3.38886043e+001 0.00000000e+000 2.36067857e-004 1.59681653e-004 1.01937839e-004 9.01915413e-005 6.93698470e-005 6.37868847e-005 6.14997999e-005 4.73759844e-005 3.36723451e-005 
2.50000000e-001 8.75000000e+000 0.00000000e+000 6.75599870e-005 7.42974688e-005 5.64732585e-005 5.21535180e-005 4.37265701e-005 4.12052694e-005 4.01324864e-005 3.27634458e-005 2.45992552e-005 
2.50000000e-001 1.51554446e+001 0.00000000e+000 8.71374805e-005 8.79006227e-005 6.46465408e-005 5.91615716e-005 4.86575425e-005 4.56010791e-005 4.43146785e-005 3.57476885e-005 2.66137079e-005 
2.50000000e-001 1.95655948e+001 0.00000000e+000 1.01888118e-004 9.43880314e-005 6.77825800e-005 6.17114341e-005 5.02497099e-005 4.69604985e-005 4.55822965e-005 3.65198804e-005 2.70042428e-005 
2.50000000e-001 2.31503240e+001 0.00000000e+000 1.16625389e-004 9.95072040e-005 6.98533692e-005 6.33041684e-005 5.11167710e-005 4.76621314e-005 4.62195936e-005 3.68200779e-005 2.70494904e-005 
2.50000000e-001 2.62500000e+001 0.00000000e+000 1.35856129e-004 1.06528420e-004 7.29032627e-005 6.57131102e-005 5.25427428e-005 4.88624906e-005 4.73320589e-005 3.74642295e-005 2.73268536e-005 
2.50000000e-001 2.90204669e+001 0.00000000e+000 1.71021680e-004 1.21708802e-004 8.03925426e-005 7.18577745e-005 5.65357276e-005 5.23447487e-005 5.06139723e-005 3.96549731e-005 2.86430858e-005 
2.50000000e-001 3.15485737e+001 0.00000000e+000 2.04748255e-004 1.37563361e-004 8.87859580e-005 7.88796402e-005 6.12903927e-005 5.65460526e-005 5.45966895e-005 4.24260031e-005 3.04194259e-005 
2.50000000e-001 3.38886043e+001 0.00000000e+000 2.35836401e-004 1.53020029e-004 9.74123052e-005 8.62242531e-005 6.64642074e-005 6.11738198e-005 5.90065443e-005 4.55953270e-005 3.25295914e-005 
5.00000000e-001 8.75000000e+000 0.00000000e+000 2.30273435e-005 3.93243803e-005 3.48129034e-005 3.33427141e-005 3.00646564e-005 2.89267893e-005 2.84185710e-005 2.44014948e-005 1.92483719e-005 
5.00000000e-001 1.51554446e+001 0.00000000e+000 3.80765167e-005 5.22500756e-005 4.31210503e-005 4.05972199e-005 3.53683651e-005 3.37051033e-005 3.29837141e-005 2.77228772e-005 2.14989473e-005 
5.00000000e-001 1.95655948e+001 0.00000000e+000 5.56546497e-005 6.28967057e-005 4.89532864e-005 4.54930468e-005 3.86586933e-005 3.65875638e-005 3.57029693e-005 2.95252209e-005 2.25458050e-005 
5.00000000e-001 2.31503240e+001 0.00000000e+000 7.76753951e-005 7.39403453e-005 5.45315098e-005 5.00799989e-005 4.16130702e-005 3.91413894e-005 3.80979006e-005 3.10429436e-005 2.33519845e-005 
5.00000000e-001 2.62500000e+001 0.00000000e+000 1.09989703e-004 8.86177006e-005 6.18220277e-005 5.60657464e-005 4.54808100e-005 4.24962958e-005 4.12501219e-005 3.30798631e-005 2.44850229e-005 
5.00000000e-001 2.90204669e+001 0.00000000e+000 1.70131769e-004 1.15064903e-004 7.51663412e-005 6.70924634e-005 5.27469277e-005 4.88546270e-005 4.72503709e-005 3.71092701e-005 2.69180167e-005 
5.00000000e-001 3.15485737e+001 0.00000000e+000 2.29123243e-004 1.40046584e-004 8.80599144e-005 7.78309603e-005 5.99564466e-005 5.52061402e-005 5.32629845e-005 4.12463448e-005 2.95223974e-005 
5.00000000e-001 3.38886043e+001 0.00000000e+000 2.84844765e-004 1.62919168e-004 1.00148830e-004 8.80023746e-005 6.69576904e-005 6.14252536e-005 5.91715486e-005 4.54104202e-005 3.22274000e-005 
7.50000000e-001 8.75000000e+000 0.00000000e+000 8.30173672e-006 2.12488045e-005 2.17218171e-005 2.15390589e-005 2.08230035e-005 2.04401491e-005 2.02492433e-005 1.82563947e-005 1.51088902e-005 
7.50000000e-001 1.51554446e+001 0.00000000e+000 1.81991413e-005 3.24686036e-005 2.95946758e-005 2.85624250e-005 2.61843688e-005 2.53284835e-005 2.49420658e-005 2.17565598e-005 1.75143856e-005 
7.50000000e-001 1.95655948e+001 0.00000000e+000 3.33312951e-005 4.43741789e-005 3.67842124e-005 3.47432640e-005 3.05506202e-005 2.92123824e-005 2.86301524e-005 2.43048134e-005 1.90717582e-005 
7.50000000e-001 2.31503240e+001 0.00000000e+000 5.61837957e-005 5.84424003e-005 4.45790287e-005 4.13094891e-005 3.50066670e-005 3.31298463e-005 3.23314110e-005 2.67772777e-005 2.05051054e-005 
7.50000000e-001 2.62500000e+001 0.00000000e+000 9.53376369e-005 7.83462165e-005 5.50513840e-005 5.00416953e-005 4.08387621e-005 3.82414384e-005 3.71560312e-005 2.99938777e-005 2.23861377e-005 
7.50000000e-001 2.90204669e+001 0.00000000e+000 1.77631213e-004 1.14531471e-004 7.35035280e-005 6.53461752e-005 5.10064063e-005 4.71596521e-005 4.55800722e-005 3.56816329e-005 2.58395389e-005 
7.50000000e-001 3.15485737e+001 0.00000000e+000 2.69351475e-004 1.49088502e-004 9.08206358e-005 7.96899595e-005 6.05448705e-005 5.55406755e-005 5.35049141e-005 4.10940548e-005 2.92135514e-005 
7.50000000e-001 3.38886043e+001 0.00000000e+000 3.65427089e-004 1.81102220e-004 1.06759964e-004 9.29323148e-005 6.94472064e-005 6.33966303e-005 6.09480422e-005 4.62522308e-005 3.25015406e-005 
1.00000000e+000 8.75000000e+000 0.00000000e+000 3.13609927e-006 1.17031117e-005 1.37101821e-005 1.40526112e-005 1.45243381e-005 1.45349502e-005 1.45155161e-005 1.37194586e-005 1.18962978e-005 
1.00000000e+000 1.51554446e+001 0.00000000e+000 9.17308451e-006 2.08630972e-005 2.07926119e-005 2.05200088e-005 1.96967985e-005 1.93127870e-005 1.91266518e-005 1.72587365e-005 1.43800819e-005 
1.00000000e+000 1.95655948e+001 0.00000000e+000 2.08591552e-005 3.24652164e-005 2.84426431e-005 2.72405080e-005 2.46604058e-005 2.37869271e-005 2.33990928e-005 2.03133089e-005 1.63185448e-005 
1.00000000e+000 2.31503240e+001 0.00000000e+000 4.20267037e-005 4.77822146e-005 3.75335020e-005 3.50352759e-005 3.01522952e-005 2.86713536e-005 2.80371142e-005 2.35145601e-005 1.82586746e-005 
1.00000000e+000 2.62500000e+001 0.00000000e+000 8.46509536e-005 7.12890349e-005 5.03967085e-005 4.58750141e-005 3.75580684e-005 3.52081184e-005 3.42257182e-005 2.77238639e-005 2.07891075e-005 
1.00000000e+000 2.90204669e+001 0.00000000e+000 1.88488013e-004 1.16399912e-004 7.34893995e-005 6.50646488e-005 5.03667140e-005 4.64596675e-005 4.48605983e-005 3.49325681e-005 2.51856623e-005 
1.00000000e+000 3.15485737e+001 0.00000000e+000 3.25600699e-004 1.61866935e-004 9.55022805e-005 8.31720917e-005 6.22596501e-005 5.68748237e-005 5.46953526e-005 4.15950278e-005 2.93027226e-005 
1.00000000e+000 3.38886043e+001 0.00000000e+000 4.89678620e-004 2.05895236e-004 1.16043648e-004 9.99987411e-005 7.32769278e-005 6.65269918e-005 6.38129491e-005 4.78033930e-005 3.31886031e-005 
1.25000000e+000 8.75000000e+000 0.00000000e+000 1.23060905e-006 6.55859900e-006 8.74744148e-006 9.25468405e-006 1.01997532e-005 1.03988558e-005 1.04659479e-005 1.03544582e-005 9.39512596e-006 
1.25000000e+000 1.51554446e+001 0.00000000e+000 4.77886533e-006 1.37418743e-005 1.48862949e-005 1.49974853e-005 1.50200539e-005 1.49124312e-005 1.48464646e-005 1.38227261e-005 1.18913194e-005 
1.25000000e+000 1.95655948e+001 0.00000000e+000 1.33769568e-005 2.43093500e-005 2.24436082e-005 2.17716536e-005 2.02350983e-005 1.96711906e-005 1.94142223e-005 1.71915489e-005 1.41008028e-005 
1.25000000e+000 2.31503240e+001 0.00000000e+000 3.19956097e-005 3.98226819e-005 3.21991128e-005 3.02615452e-005 2.64073529e-005 2.52135666e-005 2.46986283e-005 2.09349072e-005 1.64432930e-005 
1.25000000e+000 2.62500000e+001 0.00000000e+000 7.60724239e-005 6.58257265e-005 4.68704560e-005 4.27271796e-005 3.50768068e-005 3.29082289e-005 3.20008716e-005 2.59787674e-005 1.95361331e-005 
1.25000000e+000 2.90204669e+001 0.00000000e+000 2.02080839e-004 1.19446379e-004 7.43127444e-005 6.55478680e-005 5.03447781e-005 4.63317662e-005 4.46935905e-005 3.46045199e-005 2.48144111e-005 
1.25000000e+000 3.15485737e+001 0.00000000e+000 4.04280407e-004 1.77788655e-004 1.01510881e-004 8.77439427e-005 6.47124750e-005 5.88649185e-005 5.65092539e-005 4.25348996e-005 2.96700383e-005 
1.25000000e+000 3.38886043e+001 0.00000000e+000 6.84390427e-004 2.37892575e-004 1.27709323e-004 1.08883581e-004 7.81641436e-005 7.05575766e-005 6.75185469e-005 4.98914042e-005 3.41887032e-005 
1.50000000e+000 8.75000000e+000 0.00000000e+000 4.97917057e-007 3.73337388e-006 5.63754391e-006 6.14883910e-006 7.20919095e-006 7.48319961e-006 7.58828065e-006 7.84740008e-006 7.44171016e-006 
1.50000000e+000 1.51554446e+001 0.00000000e+000 2.54579230e-006 9.21878606e-006 1.08187711e-005 1.11150968e-005 1.15864668e-005 1.16392709e-005 1.16450242e-005 1.11650213e-005 9.89726910e-006 
1.50000000e+000 1.95655948e+001 0.00000000e+000 8.71598643e-006 1.84831443e-005 1.79672951e-005 1.76454342e-005 1.68141454e-005 1.64649658e-005 1.62996007e-005 1.46994075e-005 1.22869024e-005 
1.50000000e+000 2.31503240e+001 0.00000000e+000 2.46370836e-005 3.35796887e-005 2.79611156e-005 2.64578236e-005 2.34008399e-005 2.24294832e-005 2.20069531e-005 1.88340062e-005 1.49431543e-005 
1.50000000e+000 2.62500000e+001 0.00000000e+000 6.88854498e-005 6.12930551e-005 4.40050049e-005 4.01833811e-005 3.30890468e-005 3.10681404e-005 3.02213645e-005 2.45806041e-005 1.85230547e-005 
1.50000000e+000 2.90204669e+001 0.00000000e+000 2.18737475e-004 1.23250064e-004 7.56188972e-005 6.64719943e-005 5.06898146e-005 4.65488696e-005 4.48621077e-005 3.45449928e-005 2.46343750e-005 
1.50000000e+000 3.15485737e+001 0.00000000e+000 5.16959795e-004 1.97061778e-004 1.08662927e-004 9.32070920e-005 6.77197369e-005 6.13395968e-005 5.87811134e-005 4.37915374e-005 3.02400073e-005 
1.50000000e+000 3.38886043e+001 0.00000000e+000 9.98256967e-004 2.78804023e-004 1.41889791e-004 1.19601434e-004 8.40196014e-005 7.53909376e-005 7.19659674e-005 5.24284903e-005 3.54423392e-005 
1.75000000e+000 8.75000000e+000 0.00000000e+000 2.06503509e-007 2.15495083e-006 3.66727495e-006 4.11904103e-006 5.12675633e-006 5.41501087e-006 5.53116754e-006 5.97127985e-006 5.91136248e-006 
1.75000000e+000 1.51554446e+001 0.00000000e+000 1.37853684e-006 6.27029885e-006 7.95696911e-006 8.33110906e-006 9.02461372e-006 9.16787630e-006 9.21557434e-006 9.08559916e-006 8.28592311e-006 
1.75000000e+000 1.95655948e+001 0.00000000e+000 5.74514715e-006 1.42036420e-005 1.45347212e-005 1.44489189e-005 1.41070763e-005 1.39112500e-005 1.38119132e-005 1.26736135e-005 1.07823679e-005 
1.75000000e+000 2.31503240e+001 0.00000000e+000 1.91298199e-005 2.85367111e-005 2.44815290e-005 2.33256886e-005 2.09112148e-005 2.01198358e-005 1.97721211e-005 1.70790349e-005 1.36782235e-005 
1.75000000e+000 2.62500000e+001 0.00000000e+000 6.27175829e-005 5.73814767e-005 4.15647105e-005 3.80279225e-005 3.14231089e-005 2.95304444e-005 2.87359492e-005 2.34188141e-005 1.76804532e-005 
1.75000000e+000 2.90204669e+001 0.00000000e+000 2.39216006e-004 1.27672799e-004 7.72486681e-005 6.76833912e-005 5.12691432e-005 4.69869798e-005 4.52461067e-005 3.46626818e-005 2.45862725e-005 
1.75000000e+000 3.15485737e+001 0.00000000e+000 6.83232473e-004 2.20292355e-004 1.16963557e-004 9.95215683e-005 7.12035075e-005 6.42191717e-005 6.14314255e-005 4.52966917e-005 3.09653464e-005 
1.75000000e+000 3.38886043e+001 0.00000000e+000 1.52043193e-003 3.31268202e-004 1.58961084e-004 1.32351589e-004 9.08615176e-005 8.10204996e-005 7.71408044e-005 5.53777049e-005 3.69160093e-005 
2.00000000e+000 8.75000000e+000 0.00000000e+000 8.73807990e-008 1.25931641e-006 2.40612868e-006 2.78044595e-006 3.66699136e-006 3.93910888e-006 4.05214266e-006 4.56125367e-006 4.70880132e-006 
2.00000000e+000 1.51554446e+001 0.00000000e+000 7.56063923e-007 4.31038266e-006 5.90823738e-006 6.30172337e-006 7.08629493e-006 7.27720319e-006 7.34828954e-006 7.44155919e-006 6.97341083e-006 
2.00000000e+000 1.95655948e+001 0.00000000e+000 3.82146743e-006 1.10006563e-005 1.18494579e-005 1.19230183e-005 1.19245296e-005 1.18401648e-005 1.17893362e-005 1.10010817e-005 9.51859272e-006 
2.00000000e+000 2.31503240e+001 0.00000000e+000 1.49524093e-005 2.43874744e-005 2.15604130e-005 2.06867403e-005 1.88009908e-005 1.81591137e-005 1.78736750e-005 1.55818879e-005 1.25925031e-005 
2.00000000e+000 2.62500000e+001 0.00000000e+000 5.73384507e-005 5.39256423e-005 3.94220139e-005 3.61419459e-005 2.99791790e-005 2.82018165e-005 2.74541764e-005 2.24234666e-005 1.69615557e-005 
2.00000000e+000 2.90204669e+001 0.00000000e+000 2.64668414e-004 1.32689516e-004 7.91304168e-005 6.91081395e-005 5.20113325e-005 4.75772730e-005 4.57781086e-005 3.49022762e-005 2.46313592e-005 
2.00000000e+000 3.15485737e+001 0.00000000e+000 9.36611007e-004 2.48399686e-004 1.26519529e-004 1.06730861e-004 7.51429579e-005 6.74744773e-005 6.44285260e-005 4.70141174e-005 3.18168548e-005 
2.00000000e+000 3.38886043e+001 0.00000000e+000 2.41762427e-003 3.99025867e-004 1.79488061e-004 1.47463404e-004 9.87752798e-005 8.74957964e-005 8.30806815e-005 5.87338610e-005 3.85932693e-005 
2.25000000e+000 8.75000000e+000 0.00000000e+000 3.75887716e-008 7.44002212e-007 1.59112664e-006 1.89015561e-006 2.63717610e-006 2.87977217e-006 2.98284852e-006 3.49708342e-006 3.76099438e-006 
2.25000000e+000 1.51554446e+001 0.00000000e+000 4.19021797e-007 2.98812630e-006 4.42094366e-006 4.80235171e-006 5.60212494e-006 5.81425727e-006 5.89705252e-006 6.12948856e-006 5.89638872e-006 
2.25000000e+000 1.95655948e+001 0.00000000e+000 2.56099594e-006 8.57158373e-006 9.71784303e-006 9.89718777e-006 1.01387692e-005 1.01359774e-005 1.01211223e-005 9.60192125e-006 8.44512342e-006 
2.25000000e+000 2.31503240e+001 0.00000000e+000 1.17521858e-005 2.09315628e-005 1.90705346e-005 1.84274055e-005 1.69811798e-005 1.64653277e-005 1.62325750e-005 1.42827898e-005 1.16462730e-005 
2.25000000e+000 2.62500000e+001 0.00000000e+000 5.25908392e-005 5.08259026e-005 3.75023830e-005 3.44556554e-005 2.86968523e-005 2.70249992e-005 2.63201967e-005 2.15494118e-005 1.63344576e-005 
2.25000000e+000 2.90204669e+001 0.00000000e+000 2.96736278e-004 1.38329910e-004 8.12341515e-005 7.07113688e-005 5.28774950e-005 4.82810585e-005 4.64196863e-005 3.52298847e-005 2.47441085e-005 
2.25000000e+000 3.15485737e+001 0.00000000e+000 1.33535720e-003 2.82648574e-004 1.37507425e-004 1.14930937e-004 7.95505204e-005 7.11058138e-005 6.77687341e-005 4.89270404e-005 3.27770547e-005 
2.25000000e+000 3.38886043e+001 0.00000000e+000 4.00784032e-003 4.87310066e-004 2.04226337e-004 1.65384330e-004 1.07895932e-004 9.49060807e-005 8.98595101e-005 6.25129123e-005 4.04691816e-005 
2.50000000e+000 8.75000000e+000 0.00000000e+000 1.63922240e-008 4.43817108e-007 1.05975800e-006 1.29331671e-006 1.90626468e-006 2.11521819e-006 2.20566958e-006 2.69067580e-006 3.01179179e-006 
2.50000000e+000 1.51554446e+001 0.00000000e+000 2.34288843e-007 2.08574483e-006 3.32901499e-006 3.68230573e-006 4.45412014e-006 4.67116873e-006 4.75829657e-006 5.07357137e-006 5.00659305e-006 
2.50000000e+000 1.95655948e+001 0.00000000e+000 1.72724506e-006 6.71148989e-006 8.00719030e-006 8.25412857e-006 8.66067540e-006 8.71741415e-006 8.72925646e-006 8.41851357e-006 7.52435516e-006 
2.50000000e+000 2.31503240e+001 0.00000000e+000 9.28134139e-006 1.80280252e-005 1.69253632e-005 1.64708954e-005 1.53916167e-005 1.49828185e-005 1.47950389e-005 1.31401765e-005 1.08109304e-005 
2.50000000e+000 2.62500000e+001 0.00000000e+000 4.83610717e-005 4.80161231e-005 3.57588724e-005 3.29253076e-005 2.75379473e-005 2.59635154e-005 2.52982876e-005 2.07668228e-005 1.57770967e-005 
2.50000000e+000 2.90204669e+001 0.00000000e+000 3.37730200e-004 1.44657749e-004 8.35513773e-005 7.24784991e-005 5.38465609e-005 4.90765118e-005 4.71488350e-005 3.56245342e-005 2.49075671e-005 
2.50000000e+000 3.15485737e+001 0.00000000e+000 1.98229922e-003 3.24744296e-004 1.50165884e-004 1.24259063e-004 8.44603789e-005 7.51322486e-005 7.14660668e-005 5.10309635e-005 3.38361855e-005 
2.50000000e+000 3.38886043e+001 0.00000000e+000 6.90819262e-003 6.03459925e-004 2.34155178e-004 1.86690005e-004 1.18402490e-004 1.03373677e-004 9.75806906e-005 6.67462012e-005 4.25468908e-005 
0.00000000e+000 8.75000000e+000 1.00000000e+001 1.47612368e-004 1.01478385e-004 6.63190890e-005 5.92056232e-005 4.65349957e-005 4.30741963e-005 4.16428010e-005 3.25358300e-005 2.32954373e-005 
0.00000000e+000 1.51554446e+001 1.00000000e+001 1.57755121e-004 1.08208465e-004 7.01437460e-005 6.24075189e-005 4.86474291e-005 4.49179018e-005 4.33815387e-005 3.37224112e-005 2.40869916e-005 
0.00000000e+000 1.95655948e+001 1.00000000e+001 1.59123477e-004 1.09198101e-004 7.06367358e-005 6.27981298e-005 4.88597139e-005 4.50867570e-005 4.35336749e-005 3.37944202e-005 2.41162395e-005 
0.00000000e+000 2.31503240e+001 1.00000000e+001 1.59862364e-004 1.09733604e-004 7.08229357e-005 6.29168383e-005 4.88776108e-005 4.50846779e-005 4.35244736e-005 3.37578720e-005 2.40732493e-005 
0.00000000e+000 2.62500000e+001 1.00000000e+001 1.63577945e-004 1.12300231e-004 7.22385151e-005 6.40948375e-005 4.96574023e-005 4.57693446e-005 4.41721417e-005 3.42086830e-005 2.43736692e-005 
0.00000000e+000 2.90204669e+001 1.00000000e+001 1.72320145e-004 1.18106523e-004 7.55846267e-005 6.69354826e-005 5.16320896e-005 4.75297106e-005 4.58479867e-005 3.54180190e-005 2.52060085e-005 
0.00000000e+000 3.15485737e+001 1.00000000e+001 1.85285584e-004 1.26697044e-004 8.07379780e-005 7.13710614e-005 5.48072381e-005 5.03827721e-005 4.85725489e-005 3.74137855e-005 2.65892169e-005 
0.00000000e+000 3.38886043e+001 1.00000000e+001 2.01416735e-004 1.37447768e-004 8.73606611e-005 7.71327798e-005 5.90321201e-005 5.42045354e-005 5.22318397e-005 4.01285323e-005 2.84813819e-005 
2.50000000e-001 8.75000000e+000 1.00000000e+001 4.55047445e-005 5.14913095e-005 3.97680395e-005 3.69333880e-005 3.13986604e-005 2.97197323e-005 2.89997127e-005 2.39115589e-005 1.80403034e-005 
2.50000000e-001 1.51554446e+001 1.00000000e+001 5.58701142e-005 5.86048021e-005 4.40221950e-005 4.05733397e-005 3.39372559e-005 3.19733433e-005 3.11395103e-005 2.54157540e-005 1.90360716e-005 
2.50000000e-001 1.95655948e+001 1.00000000e+001 6.52163420e-005 6.34863376e-005 4.65897406e-005 4.27086991e-005 3.53461212e-005 3.32015388e-005 3.22960122e-005 2.61777911e-005 1.94858059e-005 
2.50000000e-001 2.31503240e+001 1.00000000e+001 7.66544340e-005 6.90656164e-005 4.94067272e-005 4.50224397e-005 3.68380589e-005 3.44953438e-005 3.35118432e-005 2.69696552e-005 1.99431356e-005 
2.50000000e-001 2.62500000e+001 1.00000000e+001 9.51784520e-005 7.82728739e-005 5.42146422e-005 4.90162251e-005 3.94885160e-005 3.68193350e-005 3.57071332e-005 2.84589677e-005 2.08664905e-005 
2.50000000e-001 2.90204669e+001 1.00000000e+001 1.31447046e-004 9.57867062e-005 6.33860163e-005 5.66558793e-005 4.46021506e-005 4.13185734e-005 3.99641314e-005 3.13848505e-005 2.27230983e-005 
2.50000000e-001 3.15485737e+001 1.00000000e+001 1.65602668e-004 1.13174057e-004 7.29046923e-005 6.46862732e-005 5.01278251e-005 4.62228673e-005 4.46220140e-005 3.46681243e-005 2.48769127e-005 
2.50000000e-001 3.38886043e+001 1.00000000e+001 1.96696070e-004 1.29807323e-004 8.24074578e-005 7.28124254e-005 5.58894944e-005 5.13836092e-005 4.95425163e-005 3.82200201e-005 2.72688188e-005 
5.00000000e-001 8.75000000e+000 1.00000000e+001 1.49932259e-005 2.67217192e-005 2.41552440e-005 2.32935216e-005 2.13482456e-005 2.06456672e-005 2.03263300e-005 1.76560840e-005 1.40159878e-005 
5.00000000e-001 1.51554446e+001 1.00000000e+001 2.31810873e-005 3.36961575e-005 2.86218372e-005 2.71913698e-005 2.41899201e-005 2.32012784e-005 2.27655973e-005 1.94144089e-005 1.51856403e-005 
5.00000000e-001 1.95655948e+001 1.00000000e+001 3.33758855e-005 4.04658358e-005 3.24952227e-005 3.04838509e-005 2.64706225e-005 2.52205437e-005 2.46796275e-005 2.07265124e-005 1.59879613e-005 
5.00000000e-001 2.31503240e+001 1.00000000e+001 4.77136583e-005 4.88998300e-005 3.71043292e-005 3.43536673e-005 2.90881549e-005 2.75238697e-005 2.68575909e-005 2.21994234e-005 1.68742383e-005 
5.00000000e-001 2.62500000e+001 1.00000000e+001 7.32250116e-005 6.26014018e-005 4.44867822e-005 4.05410188e-005 3.32712055e-005 3.12097321e-005 3.03459373e-005 2.45850464e-005 1.83517782e-005 
5.00000000e-001 2.90204669e+001 1.00000000e+001 1.29796711e-004 8.94452648e-005 5.84996293e-005 5.22143959e-005 4.10873006e-005 3.80841191e-005 3.68481692e-005 2.90318018e-005 2.11331495e-005 
5.00000000e-001 3.15485737e+001 1.00000000e+001 1.85487224e-004 1.14484825e-004 7.17435356e-005 6.33101346e-005 4.86250578e-005 4.47488072e-005 4.31673617e-005 3.34323756e-005 2.39648834e-005 
5.00000000e-001 3.38886043e+001 1.00000000e+001 2.37918570e-004 1.37184728e-004 8.39933789e-005 7.36598704e-005 5.58014617e-005 5.11370787e-005 4.92424285e-005 3.77468038e-005 2.68123796e-005 
7.50000000e-001 8.75000000e+000 1.00000000e+001 5.23805225e-006 1.41665039e-005 1.48553544e-005 1.48480372e-005 1.46236788e-005 1.44379895e-005 1.43376623e-005 1.30974892e-005 1.09242768e-005 
7.50000000e-001 1.51554446e+001 1.00000000e+001 1.06439284e-005 2.03392431e-005 1.91897005e-005 1.87179981e-005 1.75818119e-005 1.71344080e-005 1.69254689e-005 1.50170455e-005 1.22217230e-005 
7.50000000e-001 1.95655948e+001 1.00000000e+001 1.90777573e-005 2.75199877e-005 2.36828347e-005 2.26219196e-005 2.04110042e-005 1.96728934e-005 1.93451337e-005 1.67307882e-005 1.33019788e-005 
7.50000000e-001 2.31503240e+001 1.00000000e+001 3.29328701e-005 3.71996154e-005 2.93567032e-005 2.74729644e-005 2.38185395e-005 2.27049231e-005 2.22255328e-005 1.87332058e-005 1.45411271e-005 
7.50000000e-001 2.62500000e+001 1.00000000e+001 6.14587852e-005 5.37739128e-005 3.86009899e-005 3.52934991e-005 2.92100047e-005 2.74820438e-005 2.67569205e-005 2.18699898e-005 1.65001912e-005 
7.50000000e-001 2.90204669e+001 1.00000000e+001 1.36085029e-004 8.86398414e-005 5.68164435e-005 5.04842276e-005 3.94111959e-005 3.64615314e-005 3.52528184e-005 2.76836238e-005 2.01242242e-005 
7.50000000e-001 3.15485737e+001 1.00000000e+001 2.21628737e-004 1.21900260e-004 7.37577053e-005 6.45727147e-005 4.88590869e-005 4.47865721e-005 4.31350352e-005 3.31234509e-005 2.35829829e-005 
7.50000000e-001 3.38886043e+001 1.00000000e+001 3.13641479e-004 1.52552338e-004 8.91724998e-005 7.74083848e-005 5.75299697e-005 5.24523708e-005 5.04045337e-005 3.82021745e-005 2.68760663e-005 
1.00000000e+000 8.75000000e+000 1.00000000e+001 1.92242279e-006 7.66099503e-006 9.24501712e-006 9.56177303e-006 1.00901443e-005 1.01624629e-005 1.01760479e-005 9.75994213e-006 8.54139763e-006 
1.00000000e+000 1.51554446e+001 1.00000000e+001 5.19522863e-006 1.27457814e-005 1.32016236e-005 1.31834336e-005 1.30013363e-005 1.28541885e-005 1.27744867e-005 1.17498008e-005 9.91805513e-006 
1.00000000e+000 1.95655948e+001 1.00000000e+001 1.15187100e-005 1.95370981e-005 1.78367800e-005 1.72979038e-005 1.61164743e-005 1.56851490e-005 1.54873695e-005 1.37320493e-005 1.12052998e-005 
1.00000000e+000 2.31503240e+001 1.00000000e+001 2.37662324e-005 2.94976599e-005 2.40514175e-005 2.26978474e-005 2.00394570e-005 1.92106738e-005 1.88505675e-005 1.61285019e-005 1.27256484e-005 
1.00000000e+000 2.62500000e+001 1.00000000e+001 5.33230610e-005 4.78781777e-005 3.46229061e-005 3.17167083e-005 2.63696612e-005 2.48493511e-005 2.42109871e-005 1.98859565e-005 1.50977263e-005 
1.00000000e+000 2.90204669e+001 1.00000000e+001 1.45873575e-004 9.00867688e-005 5.66412215e-005 5.00882382e-005 3.87320455e-005 3.57391333e-005 3.45173982e-005 2.69482299e-005 1.94980682e-005 
1.00000000e+000 3.15485737e+001 1.00000000e+001 2.76152489e-004 1.33044139e-004 7.75842831e-005 6.73502625e-005 5.01272711e-005 4.57390794e-005 4.39696375e-005 3.34084098e-005 2.35615274e-005 
1.00000000e+000 3.38886043e+001 1.00000000e+001 4.43483093e-004 1.74889843e-004 9.69648680e-005 8.32100537e-005 6.05092680e-005 5.48423191e-005 5.25734155e-005 3.93065020e-005 2.73149089e-005 
1.25000000e+000 8.75000000e+000 1.00000000e+001 7.34602447e-007 4.21894204e-006 5.81840005e-006 6.21769018e-006 7.01083562e-006 7.19800267e-006 7.26566787e-006 7.30504546e-006 6.69895193e-006 
1.25000000e+000 1.51554446e+001 1.00000000e+001 2.63398826e-006 8.21504754e-006 9.27531669e-006 9.46426542e-006 9.75919073e-006 9.77686620e-006 9.77031021e-006 9.28928199e-006 8.11049136e-006 
1.25000000e+000 1.95655948e+001 1.00000000e+001 7.17188417e-006 1.42657472e-005 1.37593706e-005 1.35270318e-005 1.29672551e-005 1.27283359e-005 1.26132573e-005 1.14302280e-005 9.54219501e-006 
1.25000000e+000 2.31503240e+001 1.00000000e+001 1.75660327e-005 2.39697748e-005 2.01632643e-005 1.91730739e-005 1.71962617e-005 1.65635473e-005 1.62858820e-005 1.41073664e-005 1.12802944e-005 
1.25000000e+000 2.62500000e+001 1.00000000e+001 4.70660127e-005 4.34555473e-005 3.16744946e-005 2.90662544e-005 2.42517778e-005 2.28786175e-005 2.23014713e-005 1.83743963e-005 1.40041972e-005 
1.25000000e+000 2.90204669e+001 1.00000000e+001 1.58723790e-004 9.26946614e-005 5.72522624e-005 5.04037420e-005 3.86196903e-005 3.55401027e-005 3.42868553e-005 2.65956569e-005 1.91278460e-005 
1.25000000e+000 3.15485737e+001 1.00000000e+001 3.58457925e-004 1.47561549e-004 8.27278060e-005 7.11888930e-005 5.20909415e-005 4.73051374e-005 4.53857776e-005 3.40974345e-005 2.37938832e-005 
1.25000000e+000 3.38886043e+001 1.00000000e+001 6.70325451e-004 2.05447141e-004 1.07235844e-004 9.08576564e-005 6.45128044e-005 5.80940593e-005 5.55434713e-005 4.09113654e-005 2.80413948e-005 
1.50000000e+000 8.75000000e+000 1.00000000e+001 2.90019585e-007 2.36188271e-006 3.70051243e-006 4.08041458e-006 4.90394283e-006 5.12909235e-006 5.21760223e-006 5.49110381e-006 5.26984102e-006 
1.50000000e+000 1.51554446e+001 1.00000000e+001 1.36987486e-006 5.40705779e-006 6.62810258e-006 6.90162692e-006 7.41988519e-006 7.52532549e-006 7.55926949e-006 7.41238868e-006 6.67909900e-006 
1.50000000e+000 1.95655948e+001 1.00000000e+001 4.55508171e-006 1.06153669e-005 1.08000660e-005 1.07560281e-005 1.05881618e-005 1.04747809e-005 1.04143563e-005 9.62612119e-006 8.20268320e-006 
1.50000000e+000 2.31503240e+001 1.00000000e+001 1.31851932e-005 1.97793308e-005 1.71656892e-005 1.64434324e-005 1.49690436e-005 1.44811001e-005 1.42643890e-005 1.24924810e-005 1.01043421e-005 
1.50000000e+000 2.62500000e+001 1.00000000e+001 4.19990325e-005 3.98944462e-005 2.93345774e-005 2.69700352e-005 2.25833431e-005 2.13258423e-005 2.07964668e-005 1.71767540e-005 1.31269219e-005 
1.50000000e+000 2.90204669e+001 1.00000000e+001 1.75150610e-004 9.60899275e-005 5.83324178e-005 5.11412973e-005 3.88500819e-005 3.56615389e-005 3.43673283e-005 2.64895327e-005 1.89318262e-005 
1.50000000e+000 3.15485737e+001 1.00000000e+001 4.85758938e-004 1.65885082e-004 8.90669627e-005 7.59377683e-005 5.45952396e-005 4.93381659e-005 4.72412027e-005 3.50834632e-005 2.42132357e-005 
1.50000000e+000 3.38886043e+001 1.00000000e+001 1.07826078e-003 2.46865874e-004 1.20277500e-004 1.00468399e-004 6.94947575e-005 6.21442917e-005 5.92467461e-005 4.29458396e-005 2.90047100e-005 
1.75000000e+000 8.75000000e+000 1.00000000e+001 1.17556330e-007 1.34184344e-006 2.37662346e-006 2.70093453e-006 3.45211872e-006 3.67595716e-006 3.76756359e-006 4.14473436e-006 4.15785178e-006 
1.75000000e+000 1.51554446e+001 1.00000000e+001 7.25706989e-007 3.61553953e-006 4.80110255e-006 5.09756264e-006 5.70276821e-006 5.85165322e-006 5.90689236e-006 5.96342629e-006 5.53558343e-006 
1.75000000e+000 1.95655948e+001 1.00000000e+001 2.93478192e-006 8.00439081e-006 8.58600159e-006 8.65982282e-006 8.74536688e-006 8.71630918e-006 8.69308023e-006 8.18534271e-006 7.10829477e-006 
1.75000000e+000 2.31503240e+001 1.00000000e+001 1.00084303e-005 1.64920981e-005 1.47700033e-005 1.42533371e-005 1.31669924e-005 1.27914042e-005 1.26220631e-005 1.11686896e-005 9.12824868e-006 
1.75000000e+000 2.62500000e+001 1.00000000e+001 3.77687263e-005 3.69023199e-005 2.73874205e-005 2.52319160e-005 2.12098545e-005 2.00496554e-005 1.95602370e-005 1.61941301e-005 1.24039795e-005 
1.75000000e+000 2.90204669e+001 1.00000000e+001 1.96179906e-004 1.00158278e-004 5.97393034e-005 5.21632158e-005 3.93042680e-005 3.59922860e-005 3.46512104e-005 2.65480275e-005 1.88569321e-005 
1.75000000e+000 3.15485737e+001 1.00000000e+001 6.88468705e-004 1.88910175e-004 9.66618592e-005 8.15946665e-005 5.75816012e-005 5.17747529e-005 4.94715658e-005 3.63079904e-005 2.47781193e-005 
1.75000000e+000 3.38886043e+001 1.00000000e+001 1.83399239e-003 3.03227218e-004 1.36668232e-004 1.12362553e-004 7.55157522e-005 6.70178985e-005 6.36966448e-005 4.53864504e-005 3.01778953e-005 
2.00000000e+000 8.75000000e+000 1.00000000e+001 4.86807294e-008 7.72374819e-007 1.54019229e-006 1.80220154e-006 2.44481459e-006 2.64899858e-006 2.73485197e-006 3.14100884e-006 3.28993196e-006 
2.00000000e+000 1.51554446e+001 1.00000000e+001 3.89976222e-007 2.44715241e-006 3.51576380e-006 3.80443313e-006 4.42321029e-006 4.58988094e-006 4.65502927e-006 4.83241727e-006 4.61442186e-006 
2.00000000e+000 1.95655948e+001 1.00000000e+001 1.91191655e-006 6.09476937e-006 6.89137117e-006 7.03826580e-006 7.28848726e-006 7.31698187e-006 7.31953680e-006 7.01562400e-006 6.20241492e-006 
2.00000000e+000 2.31503240e+001 1.00000000e+001 7.66395697e-006 1.38554908e-005 1.28064900e-005 1.24506584e-005 1.16719317e-005 1.13863485e-005 1.12550567e-005 1.00596881e-005 8.30340063e-006 
2.00000000e+000 2.62500000e+001 1.00000000e+001 3.41631483e-005 3.43200003e-005 2.57141618e-005 2.37421295e-005 2.00405434e-005 1.89654843e-005 1.85109213e-005 1.53636260e-005 1.17935094e-005 
2.00000000e+000 2.90204669e+001 1.00000000e+001 2.23361048e-004 1.04894139e-004 6.14100141e-005 5.34036799e-005 3.99180874e-005 3.64704952e-005 3.50778570e-005 2.67214497e-005 1.88684134e-005 
2.00000000e+000 3.15485737e+001 1.00000000e+001 1.02092560e-003 2.17964563e-004 1.05681065e-004 8.82417079e-005 6.10451331e-005 5.45983951e-005 5.20567523e-005 3.77416157e-005 2.54633778e-005 
2.00000000e+000 3.38886043e+001 1.00000000e+001 3.27403108e-003 3.80532478e-004 1.57250887e-004 1.27028288e-004 8.27099557e-005 7.27988085e-005 6.89605187e-005 4.82405198e-005 3.15499180e-005 
2.25000000e+000 8.75000000e+000 1.00000000e+001 2.05156367e-008 4.49769550e-007 1.00644159e-006 1.21148792e-006 1.74131862e-006 1.91889401e-006 1.99515514e-006 2.38951119e-006 2.61044632e-006 
2.25000000e+000 1.51554446e+001 1.00000000e+001 2.12003045e-007 1.67228740e-006 2.59729905e-006 2.86359386e-006 3.45719802e-006 3.62682190e-006 3.69511608e-006 3.94069732e-006 3.86658473e-006 
2.25000000e+000 1.95655948e+001 1.00000000e+001 1.25682311e-006 4.67576864e-006 5.57205050e-006 5.76229796e-006 6.11759904e-006 6.18543623e-006 6.20597582e-006 6.05240809e-006 5.44370234e-006 
2.25000000e+000 2.31503240e+001 1.00000000e+001 5.91111256e-006 1.17083236e-005 1.11682873e-005 1.09392923e-005 1.04076457e-005 1.01955079e-005 1.00954008e-005 9.11378161e-006 7.59534689e-006 
2.25000000e+000 2.62500000e+001 1.00000000e+001 3.10431224e-005 3.20507941e-005 2.42442174e-005 2.24352152e-005 1.90198312e-005 1.80208980e-005 1.75974740e-005 1.46443584e-005 1.12668363e-005 
2.25000000e+000 2.90204669e+001 1.00000000e+001 2.58926136e-004 1.10348594e-004 6.33203912e-005 5.48327038e-005 4.06567363e-005 3.70614254e-005 3.56127325e-005 2.69792885e-005 1.89433305e-005 
2.25000000e+000 3.15485737e+001 1.00000000e+001 1.58171200e-003 2.54901043e-004 1.16378626e-004 9.60205283e-005 6.50140470e-005 5.78211600e-005 5.50035326e-005 3.93729533e-005 2.62545029e-005 
2.25000000e+000 3.38886043e+001 1.00000000e+001 6.08905982e-003 4.87554277e-004 1.83170877e-004 1.45128924e-004 9.12732855e-005 7.96177317e-005 7.51475304e-005 5.15371733e-005 3.31208082e-005 
2.50000000e+000 8.75000000e+000 1.00000000e+001 8.77256375e-009 2.64610566e-007 6.62671266e-007 8.20003111e-007 1.24690941e-006 1.39686318e-006 1.46242586e-006 1.82451098e-006 2.07689450e-006 
2.50000000e+000 1.51554446e+001 1.00000000e+001 1.16376827e-007 1.15168398e-006 1.93265606e-006 2.17060168e-006 2.71971287e-006 2.88385173e-006 2.95130749e-006 3.23127707e-006 3.25506832e-006 
2.50000000e+000 1.95655948e+001 1.00000000e+001 8.32468208e-007 3.60886211e-006 4.53162400e-006 4.74505064e-006 5.16411777e-006 5.25845506e-006 5.29145122e-006 5.24962739e-006 4.80158036e-006 
2.50000000e+000 2.31503240e+001 1.00000000e+001 4.58718941e-006 9.94036570e-006 9.78378740e-006 9.65499811e-006 9.32289825e-006 9.17128772e-006 9.09703266e-006 8.29509966e-006 6.97930582e-006 
2.50000000e+000 2.62500000e+001 1.00000000e+001 2.83121052e-005 3.00306812e-005 2.29325878e-005 2.12696027e-005 1.81121631e-005 1.71821246e-005 1.67868976e-005 1.40091096e-005 1.08040294e-005 
2.50000000e+000 2.90204669e+001 1.00000000e+001 3.06059347e-004 1.16611315e-004 6.54670321e-005 5.64394234e-005 4.15016866e-005 3.77456568e-005 3.62361921e-005 2.73026541e-005 1.90664190e-005 
2.50000000e+000 3.15485737e+001 1.00000000e+001 2.55225948e-003 3.02274813e-004 1.29093993e-004 1.05125729e-004 6.95401594e-005 6.14746257e-005 5.83367802e-005 4.12023184e-005 2.71440805e-005 
2.50000000e+000 3.38886043e+001 1.00000000e+001 1.17172138e-002 6.37163827e-004 2.15955787e-004 1.67536016e-004 1.01463223e-004 8.76491949e-005 8.24049810e-005 5.53228110e-005 3.48987229e-005 
0.00000000e+000 8.75000000e+000 2.00000000e+001 1.06869679e-004 7.42894173e-005 4.76268505e-005 4.22178755e-005 3.27163440e-005 3.01815624e-005 2.91422566e-005 2.26468181e-005 1.61627397e-005 
0.00000000e+000 1.51554446e+001 2.00000000e+001 1.21999249e-004 8.40940706e-005 5.36461926e-005 4.74469272e-005 3.65152519e-005 3.36006009e-005 3.24079096e-005 2.50287611e-005 1.78012453e-005 
0.00000000e+000 1.95655948e+001 2.00000000e+001 1.38605662e-004 9.50517128e-005 6.04234404e-005 5.33563115e-005 4.08643505e-005 3.75347668e-005 3.61740064e-005 2.78125022e-005 1.97342697e-005 
0.00000000e+000 2.31503240e+001 2.00000000e+001 1.54933782e-004 1.05825494e-004 6.70904875e-005 5.91757082e-005 4.51670217e-005 4.14345576e-005 3.99104491e-005 3.05884495e-005 2.16674072e-005 
0.00000000e+000 2.62500000e+001 2.00000000e+001 1.72476386e-004 1.17368396e-004 7.42444934e-005 6.54288634e-005 4.98139517e-005 4.56548681e-005 4.39575834e-005 3.36109593e-005 2.37786739e-005 
0.00000000e+000 2.90204669e+001 2.00000000e+001 1.91469730e-004 1.29847941e-004 8.19949893e-005 7.22129309e-005 5.48795817e-005 5.02640583e-005 4.83813039e-005 3.69310530e-005 2.61048315e-005 
0.00000000e+000 3.15485737e+001 2.00000000e+001 2.11340313e-004 1.42895635e-004 9.01123722e-005 7.93254803e-005 6.02093476e-005 5.51204790e-005 5.30452637e-005 4.04448663e-005 2.85725614e-005 
0.00000000e+000 3.38886043e+001 2.00000000e+001 2.33616162e-004 1.57518012e-004 9.92246404e-005 8.73165925e-005 6.62144639e-005 6.05985971e-005 5.83090251e-005 4.44233267e-005 3.13724697e-005 
2.50000000e-001 8.75000000e+000 2.00000000e+001 3.15760439e-005 3.67700408e-005 2.80039231e-005 2.58536098e-005 2.17199288e-005 2.05036806e-005 1.99879491e-005 1.64232519e-005 1.23770965e-005 
2.50000000e-001 1.51554446e+001 2.00000000e+001 4.30608890e-005 4.54413372e-005 3.35315721e-005 3.07010262e-005 2.53194238e-005 2.37658889e-005 2.31129445e-005 1.87394569e-005 1.39859663e-005 
2.50000000e-001 1.95655948e+001 2.00000000e+001 5.83969017e-005 5.62585615e-005 4.03034311e-005 3.66239851e-005 2.97128145e-005 2.77505041e-005 2.69314892e-005 2.15770933e-005 1.59571460e-005 
2.50000000e-001 2.31503240e+001 2.00000000e+001 7.83932783e-005 6.90372241e-005 4.80235875e-005 4.33225780e-005 3.46103034e-005 3.21755893e-005 3.11655885e-005 2.46942445e-005 1.80972651e-005 
2.50000000e-001 2.62500000e+001 2.00000000e+001 1.08514589e-004 8.62278721e-005 5.79841770e-005 5.18814561e-005 4.07540983e-005 3.76991004e-005 3.64398024e-005 2.85292658e-005 2.06917992e-005 
2.50000000e-001 2.90204669e+001 2.00000000e+001 1.60425934e-004 1.12286573e-004 7.23254812e-005 6.40474337e-005 4.92649595e-005 4.52941021e-005 4.36694583e-005 3.36870395e-005 2.41043077e-005 
2.50000000e-001 3.15485737e+001 2.00000000e+001 2.09578958e-004 1.36661694e-004 8.58695333e-005 7.55814680e-005 5.74152262e-005 5.25928848e-005 5.06278973e-005 3.87011579e-005 2.74582684e-005 
2.50000000e-001 3.38886043e+001 2.00000000e+001 2.57866723e-004 1.60354645e-004 9.91929232e-005 8.69794704e-005 6.55640399e-005 5.99202088e-005 5.76261574e-005 4.38036193e-005 3.09166645e-005 
5.00000000e-001 8.75000000e+000 2.00000000e+001 9.97362848e-006 1.86185009e-005 1.66819900e-005 1.60094817e-005 1.45319826e-005 1.40257560e-005 1.37997334e-005 1.19670095e-005 9.50940616e-006 
5.00000000e-001 1.51554446e+001 2.00000000e+001 1.75988696e-005 2.59934822e-005 2.16865890e-005 2.04592172e-005 1.79296346e-005 1.71298728e-005 1.67831231e-005 1.42177609e-005 1.10905112e-005 
5.00000000e-001 1.95655948e+001 2.00000000e+001 2.97539482e-005 3.61111130e-005 2.82723578e-005 2.62665053e-005 2.23055831e-005 2.11159807e-005 2.06098238e-005 1.70868206e-005 1.30911247e-005 
5.00000000e-001 2.31503240e+001 2.00000000e+001 4.89610468e-005 4.96558227e-005 3.65994161e-005 3.35115956e-005 2.76248369e-005 2.59260799e-005 2.52135256e-005 2.04758571e-005 1.54062113e-005 
5.00000000e-001 2.62500000e+001 2.00000000e+001 8.48064844e-005 7.06758273e-005 4.87030795e-005 4.38786857e-005 3.50038269e-005 3.25400893e-005 3.15204355e-005 2.50172492e-005 1.84338376e-005 
5.00000000e-001 2.90204669e+001 2.00000000e+001 1.63110338e-004 1.08177191e-004 6.87675214e-005 6.07557870e-005 4.65823187e-005 4.28073738e-005 4.12668799e-005 3.18455343e-005 2.28482226e-005 
5.00000000e-001 3.15485737e+001 2.00000000e+001 2.47933437e-004 1.43923666e-004 8.75287886e-005 7.65072805e-005 5.73898827e-005 5.24013318e-005 5.03795688e-005 3.82638507e-005 2.70327571e-005 
5.00000000e-001 3.38886043e+001 2.00000000e+001 3.43879033e-004 1.79322857e-004 1.05737231e-004 9.17655119e-005 6.78633551e-005 6.17108807e-005 5.92284632e-005 4.45362113e-005 3.11635143e-005 
7.50000000e-001 8.75000000e+000 2.00000000e+001 3.33764695e-006 9.63121989e-006 1.00627036e-005 1.00206423e-005 9.79659379e-006 9.65945318e-006 9.58879856e-006 8.76090107e-006 7.32991143e-006 
7.50000000e-001 1.51554446e+001 2.00000000e+001 7.86852062e-006 1.55482591e-005 1.44376643e-005 1.39850133e-005 1.29372352e-005 1.25582651e-005 1.23865285e-005 1.09197560e-005 8.87116432e-006 
7.50000000e-001 1.95655948e+001 2.00000000e+001 1.66225421e-005 2.44893724e-005 2.06078754e-005 1.94954410e-005 1.71910433e-005 1.64586199e-005 1.61408668e-005 1.37743180e-005 1.08798372e-005 
7.50000000e-001 2.31503240e+001 2.00000000e+001 3.32437174e-005 3.78336064e-005 2.91134599e-005 2.69518923e-005 2.27411273e-005 2.14951702e-005 2.09680075e-005 1.73517270e-005 1.33292776e-005 
7.50000000e-001 2.62500000e+001 2.00000000e+001 7.10463098e-005 6.12277236e-005 4.27488563e-005 3.86532191e-005 3.10893808e-005 2.89796647e-005 2.81050971e-005 2.24843755e-005 1.67335556e-005 
7.50000000e-001 2.90204669e+001 2.00000000e+001 1.73976351e-004 1.08977168e-004 6.79613772e-005 5.97796814e-005 4.54558931e-005 4.16823257e-005 4.01480188e-005 3.08495676e-005 2.20791487e-005 
7.50000000e-001 3.15485737e+001 2.00000000e+001 3.12125757e-004 1.57963382e-004 9.23316680e-005 7.99855867e-005 5.89788305e-005 5.36014049e-005 5.14355146e-005 3.86598896e-005 2.70761091e-005 
7.50000000e-001 3.38886043e+001 2.00000000e+001 5.05503444e-004 2.10400775e-004 1.16836990e-004 1.00076225e-004 7.21981949e-005 6.52144071e-005 6.24205201e-005 4.62322549e-005 3.19292322e-005 
1.00000000e+000 8.75000000e+000 2.00000000e+001 1.17180415e-006 5.08134975e-006 6.14247712e-006 6.33676585e-006 6.65271955e-006 6.69608949e-006 6.70450955e-006 6.44320938e-006 5.66800857e-006 
1.00000000e+000 1.51554446e+001 2.00000000e+001 3.71111347e-006 9.61818012e-006 9.84288835e-006 9.76534895e-006 9.48900671e-006 9.34559929e-006 9.27422162e-006 8.48032273e-006 7.15332338e-006 
1.00000000e+000 1.95655948e+001 2.00000000e+001 9.73209177e-006 1.72160701e-005 1.54498060e-005 1.48494067e-005 1.35306385e-005 1.30815056e-005 1.28821583e-005 1.12733728e-005 9.14565865e-006 
1.00000000e+000 2.31503240e+001 2.00000000e+001 2.34587477e-005 2.98087739e-005 2.38253448e-005 2.22626672e-005 1.91507880e-005 1.82071132e-005 1.78045817e-005 1.49607918e-005 1.16887517e-005 
1.00000000e+000 2.62500000e+001 2.00000000e+001 6.12754124e-005 5.45783339e-005 3.85166490e-005 3.49171449e-005 2.82396373e-005 2.63691490e-005 2.55927819e-005 2.05778434e-005 1.54146954e-005 
1.00000000e+000 2.90204669e+001 2.00000000e+001 1.89566526e-004 1.11986462e-004 6.85181010e-005 5.99911076e-005 4.51952584e-005 4.13347356e-005 3.97702900e-005 3.03763305e-005 2.16338042e-005 
1.00000000e+000 3.15485737e+001 2.00000000e+001 4.12322858e-004 1.77369162e-004 9.92815946e-005 8.51750609e-005 6.16371816e-005 5.57263417e-005 5.33602026e-005 3.96241172e-005 2.74519520e-005 
1.00000000e+000 3.38886043e+001 2.00000000e+001 8.07767623e-004 2.55316282e-004 1.32212401e-004 1.11555199e-004 7.82339348e-005 7.01262723e-005 6.69119582e-005 4.86970472e-005 3.31074671e-005 
1.25000000e+000 8.75000000e+000 2.00000000e+001 4.27717540e-007 2.72928484e-006 3.79159792e-006 4.04627980e-006 4.54957054e-006 4.67120584e-006 4.71611647e-006 4.75983934e-006 4.39663746e-006 
1.25000000e+000 1.51554446e+001 2.00000000e+001 1.81001063e-006 6.09951014e-006 6.83991369e-006 6.93927004e-006 7.05818045e-006 7.04568855e-006 7.03158124e-006 6.65163024e-006 5.81097359e-006 
1.25000000e+000 1.95655948e+001 2.00000000e+001 5.85678546e-006 1.23935939e-005 1.18213487e-005 1.15304928e-005 1.08268954e-005 1.05607155e-005 1.04387437e-005 9.34403996e-006 7.76431144e-006 
1.25000000e+000 2.31503240e+001 2.00000000e+001 1.69238116e-005 2.39704532e-005 1.98695686e-005 1.87281594e-005 1.63956872e-005 1.56684437e-005 1.53554609e-005 1.30751705e-005 1.03641718e-005 
1.25000000e+000 2.62500000e+001 2.00000000e+001 5.37087975e-005 4.94396114e-005 3.52618086e-005 3.20438481e-005 2.60396025e-005 2.43487001e-005 2.36457998e-005 1.90835984e-005 1.43615732e-005 
1.25000000e+000 2.90204669e+001 2.00000000e+001 2.10016082e-004 1.16311615e-004 6.98443873e-005 6.08785246e-005 4.54471598e-005 4.14550406e-005 3.98419536e-005 3.02365905e-005 2.14078358e-005 
1.25000000e+000 3.15485737e+001 2.00000000e+001 5.72036540e-004 2.02584475e-004 1.08118292e-004 9.17978684e-005 6.51233030e-005 5.85556567e-005 5.59427754e-005 4.10104343e-005 2.80762979e-005 
1.25000000e+000 3.38886043e+001 2.00000000e+001 1.39325991e-003 3.18986384e-004 1.52460040e-004 1.26478342e-004 8.59477146e-005 7.63904701e-005 7.26375321e-005 5.18512638e-005 3.46415222e-005 
1.50000000e+000 8.75000000e+000 2.00000000e+001 1.61077604e-007 1.48967537e-006 2.36492593e-006 2.60737629e-006 3.13219680e-006 3.27839625e-006 3.33665934e-006 3.53149741e-006 3.42087952e-006 
1.50000000e+000 1.51554446e+001 2.00000000e+001 9.03256430e-007 3.94006627e-006 4.82607559e-006 5.00168920e-006 5.31280586e-006 5.37121164e-006 5.38915531e-006 5.26345090e-006 4.75245001e-006 
1.50000000e+000 1.95655948e+001 2.00000000e+001 3.59029823e-006 9.06809007e-006 9.18047283e-006 9.08258763e-006 8.77572210e-006 8.63157994e-006 8.56179540e-006 7.82645575e-006 6.64789977e-006 
1.50000000e+000 2.31503240e+001 2.00000000e+001 1.23925912e-005 1.95348260e-005 1.67861082e-005 1.59565138e-005 1.42070185e-005 1.36430858e-005 1.33978440e-005 1.15483023e-005 9.27290071e-006 
1.50000000e+000 2.62500000e+001 2.00000000e+001 4.75795749e-005 4.52387415e-005 3.26153799e-005 2.97117322e-005 2.42583498e-005 2.27128789e-005 2.20692278e-005 1.78694220e-005 1.34973998e-005 
1.50000000e+000 2.90204669e+001 2.00000000e+001 2.36598394e-004 1.21669008e-004 7.16805704e-005 6.22042835e-005 4.60273496e-005 4.18763440e-005 4.02035303e-005 3.03180822e-005 2.13340130e-005 
1.50000000e+000 3.15485737e+001 2.00000000e+001 8.35813486e-004 2.35003106e-004 1.18927611e-004 9.98468919e-005 6.93527644e-005 6.20001295e-005 5.90935948e-005 4.27421239e-005 2.88983298e-005 
1.50000000e+000 3.38886043e+001 2.00000000e+001 2.57405406e-003 4.09575216e-004 1.78787162e-004 1.45535618e-004 9.55081148e-005 8.41031197e-005 7.96698892e-005 5.56879403e-005 3.65074481e-005 
1.75000000e+000 8.75000000e+000 2.00000000e+001 6.22080562e-008 8.24781899e-007 1.48932202e-006 1.69451407e-006 2.17013543e-006 2.31417573e-006 2.37375950e-006 2.63109741e-006 2.66960828e-006 
1.75000000e+000 1.51554446e+001 2.00000000e+001 4.58469836e-007 2.58082340e-006 3.44672117e-006 3.64688729e-006 4.03918148e-006 4.13362986e-006 4.16868325e-006 4.19738898e-006 3.91052052e-006 
1.75000000e+000 1.95655948e+001 2.00000000e+001 2.23115024e-006 6.71280624e-006 7.20867018e-006 7.23200132e-006 7.18510412e-006 7.12410251e-006 7.09029936e-006 6.61214542e-006 5.73352390e-006 
1.75000000e+000 2.31503240e+001 2.00000000e+001 9.17607643e-006 1.60705358e-005 1.43121890e-005 1.37198930e-005 1.24207811e-005 1.19845246e-005 1.17924058e-005 1.02839054e-005 8.35748700e-006 
1.75000000e+000 2.62500000e+001 2.00000000e+001 4.24737688e-005 4.16838784e-005 3.03804946e-005 2.77453700e-005 2.27623360e-005 2.13404484e-005 2.07470071e-005 1.68519580e-005 1.27705510e-005 
1.75000000e+000 2.90204669e+001 2.00000000e+001 2.71469431e-004 1.28010597e-004 7.39141374e-005 6.38572926e-005 4.68382544e-005 4.25073059e-005 4.07665483e-005 3.05534111e-005 2.13686613e-005 
1.75000000e+000 3.15485737e+001 2.00000000e+001 1.28870336e-003 2.76843317e-004 1.31998645e-004 1.09467519e-004 7.43287522e-005 6.60445717e-005 6.27918341e-005 4.47839943e-005 2.98885223e-005 
1.75000000e+000 3.38886043e+001 2.00000000e+001 5.05205629e-003 5.39775033e-004 2.13004219e-004 1.69787169e-004 1.07227253e-004 9.34702944e-005 8.81800792e-005 6.02495715e-005 3.87038483e-005 
2.00000000e+000 8.75000000e+000 2.00000000e+001 2.45207909e-008 4.62465406e-007 9.46234053e-007 1.10997569e-006 1.51262304e-006 1.64250448e-006 1.69762549e-006 1.96814659e-006 2.08935952e-006 
2.00000000e+000 1.51554446e+001 2.00000000e+001 2.35840552e-007 1.70882570e-006 2.48565976e-006 2.68405635e-006 3.09671615e-006 3.20682011e-006 3.25005910e-006 3.37002361e-006 3.23544630e-006 
2.00000000e+000 1.95655948e+001 2.00000000e+001 1.40151894e-006 5.01324095e-006 5.70815326e-006 5.80640504e-006 5.92963642e-006 5.92579435e-006 5.91708681e-006 5.62604923e-006 4.97559908e-006 
2.00000000e+000 2.31503240e+001 2.00000000e+001 6.85492395e-006 1.33143792e-005 1.22865632e-005 1.18773857e-005 1.09326262e-005 1.05984311e-005 1.04489574e-005 9.21723335e-006 7.57739801e-006 
2.00000000e+000 2.62500000e+001 2.00000000e+001 3.81365943e-005 3.86070470e-005 2.84436606e-005 2.60426132e-005 2.14709677e-005 2.01571735e-005 1.96076020e-005 1.59774370e-005 1.21458252e-005 
2.00000000e+000 2.90204669e+001 2.00000000e+001 3.17884398e-004 1.35400500e-004 7.65021305e-005 6.57880563e-005 4.78280338e-005 4.32975613e-005 4.14815036e-005 3.09017014e-005 2.14831773e-005 
2.00000000e+000 3.15485737e+001 2.00000000e+001 2.09678347e-003 3.31328495e-004 1.47782097e-004 1.20914563e-004 8.01095468e-005 7.07196504e-005 6.70591472e-005 4.71267627e-005 3.10312860e-005 
2.00000000e+000 3.38886043e+001 2.00000000e+001 1.04475846e-002 7.29217547e-004 2.57659185e-004 2.00710692e-004 1.21550742e-004 1.04794690e-004 9.84236857e-005 6.56167575e-005 4.12458667e-005 
2.25000000e+000 8.75000000e+000 2.00000000e+001 9.82903557e-009 2.62222034e-007 6.06070013e-007 7.32398429e-007 1.06029381e-006 1.17182522e-006 1.22013481e-006 1.47791276e-006 1.63981923e-006 
2.25000000e+000 1.51554446e+001 2.00000000e+001 1.22662472e-007 1.14122913e-006 1.80676801e-006 1.99061501e-006 2.39091937e-006 2.50477877e-006 2.55086730e-006 2.72179452e-006 2.69010147e-006 
2.25000000e+000 1.95655948e+001 2.00000000e+001 8.88208571e-007 3.77006759e-006 4.54984599e-006 4.69230469e-006 4.92462097e-006 4.95994750e-006 4.96875668e-006 4.81515831e-006 4.34064419e-006 
2.25000000e+000 2.31503240e+001 2.00000000e+001 5.15889583e-006 1.10926725e-005 1.06035895e-005 1.03365583e-005 9.67324617e-006 9.42171495e-006 9.30697026e-006 8.30364156e-006 6.90357840e-006 
2.25000000e+000 2.62500000e+001 2.00000000e+001 3.43986859e-005 3.59016089e-005 2.67343973e-005 2.45399760e-005 2.03333587e-005 1.91157644e-005 1.86052437e-005 1.52102932e-005 1.15988425e-005 
2.25000000e+000 2.90204669e+001 2.00000000e+001 3.80665854e-004 1.43973697e-004 7.94378022e-005 6.79792417e-005 4.89698621e-005 4.42196298e-005 4.23208635e-005 3.13380067e-005 2.16586910e-005 
2.25000000e+000 3.15485737e+001 2.00000000e+001 3.59144088e-003 4.03073111e-004 1.66895134e-004 1.34543889e-004 8.67944461e-005 7.60886245e-005 7.19469014e-005 4.97783676e-005 3.23204144e-005 
2.25000000e+000 3.38886043e+001 2.00000000e+001 2.25857885e-002 1.00847763e-003 3.16286944e-004 2.40313113e-004 1.39070118e-004 1.18479139e-004 1.10741884e-004 7.19037130e-005 4.41618152e-005 
2.50000000e+000 8.75000000e+000 2.00000000e+001 3.99528885e-009 1.50154783e-007 3.91070152e-007 4.86515181e-007 7.47171851e-007 8.40109802e-007 8.81078632e-007 1.11387845e-006 1.29049327e-006 
2.50000000e+000 1.51554446e+001 2.00000000e+001 6.43980259e-008 7.67558970e-007 1.32184928e-006 1.48571632e-006 1.85697117e-006 1.96775781e-006 2.01353765e-006 2.20961029e-006 2.24652244e-006 
2.50000000e+000 1.95655948e+001 2.00000000e+001 5.67146209e-007 2.85130850e-006 3.64588500e-006 3.81192718e-006 4.11099465e-006 4.17270363e-006 4.19360828e-006 4.14125250e-006 3.80372346e-006 
2.50000000e+000 2.31503240e+001 2.00000000e+001 3.90722879e-006 9.28415007e-006 9.19009351e-006 9.03351342e-006 8.59464762e-006 8.41055337e-006 8.32432667e-006 7.51153348e-006 6.31484423e-006 
2.50000000e+000 2.62500000e+001 2.00000000e+001 3.11419964e-005 3.34946734e-005 2.52059265e-005 2.31955256e-005 1.93158801e-005 1.81848459e-005 1.77094973e-005 1.45263624e-005 1.11124300e-005 
2.50000000e+000 2.90204669e+001 2.00000000e+001 4.66954922e-004 1.53924567e-004 8.27359059e-005 7.04319889e-005 5.02512418e-005 4.52592953e-005 4.32699092e-005 3.18471354e-005 2.18826865e-005 
2.50000000e+000 3.15485737e+001 2.00000000e+001 6.44656420e-003 4.98698296e-004 1.90153256e-004 1.50822660e-004 9.45193337e-005 8.22420049e-005 7.75306827e-005 5.27592594e-005 3.37562771e-005 
2.50000000e+000 3.38886043e+001 2.00000000e+001 5.06688882e-002 1.42561250e-003 3.93789201e-004 2.91305505e-004 1.60551720e-004 1.35041698e-004 1.25572540e-004 7.92581235e-005 4.74915132e-005 
END