TITLE="3SCB_ER_E_WD210.dat"
VARIABLES= "Density" "Radius" "Height" "0.1053" "0.356" "0.6617" "0.7889" "1.1732" "1.3325" "1.408" "2" "3" 
ZONE T="3D Data" I=11 J=8 K=3 F=POINT
0.00000000e+000 2.18750000e+000 0.00000000e+000 8.50757608e-005 5.92067554e-005 3.80892066e-005 3.38562733e-005 2.65093116e-005 2.45555761e-005 2.37522514e-005 1.86420620e-005 1.33624032e-005 
0.00000000e+000 6.56250000e+000 0.00000000e+000 9.82561168e-005 6.78035109e-005 4.38661644e-005 3.90435484e-005 3.05528481e-005 2.82665589e-005 2.73246391e-005 2.13531451e-005 1.52649681e-005 
0.00000000e+000 1.09375000e+001 0.00000000e+000 1.27657205e-004 8.71467120e-005 5.61283989e-005 4.98385810e-005 3.86872261e-005 3.56803538e-005 3.44441616e-005 2.67093853e-005 1.90302796e-005 
0.00000000e+000 1.53125000e+001 0.00000000e+000 1.64840998e-004 1.11886571e-004 7.16203448e-005 6.34189544e-005 4.88528825e-005 4.49368481e-005 4.33311441e-005 3.33971077e-005 2.37423409e-005 
0.00000000e+000 1.96875000e+001 0.00000000e+000 2.03630422e-004 1.37603085e-004 8.76537973e-005 7.74572761e-005 5.93431526e-005 5.44872234e-005 5.25000487e-005 4.02986281e-005 2.86034554e-005 
0.00000000e+000 2.40625000e+001 0.00000000e+000 2.34679542e-004 1.58156362e-004 1.00532250e-004 8.87626316e-005 6.78546656e-005 6.22568607e-005 5.99679721e-005 4.59566757e-005 3.26006512e-005 
0.00000000e+000 2.84375000e+001 0.00000000e+000 2.52635275e-004 1.70034791e-004 1.08167365e-004 9.55404760e-005 7.31039157e-005 6.70920387e-005 6.46329101e-005 4.95620237e-005 3.51692010e-005 
0.00000000e+000 3.28125000e+001 0.00000000e+000 2.61704306e-004 1.75910974e-004 1.12146898e-004 9.91601999e-005 7.60803094e-005 6.98841504e-005 6.73468357e-005 5.17385608e-005 3.67362150e-005 
2.50000000e-001 2.18750000e+000 0.00000000e+000 2.51461205e-005 2.95382586e-005 2.25899601e-005 2.09140647e-005 1.77510726e-005 1.68237534e-005 1.64287758e-005 1.36255452e-005 1.03037341e-005 
2.50000000e-001 6.56250000e+000 0.00000000e+000 3.01620103e-005 3.44405930e-005 2.63477631e-005 2.43976666e-005 2.06504377e-005 1.95360660e-005 1.90607242e-005 1.57179602e-005 1.18386382e-005 
2.50000000e-001 1.09375000e+001 0.00000000e+000 4.23858318e-005 4.60051705e-005 3.46514006e-005 3.19317009e-005 2.66846774e-005 2.51331653e-005 2.44750080e-005 1.99663235e-005 1.49451915e-005 
2.50000000e-001 1.53125000e+001 0.00000000e+000 6.16388010e-005 6.27409746e-005 4.61759498e-005 4.22724428e-005 3.47990149e-005 3.26224006e-005 3.17057017e-005 2.55850764e-005 1.90220561e-005 
2.50000000e-001 1.96875000e+001 0.00000000e+000 8.97011383e-005 8.40055705e-005 6.00881578e-005 5.46023109e-005 4.42441687e-005 4.12825104e-005 4.00442236e-005 3.19644402e-005 2.35763197e-005 
2.50000000e-001 2.40625000e+001 0.00000000e+000 1.28562782e-004 1.08330979e-004 7.49158357e-005 6.75297837e-005 5.38397490e-005 5.00038567e-005 4.84112608e-005 3.82275687e-005 2.79355035e-005 
2.50000000e-001 2.84375000e+001 0.00000000e+000 1.96161957e-004 1.41010388e-004 9.27702693e-005 8.26811654e-005 6.44852715e-005 5.95235961e-005 5.74814253e-005 4.47277113e-005 3.22214337e-005 
2.50000000e-001 3.28125000e+001 0.00000000e+000 2.58067948e-004 1.67897186e-004 1.07001093e-004 9.46958444e-005 7.28723890e-005 6.70143216e-005 6.46145269e-005 4.98118914e-005 3.55158708e-005 
5.00000000e-001 2.18750000e+000 0.00000000e+000 7.51283405e-006 1.47881881e-005 1.34238929e-005 1.29407154e-005 1.19000377e-005 1.15381908e-005 1.13743248e-005 9.96591694e-006 7.94901596e-006 
5.00000000e-001 6.56250000e+000 0.00000000e+000 9.63033780e-006 1.77279431e-005 1.59453714e-005 1.53439505e-005 1.40200442e-005 1.35559954e-005 1.33465778e-005 1.16018227e-005 9.19883279e-006 
5.00000000e-001 1.09375000e+001 0.00000000e+000 1.53106297e-005 2.50253000e-005 2.17666204e-005 2.07645423e-005 1.85989318e-005 1.78695187e-005 1.75462535e-005 1.50228070e-005 1.17899478e-005 
5.00000000e-001 1.53125000e+001 0.00000000e+000 2.62478189e-005 3.69599778e-005 3.06530697e-005 2.88938307e-005 2.52349784e-005 2.40647489e-005 2.35560870e-005 1.98219744e-005 1.53601890e-005 
5.00000000e-001 1.96875000e+001 0.00000000e+000 4.69097488e-005 5.50212828e-005 4.29933794e-005 3.99450465e-005 3.38794552e-005 3.20376985e-005 3.12516128e-005 2.57888845e-005 1.96664970e-005 
5.00000000e-001 2.40625000e+001 0.00000000e+000 8.63832414e-005 8.13664606e-005 5.91632711e-005 5.40459219e-005 4.43307048e-005 4.15272063e-005 4.03508945e-005 3.25694195e-005 2.43487381e-005 
5.00000000e-001 2.84375000e+001 0.00000000e+000 1.87752382e-004 1.30322437e-004 8.54916588e-005 7.62406992e-005 5.96481244e-005 5.51364528e-005 5.32800197e-005 4.16570626e-005 3.02003642e-005 
5.00000000e-001 3.28125000e+001 0.00000000e+000 3.06351122e-004 1.76514138e-004 1.08951194e-004 9.58008449e-005 7.29029632e-005 6.68598247e-005 6.43967906e-005 4.93774361e-005 3.50744641e-005 
7.50000000e-001 2.18750000e+000 0.00000000e+000 2.26855230e-006 7.42944297e-006 7.99262350e-006 8.02042725e-006 7.98673164e-006 7.92125772e-006 7.88253047e-006 7.29430410e-006 6.13536847e-006 
7.50000000e-001 6.56250000e+000 0.00000000e+000 3.18512276e-006 9.24168447e-006 9.72081770e-006 9.71047068e-006 9.56028672e-006 9.44325924e-006 9.38025837e-006 8.58684419e-006 7.16108524e-006 
7.50000000e-001 1.09375000e+001 0.00000000e+000 5.90595618e-006 1.39812598e-005 1.38938941e-005 1.36907531e-005 1.30918229e-005 1.28180552e-005 1.26856287e-005 1.13739133e-005 9.34144556e-006 
7.50000000e-001 1.53125000e+001 0.00000000e+000 1.21786854e-005 2.26608023e-005 2.08681290e-005 2.01887166e-005 1.85959360e-005 1.80113148e-005 1.77456685e-005 1.55174157e-005 1.24949094e-005 
7.50000000e-001 1.96875000e+001 0.00000000e+000 2.69356122e-005 3.79089626e-005 3.18207234e-005 3.01103574e-005 2.65320999e-005 2.53762087e-005 2.48721873e-005 2.11196843e-005 1.65827873e-005 
7.50000000e-001 2.40625000e+001 0.00000000e+000 6.33302386e-005 6.46693746e-005 4.86610834e-005 4.48662771e-005 3.75529059e-005 3.53988492e-005 3.44881090e-005 2.82982574e-005 2.15319575e-005 
7.50000000e-001 2.84375000e+001 0.00000000e+000 1.91148454e-004 1.26803383e-004 8.21053337e-005 7.30386703e-005 5.69281406e-005 5.25852693e-005 5.08028686e-005 3.96974111e-005 2.88084953e-005 
7.50000000e-001 3.28125000e+001 0.00000000e+000 3.90243054e-004 1.94093212e-004 1.14934285e-004 1.00146730e-004 7.49314377e-005 6.84131736e-005 6.57739218e-005 4.99404997e-005 3.51845436e-005 
1.00000000e+000 2.18750000e+000 0.00000000e+000 6.92139403e-007 3.74541548e-006 4.76810245e-006 4.97913977e-006 5.36643698e-006 5.44366664e-006 5.46795208e-006 5.34260885e-006 4.73779573e-006 
1.00000000e+000 6.56250000e+000 0.00000000e+000 1.08596204e-006 4.87548127e-006 5.96793829e-006 6.18249539e-006 6.54701854e-006 6.60339625e-006 6.61661955e-006 6.37230052e-006 5.58506639e-006 
1.00000000e+000 1.09375000e+001 0.00000000e+000 2.39193357e-006 7.99392100e-006 8.99870553e-006 9.14199936e-006 9.30078975e-006 9.27136456e-006 9.24468485e-006 8.66257171e-006 7.43255493e-006 
1.00000000e+000 1.53125000e+001 0.00000000e+000 5.97130246e-006 1.43368922e-005 1.45120866e-005 1.43748935e-005 1.38997471e-005 1.36561922e-005 1.35355283e-005 1.22635101e-005 1.02340408e-005 
1.00000000e+000 1.96875000e+001 0.00000000e+000 1.63019406e-005 2.70619586e-005 2.41731744e-005 2.32386040e-005 2.11663282e-005 2.04454011e-005 2.01231087e-005 1.75208724e-005 1.41174417e-005 
1.00000000e+000 2.40625000e+001 0.00000000e+000 4.84454797e-005 5.31947324e-005 4.11509388e-005 3.82186463e-005 3.24960993e-005 3.07815280e-005 3.00520146e-005 2.49774840e-005 1.92734351e-005 
1.00000000e+000 2.84375000e+001 0.00000000e+000 1.99888605e-004 1.26536337e-004 8.07254903e-005 7.15706516e-005 5.54398635e-005 5.11296321e-005 4.93657307e-005 3.84529184e-005 2.78499131e-005 
1.00000000e+000 3.28125000e+001 0.00000000e+000 5.24270699e-004 2.18996176e-004 1.23802617e-004 1.06773978e-004 7.83521563e-005 7.11599122e-005 6.82675991e-005 5.12157218e-005 3.57015027e-005 
1.25000000e+000 2.18750000e+000 0.00000000e+000 2.13277264e-007 1.89466542e-006 2.84999121e-006 3.09618003e-006 3.60992373e-006 3.74480293e-006 3.79666220e-006 3.91584416e-006 3.66032982e-006 
1.25000000e+000 6.56250000e+000 0.00000000e+000 3.79851309e-007 2.60064127e-006 3.68854956e-006 3.95912234e-006 4.50203672e-006 4.63468243e-006 4.68371198e-006 4.74120688e-006 4.36382988e-006 
1.25000000e+000 1.09375000e+001 0.00000000e+000 1.00390635e-006 4.66132942e-006 5.90467331e-006 6.17509770e-006 6.66422128e-006 6.75816846e-006 6.78727037e-006 6.63473422e-006 5.93755967e-006 
1.25000000e+000 1.53125000e+001 0.00000000e+000 3.03712421e-006 9.29384723e-006 1.02718487e-005 1.03997203e-005 1.05193421e-005 1.04729565e-005 1.04383607e-005 9.77556482e-006 8.43555882e-006 
1.25000000e+000 1.96875000e+001 0.00000000e+000 1.01948330e-005 1.98074328e-005 1.87322636e-005 1.82677456e-005 1.71421275e-005 1.67059199e-005 1.65042580e-005 1.46969606e-005 1.21208650e-005 
1.25000000e+000 2.40625000e+001 0.00000000e+000 3.80015762e-005 4.47168204e-005 3.54711782e-005 3.31530765e-005 2.85694716e-005 2.71726695e-005 2.65747616e-005 2.23240776e-005 1.74263292e-005 
1.25000000e+000 2.84375000e+001 0.00000000e+000 2.12811069e-004 1.28051543e-004 8.04782892e-005 7.11020794e-005 5.47020798e-005 5.03543538e-005 4.85798502e-005 3.76805144e-005 2.71945339e-005 
1.25000000e+000 3.28125000e+001 0.00000000e+000 7.41769249e-004 2.51903956e-004 1.35266161e-004 1.15367038e-004 8.28920008e-005 7.48523327e-005 7.16416048e-005 5.30423922e-005 3.65343564e-005 
1.50000000e+000 2.18750000e+000 0.00000000e+000 6.63324916e-008 9.61685752e-007 1.70678202e-006 1.92845578e-006 2.43110420e-006 2.57872678e-006 2.63873883e-006 2.87209905e-006 2.82925487e-006 
1.50000000e+000 6.56250000e+000 0.00000000e+000 1.35721339e-007 1.40133005e-006 2.29423946e-006 2.54932509e-006 3.10815222e-006 3.26457346e-006 3.32680932e-006 3.53657826e-006 3.41572056e-006 
1.50000000e+000 1.09375000e+001 0.00000000e+000 4.32609989e-007 2.76329321e-006 3.91942480e-006 4.21422894e-006 4.81265152e-006 4.96160749e-006 5.01746109e-006 5.10851971e-006 4.76149405e-006 
1.50000000e+000 1.53125000e+001 0.00000000e+000 1.58511926e-006 6.13932704e-006 7.37721393e-006 7.62495372e-006 8.04711302e-006 8.11224899e-006 8.12792834e-006 7.85274077e-006 6.99374801e-006 
1.50000000e+000 1.96875000e+001 0.00000000e+000 6.52117296e-006 1.47617376e-005 1.47387205e-005 1.45674021e-005 1.40536583e-005 1.38087325e-005 1.36891858e-005 1.24446403e-005 1.04842623e-005 
1.50000000e+000 2.40625000e+001 0.00000000e+000 3.03266982e-005 3.81437758e-005 3.09898923e-005 2.91362178e-005 2.54169086e-005 2.42625502e-005 2.37652812e-005 2.01514232e-005 1.58876659e-005 
1.50000000e+000 2.84375000e+001 0.00000000e+000 2.30108493e-004 1.30766775e-004 8.09429771e-005 7.12622683e-005 5.44472566e-005 5.00219002e-005 4.82201171e-005 3.72289311e-005 2.67552171e-005 
1.50000000e+000 3.28125000e+001 0.00000000e+000 1.10570227e-003 2.94790797e-004 1.49469454e-004 1.25941843e-004 8.84601620e-005 7.93925199e-005 7.57971252e-005 5.53355280e-005 3.76272253e-005 
1.75000000e+000 2.18750000e+000 0.00000000e+000 2.08068269e-008 4.89747906e-007 1.02409930e-006 1.20309518e-006 1.63908212e-006 1.77753893e-006 1.83572119e-006 2.10802028e-006 2.18792079e-006 
1.75000000e+000 6.56250000e+000 0.00000000e+000 4.93564000e-008 7.62071958e-007 1.43551221e-006 1.65011550e-006 2.15403620e-006 2.30743197e-006 2.37080701e-006 2.64453000e-006 2.67827768e-006 
1.75000000e+000 1.09375000e+001 0.00000000e+000 1.90192971e-007 1.66085030e-006 2.62815410e-006 2.90248622e-006 3.50045133e-006 3.66664487e-006 3.73268666e-006 3.95288115e-006 3.83231037e-006 
1.75000000e+000 1.53125000e+001 0.00000000e+000 8.43362748e-007 4.11584351e-006 5.36222266e-006 5.65323349e-006 6.21319304e-006 6.33840921e-006 6.38241945e-006 6.35178050e-006 5.82933275e-006 
1.75000000e+000 1.96875000e+001 0.00000000e+000 4.24206027e-006 1.11509189e-005 1.17344087e-005 1.17482338e-005 1.16364778e-005 1.15224863e-005 1.14599097e-005 1.06217787e-005 9.12767493e-006 
1.75000000e+000 2.40625000e+001 0.00000000e+000 2.45184134e-005 3.28806663e-005 2.73421542e-005 2.58532388e-005 2.28165472e-005 2.18547090e-005 2.14374973e-005 1.83341640e-005 1.45843644e-005 
1.75000000e+000 2.84375000e+001 0.00000000e+000 2.52570452e-004 1.34452114e-004 8.19102402e-005 7.18583893e-005 5.45232187e-005 4.99935637e-005 4.81536158e-005 3.70027052e-005 2.64730411e-005 
1.75000000e+000 3.28125000e+001 0.00000000e+000 1.73533667e-003 3.50795461e-004 1.66830685e-004 1.38714537e-004 9.50737918e-005 8.47719749e-005 8.07177633e-005 5.80575522e-005 3.89475755e-005 
2.00000000e+000 2.18750000e+000 0.00000000e+000 6.57697499e-009 2.50214137e-007 6.15638718e-007 7.51779913e-007 1.10633557e-006 1.22650243e-006 1.27829534e-006 1.54828434e-006 1.69277190e-006 
2.00000000e+000 6.56250000e+000 0.00000000e+000 1.82147262e-008 4.17888041e-007 9.03211941e-007 1.07333094e-006 1.49825961e-006 1.63631195e-006 1.69487893e-006 1.98221871e-006 2.10363355e-006 
2.00000000e+000 1.09375000e+001 0.00000000e+000 8.49358823e-008 1.00979946e-006 1.77798801e-006 2.01531361e-006 2.56259004e-006 2.72596803e-006 2.79303566e-006 3.07278588e-006 3.09510720e-006 
2.00000000e+000 1.53125000e+001 0.00000000e+000 4.55514297e-007 2.79194746e-006 3.93644114e-006 4.23067783e-006 4.83558518e-006 4.98983537e-006 5.04864349e-006 5.16933931e-006 4.88240947e-006 
2.00000000e+000 1.96875000e+001 0.00000000e+000 2.79629489e-006 8.51197627e-006 9.43014821e-006 9.56016305e-006 9.71343301e-006 9.69000792e-006 9.66743140e-006 9.12734630e-006 7.99168593e-006 
2.00000000e+000 2.40625000e+001 0.00000000e+000 2.00304398e-005 2.85714632e-005 2.43041454e-005 2.31084808e-005 2.06252365e-005 1.98206372e-005 1.94689487e-005 1.67863913e-005 1.34638862e-005 
2.00000000e+000 2.84375000e+001 0.00000000e+000 2.81452871e-004 1.39034367e-004 8.32743744e-005 7.27880097e-005 5.48415821e-005 5.01867585e-005 4.83003839e-005 3.69407328e-005 2.63077784e-005 
2.00000000e+000 3.28125000e+001 0.00000000e+000 2.86084252e-003 4.24480840e-004 1.87995578e-004 1.54052997e-004 1.02822203e-004 9.10409622e-005 8.64410439e-005 6.12019377e-005 4.04787427e-005 
2.25000000e+000 2.18750000e+000 0.00000000e+000 2.09331853e-009 1.28233920e-007 3.70780708e-007 4.70515064e-007 7.47581850e-007 8.47131326e-007 8.90979423e-007 1.13795800e-006 1.31030437e-006 
2.25000000e+000 6.56250000e+000 0.00000000e+000 6.80560114e-009 2.30871542e-007 5.71238823e-007 7.01373728e-007 1.04575043e-006 1.16405763e-006 1.21533699e-006 1.48921626e-006 1.65503507e-006 
2.25000000e+000 1.09375000e+001 0.00000000e+000 3.84118776e-008 6.19920315e-007 1.21217847e-006 1.40936009e-006 1.88702542e-006 2.03771182e-006 2.10100965e-006 2.39886900e-006 2.50786233e-006 
2.25000000e+000 1.53125000e+001 0.00000000e+000 2.49057071e-007 1.91209014e-006 2.91373569e-006 3.19103445e-006 3.78930924e-006 3.95389170e-006 4.01914579e-006 4.23001227e-006 4.10735990e-006 
2.25000000e+000 1.96875000e+001 0.00000000e+000 1.86339778e-006 6.55230675e-006 7.63567804e-006 7.83650759e-006 8.16255375e-006 8.20186082e-006 8.20749027e-006 7.88829979e-006 7.03163680e-006 
2.25000000e+000 2.40625000e+001 0.00000000e+000 1.65072231e-005 2.49860063e-005 2.17305420e-005 2.07740894e-005 1.87472448e-005 1.80735623e-005 1.77765778e-005 1.54479748e-005 1.24879414e-005 
2.25000000e+000 2.84375000e+001 0.00000000e+000 3.18526065e-004 1.44520932e-004 8.49834692e-005 7.39967817e-005 5.53502131e-005 5.05515199e-005 4.86115426e-005 3.70033692e-005 2.62316952e-005 
2.25000000e+000 3.28125000e+001 0.00000000e+000 4.93458613e-003 5.22370645e-004 2.13848041e-004 1.72469260e-004 1.11851261e-004 9.82938449e-005 9.30443370e-005 6.47838785e-005 4.22151888e-005 
2.50000000e+000 2.18750000e+000 0.00000000e+000 6.70356044e-010 6.59158748e-008 2.23717593e-007 2.94942901e-007 5.05722329e-007 5.85683489e-007 6.21603413e-007 8.36951134e-007 1.01473430e-006 
2.50000000e+000 6.56250000e+000 0.00000000e+000 2.56959759e-009 1.28409362e-007 3.63016514e-007 4.60288479e-007 7.32316022e-007 8.30594898e-007 8.73997891e-007 1.12132392e-006 1.30420984e-006 
2.50000000e+000 1.09375000e+001 0.00000000e+000 1.75538690e-008 3.83691845e-007 8.32026896e-007 9.91837995e-007 1.39691055e-006 1.53078752e-006 1.58806747e-006 1.88017171e-006 2.03826725e-006 
2.50000000e+000 1.53125000e+001 0.00000000e+000 1.37573562e-007 1.31993207e-006 2.17177383e-006 2.42292746e-006 2.98703207e-006 3.15082049e-006 3.21740270e-006 3.47815452e-006 3.46917141e-006 
2.50000000e+000 1.96875000e+001 0.00000000e+000 1.25315896e-006 5.07882732e-006 6.22115294e-006 6.46237237e-006 6.89763155e-006 6.98000521e-006 7.00544214e-006 6.85092161e-006 6.21356810e-006 
2.50000000e+000 2.40625000e+001 0.00000000e+000 1.37058371e-005 2.19662416e-005 1.95220346e-005 1.87625356e-005 1.71162539e-005 1.65530035e-005 1.63023204e-005 1.42759008e-005 1.16282202e-005 
2.50000000e+000 2.84375000e+001 0.00000000e+000 3.66214329e-004 1.50968646e-004 8.70155326e-005 7.54573337e-005 5.60182245e-005 5.10573472e-005 4.90569085e-005 3.71645837e-005 2.62254885e-005 
2.50000000e+000 3.28125000e+001 0.00000000e+000 8.85987078e-003 6.53798628e-004 2.45556204e-004 1.94635452e-004 1.22358945e-004 1.06663364e-004 1.00638905e-004 6.88351537e-005 4.41595148e-005 
0.00000000e+000 2.18750000e+000 1.00000000e+001 9.85148059e-005 6.87409098e-005 4.39698267e-005 3.89368621e-005 3.01239695e-005 2.77836131e-005 2.68253776e-005 2.08481242e-005 1.48848878e-005 
0.00000000e+000 6.56250000e+000 1.00000000e+001 1.05998619e-004 7.35908908e-005 4.72803450e-005 4.19301821e-005 3.24938819e-005 2.99678753e-005 2.89315727e-005 2.24590701e-005 1.60182931e-005 
0.00000000e+000 1.09375000e+001 1.00000000e+001 1.22561301e-004 8.43765057e-005 5.42141468e-005 4.80755852e-005 3.71994179e-005 3.42761990e-005 3.30763657e-005 2.56036518e-005 1.82330583e-005 
0.00000000e+000 1.53125000e+001 1.00000000e+001 1.43756779e-004 9.83004741e-005 6.30334521e-005 5.58505180e-005 4.30998408e-005 3.96703795e-005 3.82634217e-005 2.95358786e-005 2.10069732e-005 
0.00000000e+000 1.96875000e+001 1.00000000e+001 1.64301016e-004 1.11724348e-004 7.14977149e-005 6.33046970e-005 4.87522154e-005 4.48392473e-005 4.32347687e-005 3.33107631e-005 2.36712614e-005 
0.00000000e+000 2.40625000e+001 1.00000000e+001 1.81460043e-004 1.23028785e-004 7.86261513e-005 6.95873165e-005 5.35355614e-005 4.92220387e-005 4.74539668e-005 3.65336148e-005 2.59539315e-005 
0.00000000e+000 2.84375000e+001 1.00000000e+001 1.94833891e-004 1.31970198e-004 8.42699665e-005 7.45642443e-005 5.73401335e-005 5.27157792e-005 5.08208905e-005 3.91236227e-005 2.77960303e-005 
0.00000000e+000 3.28125000e+001 1.00000000e+001 2.07879299e-004 1.40742183e-004 8.97385978e-005 7.93662588e-005 6.09810104e-005 5.60532216e-005 5.40351574e-005 4.15899174e-005 2.95458759e-005 
2.50000000e-001 2.18750000e+000 1.00000000e+001 2.86003193e-005 3.39441879e-005 2.58769194e-005 2.38815676e-005 2.00516759e-005 1.89286075e-005 1.84528579e-005 1.51668487e-005 1.14332169e-005 
2.50000000e-001 6.56250000e+000 1.00000000e+001 3.20477655e-005 3.70479701e-005 2.82042044e-005 2.60346368e-005 2.18431238e-005 2.06050862e-005 2.00798830e-005 1.64599830e-005 1.23775862e-005 
2.50000000e-001 1.09375000e+001 1.00000000e+001 4.01657797e-005 4.41726637e-005 3.32449783e-005 3.06071158e-005 2.55162234e-005 2.40160506e-005 2.33808795e-005 1.90525054e-005 1.42639655e-005 
2.50000000e-001 1.53125000e+001 1.00000000e+001 5.28801724e-005 5.45129693e-005 4.02712783e-005 3.69090475e-005 3.04716473e-005 2.85936657e-005 2.78018571e-005 2.24887635e-005 1.67433807e-005 
2.50000000e-001 1.96875000e+001 1.00000000e+001 7.04667586e-005 6.69779197e-005 4.82990527e-005 4.40161757e-005 3.59217306e-005 3.35941226e-005 3.26178202e-005 2.61726018e-005 1.93554390e-005 
2.50000000e-001 2.40625000e+001 1.00000000e+001 9.53446419e-005 8.19609446e-005 5.73101132e-005 5.18604982e-005 4.17417736e-005 3.88854025e-005 3.76946962e-005 2.99707101e-005 2.19816667e-005 
2.50000000e-001 2.84375000e+001 1.00000000e+001 1.45076625e-004 1.06281662e-004 7.05758204e-005 6.31059889e-005 4.96254788e-005 4.59314503e-005 4.44064964e-005 3.47738285e-005 2.51398006e-005 
2.50000000e-001 3.28125000e+001 1.00000000e+001 1.97254605e-004 1.30959110e-004 8.38732451e-005 7.43383730e-005 5.74428948e-005 5.29051348e-005 5.10445133e-005 3.95066455e-005 2.82405409e-005 
5.00000000e-001 2.18750000e+000 1.00000000e+001 8.39332373e-006 1.68204952e-005 1.52590244e-005 1.46720888e-005 1.33626405e-005 1.29090934e-005 1.27059256e-005 1.10415686e-005 8.78622694e-006 
5.00000000e-001 6.56250000e+000 1.00000000e+001 1.00937166e-005 1.89106505e-005 1.69573949e-005 1.62735055e-005 1.47519023e-005 1.42262692e-005 1.39913640e-005 1.20978253e-005 9.58320854e-006 
5.00000000e-001 1.09375000e+001 1.00000000e+001 1.44083414e-005 2.38846490e-005 2.07708553e-005 1.97995944e-005 1.76994039e-005 1.69960489e-005 1.66852259e-005 1.42762122e-005 1.12125955e-005 
5.00000000e-001 1.53125000e+001 1.00000000e+001 2.24278315e-005 3.19211348e-005 2.65702369e-005 2.50753795e-005 2.19696234e-005 2.09741428e-005 2.05407476e-005 1.73343151e-005 1.34596331e-005 
5.00000000e-001 1.96875000e+001 1.00000000e+001 3.66102264e-005 4.34610935e-005 3.42349999e-005 3.19041521e-005 2.72687896e-005 2.58517117e-005 2.52444176e-005 2.09562980e-005 1.60377867e-005 
5.00000000e-001 2.40625000e+001 1.00000000e+001 6.31112157e-005 6.06115088e-005 4.46030072e-005 4.09212451e-005 3.39271337e-005 3.18919245e-005 3.10338691e-005 2.52533222e-005 1.89737433e-005 
5.00000000e-001 2.84375000e+001 1.00000000e+001 1.37219025e-004 9.68667349e-005 6.41504190e-005 5.74102320e-005 4.53265333e-005 4.20260743e-005 4.06638887e-005 3.20281298e-005 2.33286874e-005 
5.00000000e-001 3.28125000e+001 1.00000000e+001 2.30186069e-004 1.35705386e-004 8.42945213e-005 7.42631967e-005 5.68081815e-005 5.21973264e-005 5.03159988e-005 3.87732621e-005 2.76426075e-005 
7.50000000e-001 2.18750000e+000 1.00000000e+001 2.48973205e-006 8.36435353e-006 9.01563724e-006 9.02916597e-006 8.91531541e-006 8.81291747e-006 8.75736876e-006 8.04401993e-006 6.75534344e-006 
7.50000000e-001 6.56250000e+000 1.00000000e+001 3.29669105e-006 9.78037674e-006 1.02732018e-005 1.02383881e-005 1.00082056e-005 9.86208098e-006 9.78666117e-006 8.91672969e-006 7.43413396e-006 
7.50000000e-001 1.09375000e+001 1.00000000e+001 5.53751207e-006 1.32885808e-005 1.32022962e-005 1.29995630e-005 1.24076229e-005 1.21424136e-005 1.20149685e-005 1.07686365e-005 8.85501558e-006 
7.50000000e-001 1.53125000e+001 1.00000000e+001 1.04196221e-005 1.95257847e-005 1.80218757e-005 1.74516076e-005 1.61206845e-005 1.56308406e-005 1.54077435e-005 1.35134678e-005 1.09070533e-005 
7.50000000e-001 1.96875000e+001 1.00000000e+001 2.10413691e-005 2.98369649e-005 2.52025314e-005 2.39125688e-005 2.12258533e-005 2.03521006e-005 1.99693036e-005 1.70608625e-005 1.34489061e-005 
7.50000000e-001 2.40625000e+001 1.00000000e+001 4.59987949e-005 4.77766568e-005 3.63470907e-005 3.36536593e-005 2.84735408e-005 2.69363980e-005 2.62832794e-005 2.17522912e-005 1.66453815e-005 
7.50000000e-001 2.84375000e+001 1.00000000e+001 1.39076292e-004 9.36217001e-005 6.11332380e-005 5.45635531e-005 4.29091010e-005 3.97571600e-005 3.84600634e-005 3.02806433e-005 2.20856620e-005 
7.50000000e-001 3.28125000e+001 1.00000000e+001 2.90666252e-004 1.47813429e-004 8.81352578e-005 7.69585511e-005 5.79106049e-005 5.29816897e-005 5.09837330e-005 3.89228399e-005 2.75369988e-005 
1.00000000e+000 2.18750000e+000 1.00000000e+001 7.46333522e-007 4.17388664e-006 5.33727989e-006 5.56581508e-006 5.95502273e-006 6.02268475e-006 6.04178471e-006 5.86438193e-006 5.19640994e-006 
1.00000000e+000 6.56250000e+000 1.00000000e+001 1.11062126e-006 5.12087108e-006 6.26926250e-006 6.48185208e-006 6.81999498e-006 6.86375650e-006 6.87136844e-006 6.59022695e-006 5.77805379e-006 
1.00000000e+000 1.09375000e+001 1.00000000e+001 2.23670081e-006 7.57607794e-006 8.52268426e-006 8.65112275e-006 8.78398182e-006 8.75210106e-006 8.72554593e-006 8.17435136e-006 7.02445483e-006 
1.00000000e+000 1.53125000e+001 1.00000000e+001 5.12088543e-006 1.23521296e-005 1.25089889e-005 1.23972009e-005 1.20132677e-005 1.18139368e-005 1.17146489e-005 1.06441257e-005 8.90474740e-006 
1.00000000e+000 1.96875000e+001 1.00000000e+001 1.27688965e-005 2.12905940e-005 1.90953292e-005 1.83972149e-005 1.68651778e-005 1.63286918e-005 1.60875400e-005 1.40903067e-005 1.13988381e-005 
1.00000000e+000 2.40625000e+001 1.00000000e+001 3.50825471e-005 3.91218723e-005 3.05577118e-005 2.84908999e-005 2.44764629e-005 2.32664376e-005 2.27491370e-005 1.90714020e-005 1.48032170e-005 
1.00000000e+000 2.84375000e+001 1.00000000e+001 1.45099639e-004 9.30880218e-005 5.98331701e-005 5.32109625e-005 4.15681611e-005 3.84496815e-005 3.71704872e-005 2.91677438e-005 2.12298645e-005 
1.00000000e+000 3.28125000e+001 1.00000000e+001 3.90138015e-004 1.65674563e-004 9.43153082e-005 8.15236299e-005 6.01821464e-005 5.47755514e-005 5.25988431e-005 3.96871076e-005 2.77875309e-005 
1.25000000e+000 2.18750000e+000 1.00000000e+001 2.25991394e-007 2.09003516e-006 3.16588381e-006 3.43663708e-006 3.98227880e-006 4.12008749e-006 4.17234879e-006 4.27836503e-006 3.99917315e-006 
1.25000000e+000 6.56250000e+000 1.00000000e+001 3.83925618e-007 2.71178441e-006 3.85240734e-006 4.12822591e-006 4.66731934e-006 4.79533141e-006 4.84214928e-006 4.88387028e-006 4.49935262e-006 
1.25000000e+000 1.09375000e+001 1.00000000e+001 9.35944263e-007 4.40844707e-006 5.57793145e-006 5.82762158e-006 6.27522056e-006 6.36046285e-006 6.38678867e-006 6.24217357e-006 5.59617751e-006 
1.25000000e+000 1.53125000e+001 1.00000000e+001 2.60901523e-006 8.01540808e-006 8.84804013e-006 8.95860281e-006 9.07317219e-006 9.03983988e-006 9.01320767e-006 8.46239595e-006 7.32020318e-006 
1.25000000e+000 1.96875000e+001 1.00000000e+001 8.00591691e-006 1.56001109e-005 1.47840270e-005 1.44408706e-005 1.36243732e-005 1.33051546e-005 1.31565303e-005 1.17800869e-005 9.75240945e-006 
1.25000000e+000 2.40625000e+001 1.00000000e+001 2.74652013e-005 3.27992296e-005 2.62397263e-005 2.46123922e-005 2.14166776e-005 2.04381769e-005 2.00174001e-005 1.69573446e-005 1.33146487e-005 
1.25000000e+000 2.84375000e+001 1.00000000e+001 1.54282125e-004 9.39943496e-005 5.94800208e-005 5.27014281e-005 4.08720612e-005 3.77298799e-005 3.64446755e-005 2.84684554e-005 2.06422411e-005 
1.25000000e+000 3.28125000e+001 1.00000000e+001 5.56426893e-004 1.89753406e-004 1.02538595e-004 8.76495175e-005 6.33637634e-005 5.73448394e-005 5.49383715e-005 4.09149083e-005 2.83086760e-005 
1.50000000e+000 2.18750000e+000 1.00000000e+001 6.90801789e-008 1.05015676e-006 1.88155805e-006 2.12549365e-006 2.66612423e-006 2.82142055e-006 2.88415773e-006 3.12348594e-006 3.07926935e-006 
1.50000000e+000 6.56250000e+000 1.00000000e+001 1.35559773e-007 1.45094753e-006 2.38275248e-006 2.64418539e-006 3.20726828e-006 3.36264085e-006 3.42425320e-006 3.62882593e-006 3.51010074e-006 
1.50000000e+000 1.09375000e+001 1.00000000e+001 4.01758500e-007 2.60888864e-006 3.69486277e-006 3.96821089e-006 4.52017627e-006 4.65740844e-006 4.70894998e-006 4.79342041e-006 4.47647331e-006 
1.50000000e+000 1.53125000e+001 1.00000000e+001 1.36239995e-006 5.30234475e-006 6.35511095e-006 6.56586149e-006 6.93181541e-006 6.99143348e-006 7.00681732e-006 6.78398965e-006 6.05562909e-006 
1.50000000e+000 1.96875000e+001 1.00000000e+001 5.13103442e-006 1.16456735e-005 1.16334230e-005 1.15110395e-005 1.11534079e-005 1.09786028e-005 1.08922651e-005 9.95078517e-006 8.41247682e-006 
1.50000000e+000 2.40625000e+001 1.00000000e+001 2.18838663e-005 2.79296961e-005 2.28650978e-005 2.15678650e-005 1.89870228e-005 1.81828101e-005 1.78348084e-005 1.52454268e-005 1.20877513e-005 
1.50000000e+000 2.84375000e+001 1.00000000e+001 1.66741708e-004 9.58435735e-005 5.97084152e-005 5.27111014e-005 4.05838388e-005 3.73864811e-005 3.60820543e-005 2.80466476e-005 2.02437183e-005 
1.50000000e+000 3.28125000e+001 1.00000000e+001 8.44082823e-004 2.21641522e-004 1.12897240e-004 9.53257471e-005 6.73631856e-005 6.05931134e-005 5.79058349e-005 4.25254708e-005 2.90477897e-005 
1.75000000e+000 2.18750000e+000 1.00000000e+001 2.12998464e-008 5.29438699e-007 1.12042330e-006 1.31675031e-006 1.78701468e-006 1.93407450e-006 1.99562752e-006 2.28195437e-006 2.37211437e-006 
1.75000000e+000 6.56250000e+000 1.00000000e+001 4.87055396e-008 7.83605644e-007 1.48276935e-006 1.70272110e-006 2.21263810e-006 2.36637857e-006 2.42978752e-006 2.70316722e-006 2.74329542e-006 
1.75000000e+000 1.09375000e+001 1.00000000e+001 1.75758614e-007 1.56546751e-006 2.47322257e-006 2.72786404e-006 3.28042290e-006 3.43392452e-006 3.49501586e-006 3.70012347e-006 3.59461908e-006 
1.75000000e+000 1.53125000e+001 1.00000000e+001 7.24363140e-007 3.55966665e-006 4.62148522e-006 4.86843252e-006 5.34792243e-006 5.45713789e-006 5.49597716e-006 5.47870822e-006 5.03829723e-006 
1.75000000e+000 1.96875000e+001 1.00000000e+001 3.34192756e-006 8.81289094e-006 9.26800929e-006 9.28529630e-006 9.22817583e-006 9.15160227e-006 9.10817857e-006 8.47872436e-006 7.30848395e-006 
1.75000000e+000 2.40625000e+001 1.00000000e+001 1.76677212e-005 2.40462503e-005 2.01358270e-005 1.90972326e-005 1.69996075e-005 1.63327446e-005 1.60421501e-005 1.38265663e-005 1.10580374e-005 
1.75000000e+000 2.84375000e+001 1.00000000e+001 1.83089462e-004 9.84392023e-005 6.03385612e-005 5.30734465e-005 4.05702217e-005 3.72974587e-005 3.59654692e-005 2.78172358e-005 1.99812722e-005 
1.75000000e+000 3.28125000e+001 1.00000000e+001 1.36063463e-003 2.63944448e-004 1.25722981e-004 1.04718508e-004 7.21852540e-005 6.45048281e-005 6.14794896e-005 4.44815748e-005 2.99738983e-005 
2.00000000e+000 2.18750000e+000 1.00000000e+001 6.61901052e-009 2.67794081e-007 6.68467133e-007 8.17069626e-007 1.19914811e-006 1.32715317e-006 1.38216762e-006 1.66832037e-006 1.82824247e-006 
2.00000000e+000 6.56250000e+000 1.00000000e+001 1.77535263e-008 4.26753119e-007 9.27962269e-007 1.10197898e-006 1.53218731e-006 1.67094835e-006 1.72975262e-006 2.01859238e-006 2.14778127e-006 
2.00000000e+000 1.09375000e+001 1.00000000e+001 7.80225806e-008 9.50122519e-007 1.67051378e-006 1.89087060e-006 2.39677147e-006 2.54770493e-006 2.60974097e-006 2.87000390e-006 2.89699152e-006 
2.00000000e+000 1.53125000e+001 1.00000000e+001 3.90533872e-007 2.41738640e-006 3.39479410e-006 3.64453791e-006 4.16038646e-006 4.29327466e-006 4.34423230e-006 4.45346122e-006 4.21368483e-006 
2.00000000e+000 1.96875000e+001 1.00000000e+001 2.20419718e-006 6.73865955e-006 7.45465501e-006 7.55998878e-006 7.70092528e-006 7.69208083e-006 7.67867277e-006 7.27717408e-006 6.38860599e-006 
2.00000000e+000 2.40625000e+001 1.00000000e+001 1.44144275e-005 2.08747140e-005 1.78728033e-005 1.70420021e-005 1.53352951e-005 1.47801590e-005 1.45363305e-005 1.26270406e-005 1.01796818e-005 
2.00000000e+000 2.84375000e+001 1.00000000e+001 2.04329969e-004 1.01716061e-004 6.12801037e-005 5.37006396e-005 4.07545234e-005 3.73908407e-005 3.60251005e-005 2.77262443e-005 1.98189900e-005 
2.00000000e+000 3.28125000e+001 1.00000000e+001 2.32272287e-003 3.20529695e-004 1.41545409e-004 1.16126275e-004 7.78987106e-005 6.91167993e-005 6.56857669e-005 4.67741747e-005 3.10706180e-005 
2.25000000e+000 2.18750000e+000 1.00000000e+001 2.07129059e-009 1.35882141e-007 3.99576358e-007 5.07830943e-007 8.05585578e-007 9.11610532e-007 9.58210470e-007 1.22055199e-006 1.40974930e-006 
2.25000000e+000 6.56250000e+000 1.00000000e+001 6.54974412e-009 2.34155610e-007 5.83801916e-007 7.16532709e-007 1.06477162e-006 1.18371661e-006 1.23523391e-006 1.51096928e-006 1.68442578e-006 
2.25000000e+000 1.09375000e+001 1.00000000e+001 3.50427881e-008 5.82108977e-007 1.13715215e-006 1.32024012e-006 1.76173900e-006 1.90088551e-006 1.95939309e-006 2.23605686e-006 2.34274038e-006 
2.25000000e+000 1.53125000e+001 1.00000000e+001 2.12933980e-007 1.65680882e-006 2.51436951e-006 2.75002787e-006 3.25949668e-006 3.40054277e-006 3.45667200e-006 3.64087646e-006 3.54058019e-006 
2.25000000e+000 1.96875000e+001 1.00000000e+001 1.46876890e-006 5.19497246e-006 6.04187395e-006 6.20117863e-006 6.47133843e-006 6.50934034e-006 6.51705795e-006 6.28422060e-006 5.61432591e-006 
2.25000000e+000 2.40625000e+001 1.00000000e+001 1.18635319e-005 1.82402815e-005 1.59616820e-005 1.53003518e-005 1.39156833e-005 1.34533715e-005 1.32484866e-005 1.15959410e-005 9.41966891e-006 
2.25000000e+000 2.84375000e+001 1.00000000e+001 2.31913053e-004 1.05675669e-004 6.24884321e-005 5.45461250e-005 4.10918070e-005 3.76234000e-005 3.62185882e-005 2.77389298e-005 1.97322973e-005 
2.25000000e+000 3.28125000e+001 1.00000000e+001 4.17607227e-003 3.97041600e-004 1.61102719e-004 1.29973318e-004 8.46218862e-005 7.45046876e-005 7.05862760e-005 4.94136986e-005 3.23316908e-005 
2.50000000e+000 2.18750000e+000 1.00000000e+001 6.52205766e-010 6.91581678e-008 2.39290952e-007 3.16135867e-007 5.41802401e-007 6.26809119e-007 6.64932695e-007 8.93586191e-007 1.08757576e-006 
2.50000000e+000 6.56250000e+000 1.00000000e+001 2.44114335e-009 1.29340255e-007 3.69064345e-007 4.67939054e-007 7.42438108e-007 8.41139639e-007 8.84705924e-007 1.13358729e-006 1.32323506e-006 
2.50000000e+000 1.09375000e+001 1.00000000e+001 1.58912835e-008 3.59450563e-007 7.79300051e-007 9.27669448e-007 1.30195480e-006 1.42549845e-006 1.47839701e-006 1.74929185e-006 1.90059766e-006 
2.50000000e+000 1.53125000e+001 1.00000000e+001 1.17193071e-007 1.14408871e-006 1.87505824e-006 2.08883929e-006 2.56911012e-006 2.70912216e-006 2.76618719e-006 2.99159787e-006 2.98757204e-006 
2.50000000e+000 1.96875000e+001 1.00000000e+001 9.87178801e-007 4.03173093e-006 4.92717320e-006 5.11745852e-006 5.46933610e-006 5.53946877e-006 5.56200591e-006 5.45485933e-006 4.95666690e-006 
2.50000000e+000 2.40625000e+001 1.00000000e+001 9.83762455e-006 1.60240918e-005 1.43253818e-005 1.38035576e-005 1.26872337e-005 1.23031207e-005 1.21311472e-005 1.06973153e-005 8.75386205e-006 
2.50000000e+000 2.84375000e+001 1.00000000e+001 2.67866172e-004 1.10360323e-004 6.39440610e-005 5.55862058e-005 4.15555240e-005 3.79688649e-005 3.65199035e-005 2.78326315e-005 1.97042076e-005 
2.50000000e+000 3.28125000e+001 1.00000000e+001 7.85452676e-003 5.01731212e-004 1.85385596e-004 1.46825050e-004 9.25187661e-005 8.07778207e-005 7.62723879e-005 5.24252972e-005 3.37581920e-005 
0.00000000e+000 2.18750000e+000 2.00000000e+001 1.19385669e-004 8.23423602e-005 5.20846480e-005 4.58704211e-005 3.48950054e-005 3.19878792e-005 3.08036679e-005 2.35938955e-005 1.67206199e-005 
0.00000000e+000 6.56250000e+000 2.00000000e+001 1.21601713e-004 8.37495161e-005 5.30133086e-005 4.67125693e-005 3.55828830e-005 3.26302993e-005 3.14266366e-005 2.40848844e-005 1.70705676e-005 
0.00000000e+000 1.09375000e+001 2.00000000e+001 1.26879159e-004 8.71020232e-005 5.51875619e-005 4.86611135e-005 3.71287033e-005 3.40625697e-005 3.28112966e-005 2.51610780e-005 1.78335845e-005 
0.00000000e+000 1.53125000e+001 2.00000000e+001 1.35420388e-004 9.25328801e-005 5.86372956e-005 5.17202842e-005 3.94944687e-005 3.62390747e-005 3.49096477e-005 2.67713417e-005 1.89699081e-005 
0.00000000e+000 1.96875000e+001 2.00000000e+001 1.46367987e-004 9.95093826e-005 6.29973948e-005 5.55573464e-005 4.24072617e-005 3.89047997e-005 3.74743813e-005 2.87212938e-005 2.03420659e-005 
0.00000000e+000 2.40625000e+001 2.00000000e+001 1.62199617e-004 1.09795210e-004 6.94112221e-005 6.11850803e-005 4.66413791e-005 4.27688134e-005 4.11878121e-005 3.15304544e-005 2.23185768e-005 
0.00000000e+000 2.84375000e+001 2.00000000e+001 1.84076075e-004 1.24209912e-004 7.84124405e-005 6.90788641e-005 5.25667012e-005 4.81715395e-005 4.63781197e-005 3.54501117e-005 2.50770549e-005 
0.00000000e+000 3.28125000e+001 2.00000000e+001 2.12320198e-004 1.42870175e-004 9.00537364e-005 7.92839717e-005 6.02213701e-005 5.51497446e-005 5.30814292e-005 4.05099591e-005 2.86363618e-005 
2.50000000e-001 2.18750000e+000 2.00000000e+001 3.28463992e-005 3.94338961e-005 2.99552891e-005 2.75434116e-005 2.28203236e-005 2.14324446e-005 2.08476750e-005 1.69284686e-005 1.26966512e-005 
2.50000000e-001 6.56250000e+000 2.00000000e+001 3.49949702e-005 4.09751513e-005 3.09491744e-005 2.84315814e-005 2.35234173e-005 2.20843222e-005 2.14781638e-005 1.74204775e-005 1.30468019e-005 
2.50000000e-001 1.09375000e+001 2.00000000e+001 4.00494276e-005 4.45659829e-005 3.32452308e-005 3.04703450e-005 2.51084976e-005 2.35458481e-005 2.28885969e-005 1.85089754e-005 1.38170880e-005 
2.50000000e-001 1.53125000e+001 2.00000000e+001 4.88245489e-005 5.05795297e-005 3.70079248e-005 3.37819642e-005 2.76267958e-005 2.58522740e-005 2.51082895e-005 2.01975312e-005 1.50009491e-005 
2.50000000e-001 1.96875000e+001 2.00000000e+001 6.29186084e-005 5.95183028e-005 4.23907020e-005 3.84618691e-005 3.10861815e-005 2.89934737e-005 2.81206177e-005 2.24443133e-005 1.65513111e-005 
2.50000000e-001 2.40625000e+001 2.00000000e+001 8.77855591e-005 7.42187474e-005 5.10238657e-005 4.59132824e-005 3.65017130e-005 3.38850029e-005 3.28011183e-005 2.58924010e-005 1.89080467e-005 
2.50000000e-001 2.84375000e+001 2.00000000e+001 1.44614077e-004 1.03314350e-004 6.71809484e-005 5.96567497e-005 4.61821904e-005 4.25452700e-005 4.10539836e-005 3.18224720e-005 2.28566785e-005 
2.50000000e-001 3.28125000e+001 2.00000000e+001 2.19210793e-004 1.39740075e-004 8.73199846e-005 7.67846623e-005 5.82528340e-005 5.33474488e-005 5.13497327e-005 3.92311228e-005 2.78029672e-005 
5.00000000e-001 2.18750000e+000 2.00000000e+001 9.13787990e-006 1.89531314e-005 1.72631387e-005 1.65673409e-005 1.49417008e-005 1.43754010e-005 1.41238099e-005 1.21549476e-005 9.64593184e-006 
5.00000000e-001 6.56250000e+000 2.00000000e+001 1.05089305e-005 2.03384201e-005 1.82171585e-005 1.74263837e-005 1.56269447e-005 1.50116636e-005 1.47395931e-005 1.26378291e-005 9.99203810e-006 
5.00000000e-001 1.09375000e+001 2.00000000e+001 1.39092992e-005 2.36038110e-005 2.04331122e-005 1.94101968e-005 1.71854903e-005 1.64519112e-005 1.61307454e-005 1.37173575e-005 1.07605548e-005 
5.00000000e-001 1.53125000e+001 2.00000000e+001 2.04631317e-005 2.93297236e-005 2.41951393e-005 2.27452635e-005 1.97462193e-005 1.88016780e-005 1.83937820e-005 1.54450290e-005 1.19745899e-005 
5.00000000e-001 1.96875000e+001 2.00000000e+001 3.29356613e-005 3.87405348e-005 3.00527596e-005 2.78606129e-005 2.35444447e-005 2.22514295e-005 2.17019220e-005 1.79080948e-005 1.36657404e-005 
5.00000000e-001 2.40625000e+001 2.00000000e+001 5.94357070e-005 5.57815170e-005 4.01510373e-005 3.65734091e-005 2.98510877e-005 2.79361021e-005 2.71359393e-005 2.18805033e-005 1.63491227e-005 
5.00000000e-001 2.84375000e+001 2.00000000e+001 1.40864871e-004 9.64849438e-005 6.22716219e-005 5.52567651e-005 4.27893042e-005 3.94446151e-005 3.80753423e-005 2.96085315e-005 2.13829070e-005 
5.00000000e-001 3.28125000e+001 2.00000000e+001 2.74367545e-004 1.51013296e-004 9.06547579e-005 7.90410625e-005 5.90469604e-005 5.38619911e-005 5.17638635e-005 3.92269247e-005 2.76347797e-005 
7.50000000e-001 2.18750000e+000 2.00000000e+001 2.57043444e-006 9.14230696e-006 9.96891615e-006 9.98245968e-006 9.79484945e-006 9.65228291e-006 9.57822389e-006 8.73385148e-006 7.33191332e-006 
7.50000000e-001 6.56250000e+000 2.00000000e+001 3.27625409e-006 1.02339313e-005 1.08082472e-005 1.07537066e-005 1.04306519e-005 1.02474019e-005 1.01560498e-005 9.19516872e-006 7.66807037e-006 
7.50000000e-001 1.09375000e+001 2.00000000e+001 5.18256000e-006 1.28821511e-005 1.27900079e-005 1.25613645e-005 1.18960545e-005 1.16121084e-005 1.14783286e-005 1.02387316e-005 8.42195301e-006 
7.50000000e-001 1.53125000e+001 2.00000000e+001 9.38055259e-006 1.78017183e-005 1.62927126e-005 1.57161691e-005 1.43848601e-005 1.39111800e-005 1.36984164e-005 1.19574822e-005 9.64301442e-006 
7.50000000e-001 1.96875000e+001 2.00000000e+001 1.89363710e-005 2.66893258e-005 2.21629610e-005 2.09040665e-005 1.83161289e-005 1.74992283e-005 1.71457018e-005 1.45481056e-005 1.14314954e-005 
7.50000000e-001 2.40625000e+001 2.00000000e+001 4.37658498e-005 4.45214131e-005 3.30554128e-005 3.03567301e-005 2.52217102e-005 2.37357962e-005 2.31113923e-005 1.89195907e-005 1.43803979e-005 
7.50000000e-001 2.84375000e+001 2.00000000e+001 1.45493089e-004 9.48311310e-005 6.02436757e-005 5.32733118e-005 4.10055593e-005 3.77473712e-005 3.64178919e-005 2.82575240e-005 2.04028603e-005 
7.50000000e-001 3.28125000e+001 2.00000000e+001 3.73668610e-004 1.71018913e-004 9.76328934e-005 8.41848793e-005 6.15835435e-005 5.58593858e-005 5.35604656e-005 4.00808264e-005 2.79382333e-005 
1.00000000e+000 2.18750000e+000 2.00000000e+001 7.30969920e-007 4.42579932e-006 5.76842665e-006 6.02520003e-006 6.42857473e-006 6.48786341e-006 6.50214678e-006 6.28023202e-006 5.57581717e-006 
1.00000000e+000 6.56250000e+000 2.00000000e+001 1.05418195e-006 5.21539463e-006 6.46128909e-006 6.67940026e-006 6.99440486e-006 7.02406408e-006 7.02536553e-006 6.70957841e-006 5.89638802e-006 
1.00000000e+000 1.09375000e+001 2.00000000e+001 2.02763694e-006 7.20978805e-006 8.13695720e-006 8.24556310e-006 8.32085669e-006 8.27347936e-006 8.24149910e-006 7.69380841e-006 6.62307717e-006 
1.00000000e+000 1.53125000e+001 2.00000000e+001 4.52892164e-006 1.11755321e-005 1.12372831e-005 1.10948219e-005 1.06528339e-005 1.04484793e-005 1.03499309e-005 9.36087311e-006 7.82844986e-006 
1.00000000e+000 1.96875000e+001 2.00000000e+001 1.14121949e-005 1.90742233e-005 1.68206470e-005 1.61037823e-005 1.45552862e-005 1.40362183e-005 1.38070061e-005 1.19997583e-005 9.67255979e-006 
1.00000000e+000 2.40625000e+001 2.00000000e+001 3.34744364e-005 3.67547265e-005 2.80170207e-005 2.58980712e-005 2.18161047e-005 2.06183319e-005 2.01126287e-005 1.66553717e-005 1.28276116e-005 
1.00000000e+000 2.84375000e+001 2.00000000e+001 1.54317884e-004 9.54673622e-005 5.96474542e-005 5.25369399e-005 4.01262327e-005 3.68601476e-005 3.55316762e-005 2.74460947e-005 1.97544125e-005 
1.00000000e+000 3.28125000e+001 2.00000000e+001 5.47482641e-004 1.99485657e-004 1.07532883e-004 9.15676486e-005 6.54117613e-005 5.89488429e-005 5.63733734e-005 4.15658956e-005 2.85952258e-005 
1.25000000e+000 2.18750000e+000 2.00000000e+001 2.10064057e-007 2.15021958e-006 3.34462101e-006 3.64295458e-006 4.22425836e-006 4.36550655e-006 4.41841956e-006 4.51921080e-006 4.24245965e-006 
1.25000000e+000 6.56250000e+000 2.00000000e+001 3.48122421e-007 2.68900633e-006 3.89041013e-006 4.17456264e-006 4.71108155e-006 4.83386653e-006 4.87825445e-006 4.90962816e-006 4.54295008e-006 
1.25000000e+000 1.09375000e+001 2.00000000e+001 8.20432520e-007 4.11918459e-006 5.25070006e-006 5.48125826e-006 5.87568169e-006 5.94587829e-006 5.96665742e-006 5.81800089e-006 5.23210169e-006 
1.25000000e+000 1.53125000e+001 2.00000000e+001 2.25712922e-006 7.18990514e-006 7.89933797e-006 7.97002177e-006 7.99983336e-006 7.94958628e-006 7.91801109e-006 7.40084202e-006 6.40238456e-006 
1.25000000e+000 1.96875000e+001 2.00000000e+001 7.06907174e-006 1.39624017e-005 1.30324147e-005 1.26498985e-005 1.17606226e-005 1.14364392e-005 1.12894812e-005 1.00240375e-005 8.26568547e-006 
1.25000000e+000 2.40625000e+001 2.00000000e+001 2.61742805e-005 3.09597517e-005 2.42000296e-005 2.25036807e-005 1.91884813e-005 1.82007468e-005 1.77816737e-005 1.48661232e-005 1.15733949e-005 
1.25000000e+000 2.84375000e+001 2.00000000e+001 1.66900558e-004 9.73927551e-005 5.98482882e-005 5.25055521e-005 3.97842427e-005 3.64631665e-005 3.51160783e-005 2.69820144e-005 1.93327606e-005 
1.25000000e+000 3.28125000e+001 2.00000000e+001 8.63876345e-004 2.38487145e-004 1.20407921e-004 1.01116328e-004 7.03755755e-005 6.29761108e-005 6.00511911e-005 4.35662769e-005 2.95357223e-005 
1.50000000e+000 2.18750000e+000 2.00000000e+001 6.09653126e-008 1.04837331e-006 1.94318590e-006 2.20639394e-006 2.77910255e-006 2.94054946e-006 3.00548931e-006 3.25436572e-006 3.22957088e-006 
1.50000000e+000 6.56250000e+000 2.00000000e+001 1.17418455e-007 1.40112724e-006 2.35825607e-006 2.62440783e-006 3.18670389e-006 3.33939267e-006 3.39978907e-006 3.60234923e-006 3.50690488e-006 
1.50000000e+000 1.09375000e+001 2.00000000e+001 3.39940110e-007 2.39301113e-006 3.42994873e-006 3.68413740e-006 4.18476338e-006 4.30681879e-006 4.35251531e-006 4.42540744e-006 4.15103738e-006 
1.50000000e+000 1.53125000e+001 2.00000000e+001 1.14911707e-006 4.70924854e-006 5.63664732e-006 5.80598799e-006 6.07821141e-006 6.11495809e-006 6.12229499e-006 5.90225460e-006 5.27115543e-006 
1.50000000e+000 1.96875000e+001 2.00000000e+001 4.46027778e-006 1.03881107e-005 1.02493955e-005 1.00810136e-005 9.62606306e-006 9.43410401e-006 9.34350979e-006 8.46160921e-006 7.12363659e-006 
1.50000000e+000 2.40625000e+001 2.00000000e+001 2.07814343e-005 2.64216667e-005 2.11710781e-005 1.98018634e-005 1.70811872e-005 1.62563112e-005 1.59043977e-005 1.34105500e-005 1.05377804e-005 
1.50000000e+000 2.84375000e+001 2.00000000e+001 1.83807395e-004 1.00247849e-004 6.05576692e-005 5.29194287e-005 3.97839022e-005 3.63805361e-005 3.50035588e-005 2.67494397e-005 1.90695467e-005 
1.50000000e+000 3.28125000e+001 2.00000000e+001 1.46915420e-003 2.91906072e-004 1.36752483e-004 1.13077939e-004 7.64843705e-005 6.79215692e-005 6.45656412e-005 4.60333293e-005 3.07208386e-005 
1.75000000e+000 2.18750000e+000 2.00000000e+001 1.78541085e-008 5.12941021e-007 1.13124195e-006 1.33861857e-006 1.83052710e-006 1.98281699e-006 2.04644911e-006 2.34523696e-006 2.45974294e-006 
1.75000000e+000 6.56250000e+000 2.00000000e+001 4.02945945e-008 7.37009642e-007 1.43848191e-006 1.65898640e-006 2.16435614e-006 2.31545810e-006 2.37775564e-006 2.65014627e-006 2.71221838e-006 
1.75000000e+000 1.09375000e+001 2.00000000e+001 1.43329444e-007 1.40902272e-006 2.26413587e-006 2.50008182e-006 3.00341340e-006 3.14179685e-006 3.19687062e-006 3.38444540e-006 3.30668373e-006 
1.75000000e+000 1.53125000e+001 2.00000000e+001 5.94176984e-007 3.12582210e-006 4.06974829e-006 4.27722060e-006 4.66340161e-006 4.74738343e-006 4.77669505e-006 4.74294514e-006 4.36590715e-006 
1.75000000e+000 1.96875000e+001 2.00000000e+001 2.85301865e-006 7.81919279e-006 8.15012363e-006 8.12102177e-006 7.95854340e-006 7.85858959e-006 7.80762028e-006 7.20429723e-006 6.18393596e-006 
1.75000000e+000 2.40625000e+001 2.00000000e+001 1.66948587e-005 2.27583823e-005 1.86887067e-005 1.75812664e-005 1.53395466e-005 1.46463221e-005 1.43487173e-005 1.21967493e-005 9.66557821e-006 
1.75000000e+000 2.84375000e+001 2.00000000e+001 2.06185356e-004 1.03917589e-004 6.16411608e-005 5.36507569e-005 4.00185051e-005 3.65135008e-005 3.50988932e-005 2.66775561e-005 1.89197575e-005 
1.75000000e+000 3.28125000e+001 2.00000000e+001 2.68735302e-003 3.65842472e-004 1.57412733e-004 1.27932022e-004 8.38542674e-005 7.38512217e-005 6.99664778e-005 4.89612914e-005 3.21324109e-005 
2.00000000e+000 2.18750000e+000 2.00000000e+001 5.27150222e-009 2.51826386e-007 6.59877439e-007 8.13524819e-007 1.20715728e-006 1.33843137e-006 1.39483685e-006 1.69131069e-006 1.87435694e-006 
2.00000000e+000 6.56250000e+000 2.00000000e+001 1.40265049e-008 3.90962103e-007 8.82536544e-007 1.05411113e-006 1.47568049e-006 1.61112487e-006 1.66856196e-006 1.95461482e-006 2.10144998e-006 
2.00000000e+000 1.09375000e+001 2.00000000e+001 6.12474623e-008 8.38716038e-007 1.50794586e-006 1.71067308e-006 2.17031585e-006 2.30655670e-006 2.36259589e-006 2.60127891e-006 2.64407986e-006 
2.00000000e+000 1.53125000e+001 2.00000000e+001 3.10971686e-007 2.09604313e-006 2.96600174e-006 3.17952562e-006 3.60702821e-006 3.71439425e-006 3.75532573e-006 3.83653861e-006 3.63556515e-006 
2.00000000e+000 1.96875000e+001 2.00000000e+001 1.84483706e-006 5.93729698e-006 6.53530594e-006 6.59636290e-006 6.63206642e-006 6.59703273e-006 6.57436075e-006 6.17720516e-006 5.40126911e-006 
2.00000000e+000 2.40625000e+001 2.00000000e+001 1.35416230e-005 1.97412999e-005 1.66080883e-005 1.57139466e-005 1.38667739e-005 1.32828159e-005 1.30303539e-005 1.11635743e-005 8.91815532e-006 
2.00000000e+000 2.84375000e+001 2.00000000e+001 2.35779974e-004 1.08396164e-004 6.30371064e-005 5.46362478e-005 4.04287950e-005 3.68056053e-005 3.53469933e-005 2.67224578e-005 1.88534579e-005 
2.00000000e+000 3.28125000e+001 2.00000000e+001 5.25897066e-003 4.69652397e-004 1.83611832e-004 1.46382343e-004 9.26850735e-005 8.08951362e-005 7.63608685e-005 5.23740841e-005 3.37666041e-005 
2.25000000e+000 2.18750000e+000 2.00000000e+001 1.56781734e-009 1.24042186e-007 3.85679906e-007 4.95242925e-007 7.97013113e-007 9.04414246e-007 9.51658822e-007 1.22060703e-006 1.42900051e-006 
2.25000000e+000 6.56250000e+000 2.00000000e+001 4.94114638e-009 2.08957084e-007 5.44348702e-007 6.72982700e-007 1.00981346e-006 1.12478185e-006 1.17464657e-006 1.44516828e-006 1.63111680e-006 
2.25000000e+000 1.09375000e+001 2.00000000e+001 2.64547045e-008 5.03692989e-007 1.01195024e-006 1.17889812e-006 1.57781582e-006 1.70302124e-006 1.75572445e-006 2.00848389e-006 2.12174691e-006 
2.25000000e+000 1.53125000e+001 2.00000000e+001 1.64368172e-007 1.41684709e-006 2.17787470e-006 2.38088370e-006 2.80885230e-006 2.92521925e-006 2.97139437e-006 3.12112034e-006 3.04189196e-006 
2.25000000e+000 1.96875000e+001 2.00000000e+001 1.20368021e-006 4.53954247e-006 5.27484241e-006 5.39275886e-006 5.56155346e-006 5.57247144e-006 5.57012986e-006 5.32740534e-006 4.74232675e-006 
2.25000000e+000 2.40625000e+001 2.00000000e+001 1.10743089e-005 1.72210464e-005 1.48361084e-005 1.41175547e-005 1.25996335e-005 1.21078467e-005 1.18935661e-005 1.02693317e-005 8.26804748e-006 
2.25000000e+000 2.84375000e+001 2.00000000e+001 2.75113328e-004 1.13738359e-004 6.47209616e-005 5.58460538e-005 4.09816408e-005 3.72242205e-005 3.57156064e-005 2.68565704e-005 1.88505438e-005 
2.25000000e+000 3.28125000e+001 2.00000000e+001 1.09222455e-002 6.17743596e-004 2.17048057e-004 1.69394206e-004 1.03256551e-004 8.92408942e-005 8.39062401e-005 5.63185944e-005 3.56300601e-005 
2.50000000e+000 2.18750000e+000 2.00000000e+001 4.69326468e-010 6.12934396e-008 2.25856234e-007 3.01988134e-007 5.26838814e-007 6.11778541e-007 6.49939032e-007 8.81542900e-007 1.09000817e-006 
2.50000000e+000 6.56250000e+000 2.00000000e+001 1.75830095e-009 1.12429257e-007 3.37402332e-007 4.31560491e-007 6.93399543e-007 7.87729976e-007 8.29450972e-007 1.07102300e-006 1.26823437e-006 
2.50000000e+000 1.09375000e+001 2.00000000e+001 1.15288584e-008 3.04718939e-007 6.83497055e-007 8.17435936e-007 1.15321525e-006 1.26379486e-006 1.31120648e-006 1.55724863e-006 1.70821818e-006 
2.50000000e+000 1.53125000e+001 2.00000000e+001 8.76074920e-008 9.63999976e-007 1.60898177e-006 1.79357532e-006 2.19970111e-006 2.31644642e-006 2.36394441e-006 2.55169529e-006 2.55598996e-006 
2.50000000e+000 1.96875000e+001 2.00000000e+001 7.91390299e-007 3.49050077e-006 4.27996693e-006 4.43179303e-006 4.68764727e-006 4.73084268e-006 4.74305932e-006 4.61670678e-006 4.18228048e-006 
2.50000000e+000 2.40625000e+001 2.00000000e+001 9.12149017e-006 1.50934768e-005 1.33091500e-005 1.27360274e-005 1.14950026e-005 1.10817476e-005 1.09001147e-005 9.48484999e-006 7.69540453e-006 
2.50000000e+000 2.84375000e+001 2.00000000e+001 3.27793866e-004 1.20042016e-004 6.66890653e-005 5.72689714e-005 4.16588615e-005 3.77505716e-005 3.61858585e-005 2.70624111e-005 1.88973879e-005 
2.50000000e+000 3.28125000e+001 2.00000000e+001 2.38490935e-002 8.32527071e-004 2.60060625e-004 1.98267718e-004 1.15936711e-004 9.91361140e-005 9.28112039e-005 6.08618701e-005 3.77376630e-005 
END