TITLE="3SCB_EB_E_WD000.dat"
VARIABLES= "Density" "Radius" "Height" "0.1053" "0.356" "0.6617" "0.7889" "1.1732" "1.3325" "1.408" "2" "3" 
ZONE T="3D Data" I=11 J=8 K=3 F=POINT
0.00000000e+000 8.75000000e+000 0.00000000e+000 3.17607697e-004 2.14389299e-004 1.37434291e-004 1.21668564e-004 9.35184887e-005 8.59269288e-005 8.28146599e-005 6.36515279e-005 4.52834423e-005 
0.00000000e+000 1.51554446e+001 0.00000000e+000 2.29501275e-004 1.55584232e-004 1.01068580e-004 8.99890649e-005 7.01746135e-005 6.47704443e-005 6.25409621e-005 4.85301511e-005 3.46443031e-005 
0.00000000e+000 1.95655948e+001 0.00000000e+000 1.94843778e-004 1.32752162e-004 8.61286061e-005 7.66938062e-005 5.99289378e-005 5.53751929e-005 5.34966553e-005 4.16421250e-005 2.97680631e-005 
0.00000000e+000 2.31503240e+001 0.00000000e+000 1.90571698e-004 1.29931701e-004 8.37848254e-005 7.44181600e-005 5.78222052e-005 5.33479447e-005 5.15081481e-005 3.99870652e-005 2.85487723e-005 
0.00000000e+000 2.62500000e+001 0.00000000e+000 1.94910531e-004 1.32787231e-004 8.53201652e-005 7.56622230e-005 5.85382490e-005 5.39335206e-005 5.20434869e-005 4.02797484e-005 2.87074363e-005 
0.00000000e+000 2.90204669e+001 0.00000000e+000 2.04059035e-004 1.38842845e-004 8.89612630e-005 7.88023910e-005 6.07817008e-005 5.59418540e-005 5.39573657e-005 4.16573953e-005 2.96437392e-005 
0.00000000e+000 3.15485737e+001 0.00000000e+000 2.16009351e-004 1.46703047e-004 9.38006673e-005 8.30235915e-005 6.39015382e-005 5.87695284e-005 5.66665491e-005 4.36686781e-005 3.10385823e-005 
0.00000000e+000 3.38886043e+001 0.00000000e+000 2.30688030e-004 1.56404954e-004 9.98286657e-005 8.83044731e-005 6.78565031e-005 6.23718528e-005 6.01253835e-005 4.62693313e-005 3.28576874e-005 
2.50000000e-001 8.75000000e+000 0.00000000e+000 1.01315344e-004 1.10800731e-004 8.35295213e-005 7.68399479e-005 6.37385917e-005 5.98488061e-005 5.82030904e-005 4.71404763e-005 3.52902456e-005 
2.50000000e-001 1.51554446e+001 0.00000000e+000 8.87616400e-005 8.80351275e-005 6.54014056e-005 6.01426737e-005 5.00371616e-005 4.70500998e-005 4.57834809e-005 3.71700733e-005 2.77383776e-005 
2.50000000e-001 1.95655948e+001 0.00000000e+000 9.02372152e-005 8.20201457e-005 5.92812532e-005 5.42043756e-005 4.46932785e-005 4.19451495e-005 4.07865049e-005 3.29850017e-005 2.44887225e-005 
2.50000000e-001 2.31503240e+001 0.00000000e+000 1.03254353e-004 8.71870630e-005 6.12089744e-005 5.55343877e-005 4.50724987e-005 4.21184103e-005 4.08836038e-005 3.27564739e-005 2.41354072e-005 
2.50000000e-001 2.62500000e+001 0.00000000e+000 1.24977485e-004 9.77314167e-005 6.66862533e-005 6.00610697e-005 4.79950348e-005 4.46461541e-005 4.32559394e-005 3.42948753e-005 2.50463335e-005 
2.50000000e-001 2.90204669e+001 0.00000000e+000 1.62517148e-004 1.15793034e-004 7.63021409e-005 6.81227437e-005 5.34581843e-005 4.94648886e-005 4.78189510e-005 3.74374613e-005 2.70378150e-005 
2.50000000e-001 3.15485737e+001 0.00000000e+000 1.97096123e-004 1.33040019e-004 8.58235253e-005 7.62063207e-005 5.91140085e-005 5.45085651e-005 5.26179125e-005 4.08447058e-005 2.92697998e-005 
2.50000000e-001 3.38886043e+001 0.00000000e+000 2.29752259e-004 1.49743951e-004 9.53068518e-005 8.43342857e-005 6.49364974e-005 5.97425824e-005 5.76154108e-005 4.44723912e-005 3.17034364e-005 
5.00000000e-001 8.75000000e+000 0.00000000e+000 3.46744637e-005 5.86544182e-005 5.14664560e-005 4.90968755e-005 4.37948423e-005 4.19864494e-005 4.11867819e-005 3.50858716e-005 2.75964861e-005 
5.00000000e-001 1.51554446e+001 0.00000000e+000 4.10090841e-005 5.35328379e-005 4.41775489e-005 4.17047579e-005 3.66172397e-005 3.49794601e-005 3.42639712e-005 2.89316913e-005 2.24597143e-005 
5.00000000e-001 1.95655948e+001 0.00000000e+000 5.27260566e-005 5.63758540e-005 4.36131673e-005 4.05916706e-005 3.47488535e-005 3.29830247e-005 3.22257569e-005 2.68262247e-005 2.05236214e-005 
5.00000000e-001 2.31503240e+001 0.00000000e+000 7.17652312e-005 6.61985502e-005 4.84461084e-005 4.44609583e-005 3.70000414e-005 3.48442590e-005 3.39349163e-005 2.77492803e-005 2.08985631e-005 
5.00000000e-001 2.62500000e+001 0.00000000e+000 1.02727707e-004 8.20969861e-005 5.69452480e-005 5.15617186e-005 4.17316965e-005 3.89845502e-005 3.78404374e-005 3.03590946e-005 2.24754038e-005 
5.00000000e-001 2.90204669e+001 0.00000000e+000 1.61555300e-004 1.09774666e-004 7.15320878e-005 6.37610280e-005 4.99634133e-005 4.62365932e-005 4.47038417e-005 3.50617284e-005 2.54169622e-005 
5.00000000e-001 3.15485737e+001 0.00000000e+000 2.18027613e-004 1.35069007e-004 8.50256342e-005 7.51247611e-005 5.77876168e-005 5.31811150e-005 5.12980694e-005 3.96812084e-005 2.83860690e-005 
5.00000000e-001 3.38886043e+001 0.00000000e+000 2.74639718e-004 1.58902576e-004 9.78113817e-005 8.59441126e-005 6.53475898e-005 5.99287042e-005 5.77213890e-005 4.42573175e-005 3.13875254e-005 
7.50000000e-001 8.75000000e+000 0.00000000e+000 1.26040081e-005 3.17557144e-005 3.21293946e-005 3.17243621e-005 3.03290913e-005 2.96625620e-005 2.93405186e-005 2.62409968e-005 2.16527708e-005 
7.50000000e-001 1.51554446e+001 0.00000000e+000 2.07726957e-005 3.43121245e-005 3.08990583e-005 2.98181984e-005 2.74065042e-005 2.65393983e-005 2.61460762e-005 2.28494910e-005 1.83751432e-005 
7.50000000e-001 1.95655948e+001 0.00000000e+000 3.35288065e-005 4.12980234e-005 3.36217232e-005 3.17050470e-005 2.79097705e-005 2.67187048e-005 2.62004565e-005 2.23044541e-005 1.74808810e-005 
7.50000000e-001 2.31503240e+001 0.00000000e+000 5.37467309e-005 5.35826002e-005 4.03180972e-005 3.72729497e-005 3.15169805e-005 2.98295763e-005 2.91137509e-005 2.41323738e-005 1.84558131e-005 
7.50000000e-001 2.62500000e+001 0.00000000e+000 8.99057649e-005 7.32012667e-005 5.10991344e-005 4.63588852e-005 3.77057175e-005 3.52852169e-005 3.42765472e-005 2.76487294e-005 2.06138144e-005 
7.50000000e-001 2.90204669e+001 0.00000000e+000 1.67701407e-004 1.09240802e-004 7.00369258e-005 6.21923320e-005 4.83925335e-005 4.47025728e-005 4.31901638e-005 3.37562004e-005 2.44215544e-005 
7.50000000e-001 3.15485737e+001 0.00000000e+000 2.51849856e-004 1.42901999e-004 8.74118224e-005 7.67202968e-005 5.82633055e-005 5.34320995e-005 5.14670111e-005 3.95018391e-005 2.80725515e-005 
7.50000000e-001 3.38886043e+001 0.00000000e+000 3.48656577e-004 1.75654873e-004 1.03911306e-004 9.04929122e-005 6.76442918e-005 6.17470366e-005 5.93596937e-005 4.50304234e-005 3.16325343e-005 
1.00000000e+000 8.75000000e+000 0.00000000e+000 4.81229251e-006 1.75506168e-005 2.03080288e-005 2.07191552e-005 2.11635461e-005 2.10985852e-005 2.10369900e-005 1.97190195e-005 1.70453484e-005 
1.00000000e+000 1.51554446e+001 0.00000000e+000 1.10063002e-005 2.27962027e-005 2.22004608e-005 2.18438230e-005 2.09030715e-005 2.04866074e-005 2.02857558e-005 1.82794889e-005 1.51757906e-005 
1.00000000e+000 1.95655948e+001 0.00000000e+000 2.20106473e-005 3.13379598e-005 2.67270652e-005 2.54879811e-005 2.29643857e-005 2.21386692e-005 2.17739184e-005 1.88787138e-005 1.50946422e-005 
1.00000000e+000 2.31503240e+001 0.00000000e+000 4.13413269e-005 4.47620698e-005 3.45626597e-005 3.21488927e-005 2.75281635e-005 2.61527229e-005 2.55661492e-005 2.14047925e-005 1.65568982e-005 
1.00000000e+000 2.62500000e+001 0.00000000e+000 8.04255291e-005 6.70362900e-005 4.70890597e-005 4.27799172e-005 3.48932953e-005 3.26821015e-005 3.17600755e-005 2.56858699e-005 1.92196203e-005 
1.00000000e+000 2.90204669e+001 0.00000000e+000 1.76508687e-004 1.10772786e-004 6.99981424e-005 6.19279336e-005 4.78209344e-005 4.40775203e-005 4.25474870e-005 3.30826072e-005 2.38276161e-005 
1.00000000e+000 3.15485737e+001 0.00000000e+000 2.97888861e-004 1.53849419e-004 9.14623171e-005 7.97374900e-005 5.97503850e-005 5.45878220e-005 5.24973490e-005 3.99277925e-005 2.81346839e-005 
1.00000000e+000 3.38886043e+001 0.00000000e+000 4.64792673e-004 1.98478988e-004 1.12440889e-004 9.69853246e-005 7.11703908e-005 6.46331477e-005 6.20028109e-005 4.64676432e-005 3.22698965e-005 
1.25000000e+000 8.75000000e+000 0.00000000e+000 1.91055557e-006 9.88141828e-006 1.29858118e-005 1.36686128e-005 1.48753550e-005 1.51052028e-005 1.51774381e-005 1.48862782e-005 1.34616693e-005 
1.25000000e+000 1.51554446e+001 0.00000000e+000 5.97336445e-006 1.55094693e-005 1.62742214e-005 1.63041707e-005 1.61901850e-005 1.60425494e-005 1.59589225e-005 1.47874677e-005 1.26398463e-005 
1.25000000e+000 1.95655948e+001 0.00000000e+000 1.46714420e-005 2.42476053e-005 2.16663915e-005 2.08856275e-005 1.92265446e-005 1.86518067e-005 1.83930448e-005 1.62052888e-005 1.31832149e-005 
1.25000000e+000 2.31503240e+001 0.00000000e+000 3.22261696e-005 3.80112161e-005 3.01482041e-005 2.82141848e-005 2.44471424e-005 2.33038906e-005 2.28132577e-005 1.92619821e-005 1.50369167e-005 
1.25000000e+000 2.62500000e+001 0.00000000e+000 7.27691081e-005 6.22114551e-005 4.40312846e-005 4.00651079e-005 3.27709938e-005 3.07166231e-005 2.98588837e-005 2.41903219e-005 1.81381022e-005 
1.25000000e+000 2.90204669e+001 0.00000000e+000 1.87290365e-004 1.13286876e-004 7.06754651e-005 6.23224494e-005 4.77924961e-005 4.39591273e-005 4.23956580e-005 3.27906100e-005 2.34948784e-005 
1.25000000e+000 3.15485737e+001 0.00000000e+000 3.60109418e-004 1.67312779e-004 9.66124862e-005 8.36673626e-005 6.18725970e-005 5.63133921e-005 5.40715598e-005 4.07465601e-005 2.84520172e-005 
1.25000000e+000 3.38886043e+001 0.00000000e+000 6.52494072e-004 2.28073122e-004 1.23143614e-004 1.05127131e-004 7.56519541e-005 6.83340024e-005 6.54076435e-005 4.83966054e-005 3.31983809e-005 
1.50000000e+000 8.75000000e+000 0.00000000e+000 7.82235458e-007 5.65589665e-006 8.39326693e-006 9.10251202e-006 1.05278294e-005 1.08817657e-005 1.10152429e-005 1.12879404e-005 1.06649000e-005 
1.50000000e+000 1.51554446e+001 0.00000000e+000 3.29061045e-006 1.07198627e-005 1.21075242e-005 1.23428734e-005 1.26956964e-005 1.27102507e-005 1.26989259e-005 1.20770426e-005 1.06067642e-005 
1.50000000e+000 1.95655948e+001 0.00000000e+000 9.87207846e-006 1.89751700e-005 1.77851401e-005 1.73317018e-005 1.62969035e-005 1.59052435e-005 1.57240645e-005 1.40626944e-005 1.16213494e-005 
1.50000000e+000 2.31503240e+001 0.00000000e+000 2.53350065e-005 3.25838472e-005 2.65757147e-005 2.50289668e-005 2.19512781e-005 2.09945655e-005 2.05807966e-005 1.75162633e-005 1.37863109e-005 
1.50000000e+000 2.62500000e+001 0.00000000e+000 6.63363140e-005 5.81767562e-005 4.15245071e-005 3.78538338e-005 3.10642397e-005 2.91406435e-005 2.83360354e-005 2.29956896e-005 1.72695456e-005 
1.50000000e+000 2.90204669e+001 0.00000000e+000 2.00083129e-004 1.16411350e-004 7.17551019e-005 6.30868208e-005 4.80776971e-005 4.41377714e-005 4.25336685e-005 3.27357317e-005 2.33349298e-005 
1.50000000e+000 3.15485737e+001 0.00000000e+000 4.45339497e-004 1.83378775e-004 1.02680086e-004 8.83185181e-005 6.44544010e-005 5.84444552e-005 5.60306303e-005 4.18392317e-005 2.89499654e-005 
1.50000000e+000 3.38886043e+001 0.00000000e+000 9.68973855e-004 2.66260447e-004 1.36174840e-004 1.14949033e-004 8.10074652e-005 7.27581190e-005 6.94806149e-005 5.07315845e-005 3.43587460e-005 
1.75000000e+000 8.75000000e+000 0.00000000e+000 3.28161010e-007 3.28458580e-006 5.47861623e-006 6.11482309e-006 7.49956742e-006 7.88559040e-006 8.03977608e-006 8.59602048e-006 8.47501576e-006 
1.75000000e+000 1.51554446e+001 0.00000000e+000 1.83222609e-006 7.48979128e-006 9.10597742e-006 9.44413777e-006 1.00535769e-005 1.01655932e-005 1.01988999e-005 9.94314176e-006 8.95933213e-006 
1.75000000e+000 1.95655948e+001 0.00000000e+000 6.68870995e-006 1.49556683e-005 1.47193430e-005 1.45045841e-005 1.39350708e-005 1.36822173e-005 1.35601280e-005 1.23057682e-005 1.03218192e-005 
1.75000000e+000 2.31503240e+001 0.00000000e+000 2.00411545e-005 2.81011815e-005 2.35847122e-005 2.23583647e-005 1.98568401e-005 1.90566813e-005 1.87073969e-005 1.60500359e-005 1.27315742e-005 
1.75000000e+000 2.62500000e+001 0.00000000e+000 6.08075199e-005 5.46777931e-005 3.93728002e-005 3.59648908e-005 2.96242330e-005 2.78161833e-005 2.70582978e-005 2.20015971e-005 1.65490897e-005 
1.75000000e+000 2.90204669e+001 0.00000000e+000 2.15201241e-004 1.20012094e-004 7.30979049e-005 6.40866256e-005 4.85582980e-005 4.45020184e-005 4.28532276e-005 3.28335776e-005 2.32916326e-005 
1.75000000e+000 3.15485737e+001 0.00000000e+000 5.64214315e-004 2.02430028e-004 1.09647052e-004 9.36413817e-005 6.74196971e-005 6.09040661e-005 5.82979837e-005 4.31400785e-005 2.95824737e-005 
1.75000000e+000 3.38886043e+001 0.00000000e+000 1.52725370e-003 3.15891243e-004 1.51929726e-004 1.26661358e-004 8.72598888e-005 7.79028296e-005 7.42109200e-005 5.34376311e-005 3.57182583e-005 
2.00000000e+000 8.75000000e+000 0.00000000e+000 1.40371559e-007 1.93183995e-006 3.60838434e-006 4.14089615e-006 5.37511934e-006 5.74630464e-006 5.89952043e-006 6.57289464e-006 6.75473743e-006 
2.00000000e+000 1.51554446e+001 0.00000000e+000 1.02887999e-006 5.27350335e-006 6.90398630e-006 7.28466180e-006 8.02335667e-006 8.19223892e-006 8.25260178e-006 8.24176050e-006 7.61116615e-006 
2.00000000e+000 1.95655948e+001 0.00000000e+000 4.55709922e-006 1.18458814e-005 1.22503182e-005 1.22095284e-005 1.19904846e-005 1.18450087e-005 1.17689517e-005 1.08374521e-005 9.22315509e-006 
2.00000000e+000 2.31503240e+001 0.00000000e+000 1.59311710e-005 2.43396321e-005 2.10266323e-005 2.00676342e-005 1.80546744e-005 1.73887974e-005 1.70949459e-005 1.47881090e-005 1.18228107e-005 
2.00000000e+000 2.62500000e+001 0.00000000e+000 5.59818908e-005 5.15772814e-005 3.74719800e-005 3.43007684e-005 2.83670451e-005 2.66639105e-005 2.59483995e-005 2.11463384e-005 1.59340821e-005 
2.00000000e+000 2.90204669e+001 0.00000000e+000 2.33172329e-004 1.24045397e-004 7.46396987e-005 6.52569891e-005 4.91717808e-005 4.49912801e-005 4.32947492e-005 3.30341649e-005 2.33290424e-005 
2.00000000e+000 3.15485737e+001 0.00000000e+000 7.33250816e-004 2.25047654e-004 1.17575885e-004 9.96556177e-005 7.07435076e-005 6.36613751e-005 6.08410221e-005 4.46139924e-005 3.03213580e-005 
2.00000000e+000 3.38886043e+001 0.00000000e+000 2.55593181e-003 3.81134832e-004 1.71000483e-004 1.40605519e-004 9.44971844e-005 8.38196546e-005 7.96380224e-005 5.65108799e-005 3.72612399e-005 
2.25000000e+000 8.75000000e+000 0.00000000e+000 6.09962718e-008 1.14887712e-006 2.39606061e-006 2.82490068e-006 3.87456298e-006 4.20938468e-006 4.35089932e-006 5.04559178e-006 5.39904556e-006 
2.25000000e+000 1.51554446e+001 0.00000000e+000 5.81908703e-007 3.73461665e-006 5.26652017e-006 5.65376660e-006 6.44267617e-006 6.64226777e-006 6.71822305e-006 6.87017275e-006 6.49795756e-006 
2.25000000e+000 1.95655948e+001 0.00000000e+000 3.11948559e-006 9.41739909e-006 1.02363337e-005 1.03205703e-005 1.03646081e-005 1.03027417e-005 1.02628872e-005 9.59135241e-006 8.28144800e-006 
2.25000000e+000 2.31503240e+001 0.00000000e+000 1.27156856e-005 2.11509035e-005 1.88086594e-005 1.80732247e-005 1.64766609e-005 1.59270796e-005 1.56814342e-005 1.36812428e-005 1.10256858e-005 
2.25000000e+000 2.62500000e+001 0.00000000e+000 5.17204628e-005 4.87910581e-005 3.57614157e-005 3.28048654e-005 2.72430701e-005 2.56363786e-005 2.49598565e-005 2.03911209e-005 1.53961154e-005 
2.25000000e+000 2.90204669e+001 0.00000000e+000 2.54753282e-004 1.28508756e-004 7.63505837e-005 6.65658174e-005 4.98842250e-005 4.55718350e-005 4.38247097e-005 3.33074367e-005 2.34239282e-005 
2.25000000e+000 3.15485737e+001 0.00000000e+000 9.78338745e-004 2.52006457e-004 1.26578274e-004 1.06420278e-004 7.44288059e-005 6.67109844e-005 6.36515827e-005 4.62438384e-005 3.11497293e-005 
2.25000000e+000 3.38886043e+001 0.00000000e+000 4.52669971e-003 4.68051687e-004 1.94192003e-004 1.57249166e-004 1.02856423e-004 9.05988527e-005 8.58366322e-005 5.99678913e-005 3.89833193e-005 
2.50000000e+000 8.75000000e+000 0.00000000e+000 2.68494396e-008 6.89884927e-007 1.60284025e-006 1.94014970e-006 2.80783260e-006 3.09871238e-006 3.22402367e-006 3.88760551e-006 4.32733908e-006 
2.50000000e+000 1.51554446e+001 0.00000000e+000 3.31173932e-007 2.65694352e-006 4.03649038e-006 4.40917959e-006 5.19892250e-006 5.41206993e-006 5.49599389e-006 5.75389272e-006 5.57131883e-006 
2.50000000e+000 1.95655948e+001 0.00000000e+000 2.14424757e-006 7.50883318e-006 8.57927179e-006 8.75108253e-006 8.98995042e-006 8.99299599e-006 8.98161975e-006 8.52088898e-006 7.46485267e-006 
2.50000000e+000 2.31503240e+001 0.00000000e+000 1.01849646e-005 1.84285139e-005 1.68678200e-005 1.63192682e-005 1.50779553e-005 1.46294559e-005 1.44259351e-005 1.26962907e-005 1.03161982e-005 
2.50000000e+000 2.62500000e+001 0.00000000e+000 4.79214531e-005 4.62624027e-005 3.42026828e-005 3.14417331e-005 2.62214357e-005 2.47039255e-005 2.40635256e-005 1.97109180e-005 1.49159895e-005 
2.50000000e+000 2.90204669e+001 0.00000000e+000 2.80975557e-004 1.33423243e-004 7.82176621e-005 6.79974304e-005 5.06768466e-005 4.62245184e-005 4.44238557e-005 3.36350287e-005 2.35611218e-005 
2.50000000e+000 3.15485737e+001 0.00000000e+000 1.34048994e-003 2.84307699e-004 1.36804821e-004 1.14022103e-004 7.84954226e-005 7.00626174e-005 6.67359811e-005 4.80233387e-005 3.20579259e-005 
2.50000000e+000 3.38886043e+001 0.00000000e+000 8.42885354e-003 5.85503220e-004 2.22572310e-004 1.77204797e-004 1.12520014e-004 9.83639755e-005 9.29108829e-005 6.38401018e-005 4.08879619e-005 
0.00000000e+000 8.75000000e+000 1.00000000e+001 1.88270142e-004 1.28306146e-004 8.38484683e-005 7.48281322e-005 5.86835420e-005 5.42612887e-005 5.24325264e-005 4.08467315e-005 2.92123039e-005 
0.00000000e+000 1.51554446e+001 1.00000000e+001 1.48028924e-004 1.02124634e-004 6.71697422e-005 6.01147767e-005 4.75289978e-005 4.40715167e-005 4.26373314e-005 3.34327652e-005 2.39748463e-005 
0.00000000e+000 1.95655948e+001 1.00000000e+001 1.37785005e-004 9.55850385e-005 6.23119555e-005 5.55956826e-005 4.37148615e-005 4.04898516e-005 3.91573586e-005 3.06643572e-005 2.19814703e-005 
0.00000000e+000 2.31503240e+001 1.00000000e+001 1.42503350e-004 9.87743645e-005 6.38159506e-005 5.67121020e-005 4.41648488e-005 4.07911238e-005 3.94040115e-005 3.06853386e-005 2.19378342e-005 
0.00000000e+000 2.62500000e+001 1.00000000e+001 1.52330898e-004 1.05312801e-004 6.76514987e-005 5.99700985e-005 4.63815897e-005 4.27404907e-005 4.12475198e-005 3.19571688e-005 2.27855516e-005 
0.00000000e+000 2.90204669e+001 1.00000000e+001 1.66130700e-004 1.14418132e-004 7.30966753e-005 6.46596447e-005 4.97313927e-005 4.57419825e-005 4.41093357e-005 3.40267131e-005 2.42032379e-005 
0.00000000e+000 3.15485737e+001 1.00000000e+001 1.81707640e-004 1.24742527e-004 7.94428514e-005 7.01770963e-005 5.37669471e-005 4.93864207e-005 4.75957452e-005 3.65943375e-005 2.59795852e-005 
0.00000000e+000 3.38886043e+001 1.00000000e+001 2.00474849e-004 1.37135881e-004 8.70837646e-005 7.68459271e-005 5.87053806e-005 5.38664711e-005 5.18899499e-005 3.97929518e-005 2.82090690e-005 
2.50000000e-001 8.75000000e+000 1.00000000e+001 5.73587593e-005 6.46285126e-005 5.00128492e-005 4.64553201e-005 3.94460165e-005 3.73072558e-005 3.63897146e-005 2.99357624e-005 2.25704120e-005 
2.50000000e-001 1.51554446e+001 1.00000000e+001 5.15547683e-005 5.45182135e-005 4.16782412e-005 3.86761694e-005 3.28780125e-005 3.11248607e-005 3.03724843e-005 2.50380667e-005 1.88470157e-005 
2.50000000e-001 1.95655948e+001 1.00000000e+001 5.56896440e-005 5.47737897e-005 4.05815631e-005 3.73598013e-005 3.13013446e-005 2.95286433e-005 2.87759138e-005 2.35624051e-005 1.76397216e-005 
2.50000000e-001 2.31503240e+001 1.00000000e+001 6.77494170e-005 6.16090177e-005 4.41363244e-005 4.02407852e-005 3.30259602e-005 3.09743683e-005 3.01136046e-005 2.43523506e-005 1.80693154e-005 
2.50000000e-001 2.62500000e+001 1.00000000e+001 8.85180629e-005 7.32131946e-005 5.05998928e-005 4.56952727e-005 3.67344168e-005 3.42417145e-005 3.32057714e-005 2.64788706e-005 1.94354216e-005 
2.50000000e-001 2.90204669e+001 1.00000000e+001 1.27457555e-004 9.30954718e-005 6.13930772e-005 5.47835587e-005 4.29518071e-005 3.97437553e-005 3.84237189e-005 3.01151856e-005 2.17887430e-005 
2.50000000e-001 3.15485737e+001 1.00000000e+001 1.63052259e-004 1.11791168e-004 7.18903432e-005 6.37165920e-005 4.92164882e-005 4.53327679e-005 4.37427284e-005 3.39032447e-005 2.42959978e-005 
2.50000000e-001 3.38886043e+001 1.00000000e+001 1.97911236e-004 1.30383619e-004 8.25366989e-005 7.28466132e-005 5.57468609e-005 5.11981604e-005 4.93412030e-005 3.79656421e-005 2.70402661e-005 
5.00000000e-001 8.75000000e+000 1.00000000e+001 1.87664273e-005 3.33436471e-005 3.02399901e-005 2.91768466e-005 2.67290126e-005 2.58346617e-005 2.54278095e-005 2.20475240e-005 1.74978272e-005 
5.00000000e-001 1.51554446e+001 1.00000000e+001 2.17591444e-005 3.13149062e-005 2.69954858e-005 2.58147228e-005 2.33365219e-005 2.24918004e-005 2.21132505e-005 1.90513599e-005 1.49799452e-005 
5.00000000e-001 1.95655948e+001 1.00000000e+001 2.91570211e-005 3.50183018e-005 2.82589237e-005 2.66020256e-005 2.33601296e-005 2.23485749e-005 2.19079778e-005 1.85825333e-005 1.44156917e-005 
5.00000000e-001 2.31503240e+001 1.00000000e+001 4.26229006e-005 4.37289619e-005 3.31382596e-005 3.06786090e-005 2.60270768e-005 2.46599531e-005 2.40785827e-005 1.99902608e-005 1.52433130e-005 
5.00000000e-001 2.62500000e+001 1.00000000e+001 6.82707516e-005 5.86720735e-005 4.15605030e-005 3.78164640e-005 3.09418484e-005 2.90090283e-005 2.82018401e-005 2.28473684e-005 1.70670643e-005 
5.00000000e-001 2.90204669e+001 1.00000000e+001 1.25782265e-004 8.71541960e-005 5.67977222e-005 5.05996278e-005 3.96240225e-005 3.66754476e-005 3.54652249e-005 2.78686216e-005 2.02632105e-005 
5.00000000e-001 3.15485737e+001 1.00000000e+001 1.81496050e-004 1.13113444e-004 7.08317665e-005 6.24402349e-005 4.77924778e-005 4.39291195e-005 4.23548954e-005 3.27126286e-005 2.34115699e-005 
5.00000000e-001 3.38886043e+001 1.00000000e+001 2.41251907e-004 1.38497183e-004 8.44841256e-005 7.39883213e-005 5.58413471e-005 5.11072070e-005 4.91861803e-005 3.75826120e-005 2.66350417e-005 
7.50000000e-001 8.75000000e+000 1.00000000e+001 6.53800104e-006 1.76003513e-005 1.85275740e-005 1.85327945e-005 1.82551563e-005 1.80161234e-005 1.78870739e-005 1.63168310e-005 1.36108114e-005 
7.50000000e-001 1.51554446e+001 1.00000000e+001 1.02839721e-005 1.90626507e-005 1.81436792e-005 1.77938957e-005 1.69540357e-005 1.65967428e-005 1.64245440e-005 1.47120818e-005 1.20311082e-005 
7.50000000e-001 1.95655948e+001 1.00000000e+001 1.71255988e-005 2.41005420e-005 2.07139974e-005 1.98270615e-005 1.80446028e-005 1.74523847e-005 1.71876216e-005 1.49935438e-005 1.19764536e-005 
7.50000000e-001 2.31503240e+001 1.00000000e+001 2.96939936e-005 3.34618760e-005 2.63194732e-005 2.46127920e-005 2.13502419e-005 2.03701719e-005 1.99494123e-005 1.68717191e-005 1.31260127e-005 
7.50000000e-001 2.62500000e+001 1.00000000e+001 5.72852621e-005 5.04742044e-005 3.61274613e-005 3.29793422e-005 2.72014008e-005 2.55735787e-005 2.48928420e-005 2.03341730e-005 1.53437662e-005 
7.50000000e-001 2.90204669e+001 1.00000000e+001 1.31181066e-004 8.63561091e-005 5.52253728e-005 4.89860587e-005 3.80581465e-005 3.51570813e-005 3.39711275e-005 2.65985053e-005 1.93067301e-005 
7.50000000e-001 3.15485737e+001 1.00000000e+001 2.14166499e-004 1.20066561e-004 7.27598711e-005 6.36591192e-005 4.80310018e-005 4.39783189e-005 4.23361844e-005 3.24230273e-005 2.30470223e-005 
7.50000000e-001 3.38886043e+001 1.00000000e+001 3.22282497e-004 1.54693932e-004 9.00012174e-005 7.80057740e-005 5.77349343e-005 5.25641546e-005 5.04809074e-005 3.81234638e-005 2.67494017e-005 
1.00000000e+000 8.75000000e+000 1.00000000e+001 2.40052684e-006 9.49009823e-006 1.14960297e-005 1.19003637e-005 1.25636502e-005 1.26500342e-005 1.26648213e-005 1.21332881e-005 1.06223038e-005 
1.00000000e+000 1.51554446e+001 1.00000000e+001 5.16470105e-006 1.21102530e-005 1.25682646e-005 1.25998691e-005 1.25700405e-005 1.24751376e-005 1.24173409e-005 1.15152470e-005 9.75712720e-006 
1.00000000e+000 1.95655948e+001 1.00000000e+001 1.05810046e-005 1.73615782e-005 1.57515716e-005 1.52860795e-005 1.43240326e-005 1.39774263e-005 1.38173879e-005 1.23341469e-005 1.00953643e-005 
1.00000000e+000 2.31503240e+001 1.00000000e+001 2.15748599e-005 2.66862815e-005 2.16729413e-005 2.04316592e-005 1.80299298e-005 1.72929614e-005 1.69738175e-005 1.45558510e-005 1.14976450e-005 
1.00000000e+000 2.62500000e+001 1.00000000e+001 4.96654860e-005 4.49567526e-005 3.24484382e-005 2.96831771e-005 2.45980531e-005 2.31618803e-005 2.25607214e-005 1.85131175e-005 1.40502786e-005 
1.00000000e+000 2.90204669e+001 1.00000000e+001 1.39499814e-004 8.75940763e-005 5.50402183e-005 4.86060149e-005 3.74256571e-005 3.44851561e-005 3.32871415e-005 2.59124188e-005 1.87190730e-005 
1.00000000e+000 3.15485737e+001 1.00000000e+001 2.62095540e-004 1.30348528e-004 7.63421887e-005 6.62691433e-005 4.92330509e-005 4.48839714e-005 4.31308903e-005 3.26980073e-005 2.30294401e-005 
1.00000000e+000 3.38886043e+001 1.00000000e+001 4.66813805e-004 1.78342034e-004 9.81937875e-005 8.41048693e-005 6.08774159e-005 5.50911148e-005 5.27771316e-005 3.93081711e-005 2.72362935e-005 
1.25000000e+000 8.75000000e+000 1.00000000e+001 9.19639865e-007 5.21753864e-006 7.21891365e-006 7.72098065e-006 8.71077310e-006 8.94126244e-006 9.02404953e-006 9.06440290e-006 8.31693575e-006 
1.25000000e+000 1.51554446e+001 1.00000000e+001 2.68354028e-006 7.92866564e-006 8.91560219e-006 9.11817774e-006 9.48198683e-006 9.52749713e-006 9.53297414e-006 9.12222713e-006 7.98394600e-006 
1.25000000e+000 1.95655948e+001 1.00000000e+001 6.71306495e-006 1.28605218e-005 1.22861107e-005 1.20736696e-005 1.16105812e-005 1.14173554e-005 1.13234978e-005 1.03098724e-005 8.61696020e-006 
1.25000000e+000 2.31503240e+001 1.00000000e+001 1.60334911e-005 2.17890979e-005 1.82603783e-005 1.73444083e-005 1.55411012e-005 1.49729207e-005 1.47244151e-005 1.27720283e-005 1.02123592e-005 
1.25000000e+000 2.62500000e+001 1.00000000e+001 4.38289655e-005 4.07928162e-005 2.97068543e-005 2.72305150e-005 2.26563650e-005 2.13584215e-005 2.08142953e-005 1.71317995e-005 1.30479244e-005 
1.25000000e+000 2.90204669e+001 1.00000000e+001 1.50147272e-004 8.98546671e-005 5.55632054e-005 4.88699549e-005 3.73127567e-005 3.42952570e-005 3.30691232e-005 2.55844351e-005 1.83741028e-005 
1.25000000e+000 3.15485737e+001 1.00000000e+001 3.31730513e-004 1.43564494e-004 8.10985673e-005 6.98305900e-005 5.10675835e-005 4.63504661e-005 4.44584005e-005 3.33488051e-005 2.32516569e-005 
1.25000000e+000 3.38886043e+001 1.00000000e+001 7.32709672e-004 2.11200968e-004 1.09031506e-004 9.21464644e-005 6.50677245e-005 5.84934096e-005 5.58848824e-005 4.09935325e-005 2.80090721e-005 
1.50000000e+000 8.75000000e+000 1.00000000e+001 3.64461541e-007 2.91919109e-006 4.58412261e-006 5.05852305e-006 6.08237747e-006 6.36023351e-006 6.46913447e-006 6.80238693e-006 6.53264357e-006 
1.50000000e+000 1.51554446e+001 1.00000000e+001 1.42441038e-006 5.30129654e-006 6.44136293e-006 6.71297134e-006 7.25610138e-006 7.37478329e-006 7.41465894e-006 7.30342632e-006 6.58619100e-006 
1.50000000e+000 1.95655948e+001 1.00000000e+001 4.33100498e-006 9.69556821e-006 9.75181329e-006 9.70073034e-006 9.56007927e-006 9.46819196e-006 9.41847214e-006 8.73010281e-006 7.43366776e-006 
1.50000000e+000 2.31503240e+001 1.00000000e+001 1.20920879e-005 1.80505146e-005 1.56154126e-005 1.49435443e-005 1.35896992e-005 1.31481670e-005 1.29526418e-005 1.13515824e-005 9.17244924e-006 
1.50000000e+000 2.62500000e+001 1.00000000e+001 3.91336166e-005 3.74323494e-005 2.75197890e-005 2.52808939e-005 2.11219558e-005 1.99343726e-005 1.94354594e-005 1.60384849e-005 1.22465375e-005 
1.50000000e+000 2.90204669e+001 1.00000000e+001 1.63304161e-004 9.27834285e-005 5.65003327e-005 4.95087148e-005 3.75082040e-005 3.43950269e-005 3.31328360e-005 2.54829513e-005 1.81917716e-005 
1.50000000e+000 3.15485737e+001 1.00000000e+001 4.34104256e-004 1.60000769e-004 8.69004080e-005 7.41928930e-005 5.33840647e-005 4.82352279e-005 4.61802390e-005 3.42703116e-005 2.36473660e-005 
1.50000000e+000 3.38886043e+001 1.00000000e+001 1.24183726e-003 2.56690783e-004 1.22934340e-004 1.02328273e-004 7.02899375e-005 6.27295837e-005 5.97552595e-005 4.31162184e-005 2.90192286e-005 
1.75000000e+000 8.75000000e+000 1.00000000e+001 1.48395374e-007 1.65892246e-006 2.94135311e-006 3.34458001e-006 4.27580441e-006 4.55190542e-006 4.66468362e-006 5.12721695e-006 5.14710474e-006 
1.75000000e+000 1.51554446e+001 1.00000000e+001 7.67523738e-007 3.59779712e-006 4.71929423e-006 5.00903621e-006 5.61863815e-006 5.77274098e-006 5.83042564e-006 5.90126930e-006 5.47284750e-006 
1.75000000e+000 1.95655948e+001 1.00000000e+001 2.82807428e-006 7.39627168e-006 7.83511780e-006 7.88949655e-006 7.96466605e-006 7.94252583e-006 7.92348302e-006 7.46942703e-006 6.47030402e-006 
1.75000000e+000 2.31503240e+001 1.00000000e+001 9.21811854e-006 1.51005908e-005 1.34885860e-005 1.30062751e-005 1.20050343e-005 1.16634594e-005 1.15097871e-005 1.01874742e-005 8.31174266e-006 
1.75000000e+000 2.62500000e+001 1.00000000e+001 3.52418004e-005 3.46106016e-005 2.56936709e-005 2.36578037e-005 1.98537520e-005 1.87598353e-005 1.82991342e-005 1.51403166e-005 1.15868625e-005 
1.75000000e+000 2.90204669e+001 1.00000000e+001 1.79490473e-004 9.62556793e-005 5.77189206e-005 5.03948316e-005 3.79014774e-005 3.46807426e-005 3.33776554e-005 2.55302831e-005 1.81208570e-005 
1.75000000e+000 3.15485737e+001 1.00000000e+001 5.87045066e-004 1.80293364e-004 9.37792860e-005 7.93402709e-005 5.61233238e-005 5.04754985e-005 4.82330404e-005 3.54054051e-005 2.41758271e-005 
1.75000000e+000 3.38886043e+001 1.00000000e+001 2.25614265e-003 3.20175099e-004 1.40652748e-004 1.15073191e-004 7.66395242e-005 6.78496157e-005 6.44234831e-005 4.56616123e-005 3.02428305e-005 
2.00000000e+000 8.75000000e+000 1.00000000e+001 6.17456139e-008 9.55803177e-007 1.90539993e-006 2.23020931e-006 3.02505598e-006 3.27665127e-006 3.38229012e-006 3.88089360e-006 4.06770797e-006 
2.00000000e+000 1.51554446e+001 1.00000000e+001 4.18396572e-007 2.46840898e-006 3.49483062e-006 3.77697014e-006 4.39272545e-006 4.56070373e-006 4.62650793e-006 4.80617431e-006 4.57728411e-006 
2.00000000e+000 1.95655948e+001 1.00000000e+001 1.86410836e-006 5.69014644e-006 6.35046807e-006 6.47331716e-006 6.69430477e-006 6.72126104e-006 6.72408937e-006 6.44379079e-006 5.67372630e-006 
2.00000000e+000 2.31503240e+001 1.00000000e+001 7.08649119e-006 1.27234657e-005 1.17353667e-005 1.14024219e-005 1.06838173e-005 1.04234504e-005 1.03038895e-005 9.21032855e-006 7.58485747e-006 
2.00000000e+000 2.62500000e+001 1.00000000e+001 3.19483301e-005 3.21811279e-005 2.41221317e-005 2.22632255e-005 1.87701467e-005 1.77583870e-005 1.73311619e-005 1.43792665e-005 1.10294743e-005 
2.00000000e+000 2.90204669e+001 1.00000000e+001 1.99504588e-004 1.00239482e-004 5.91576045e-005 5.14661295e-005 3.84332767e-005 3.50952025e-005 3.37474393e-005 2.56798974e-005 1.81282793e-005 
2.00000000e+000 3.15485737e+001 1.00000000e+001 8.19426848e-004 2.05362951e-004 1.01854305e-004 8.53281257e-005 5.92749207e-005 5.30518499e-005 5.05945739e-005 3.67249936e-005 2.48124422e-005 
2.00000000e+000 3.38886043e+001 1.00000000e+001 4.35172331e-003 4.09814746e-004 1.63275321e-004 1.31009065e-004 8.42934003e-005 7.39673758e-005 6.99826533e-005 4.86470491e-005 3.16723061e-005 
2.25000000e+000 8.75000000e+000 1.00000000e+001 2.61476906e-008 5.57405257e-007 1.24515032e-006 1.49884387e-006 2.15307447e-006 2.37164781e-006 2.46540785e-006 2.94943548e-006 3.22411779e-006 
2.25000000e+000 1.51554446e+001 1.00000000e+001 2.30259537e-007 1.70758491e-006 2.60961594e-006 2.87146912e-006 3.46125175e-006 3.63068770e-006 3.69888293e-006 3.94085804e-006 3.85027866e-006 
2.25000000e+000 1.95655948e+001 1.00000000e+001 1.23820219e-006 4.40581962e-006 5.18080782e-006 5.34647164e-006 5.66449263e-006 5.72616773e-006 5.74474047e-006 5.59568319e-006 5.00589395e-006 
2.25000000e+000 2.31503240e+001 1.00000000e+001 5.48535331e-006 1.07801767e-005 1.02652011e-005 1.00505467e-005 9.56060931e-006 9.36721101e-006 9.27592983e-006 8.37408884e-006 6.96022214e-006 
2.25000000e+000 2.62500000e+001 1.00000000e+001 2.91174376e-005 3.00533148e-005 2.27416136e-005 2.10386586e-005 1.78216501e-005 1.68832084e-005 1.64858821e-005 1.37181887e-005 1.05477673e-005 
2.25000000e+000 2.90204669e+001 1.00000000e+001 2.24456121e-004 1.04748417e-004 6.07888557e-005 5.26921496e-005 3.90710955e-005 3.56061938e-005 3.42102191e-005 2.59034894e-005 1.81924618e-005 
2.25000000e+000 3.15485737e+001 1.00000000e+001 1.17844324e-003 2.36443406e-004 1.11306502e-004 9.22575691e-005 6.28567467e-005 5.59699535e-005 5.32664684e-005 3.82168053e-005 2.55429320e-005 
2.25000000e+000 3.38886043e+001 1.00000000e+001 8.82110881e-003 5.38035295e-004 1.92307772e-004 1.50996022e-004 9.35024182e-005 8.12509454e-005 7.65736806e-005 5.21132029e-005 3.33115272e-005 
2.50000000e+000 8.75000000e+000 1.00000000e+001 1.12341848e-008 3.28544132e-007 8.20197293e-007 1.01461748e-006 1.54110772e-006 1.72551028e-006 1.80605292e-006 2.25023525e-006 2.56274827e-006 
2.50000000e+000 1.51554446e+001 1.00000000e+001 1.27752910e-007 1.18898672e-006 1.96139686e-006 2.19736147e-006 2.74474825e-006 2.90851288e-006 2.97570301e-006 3.25001204e-006 3.25512189e-006 
2.50000000e+000 1.95655948e+001 1.00000000e+001 8.27830145e-007 3.42894630e-006 4.24796351e-006 4.43829080e-006 4.81814042e-006 4.90405718e-006 4.93390503e-006 4.88486538e-006 4.43919681e-006 
2.50000000e+000 2.31503240e+001 1.00000000e+001 4.27072598e-006 9.17480360e-006 9.01728346e-006 8.89633288e-006 8.59193124e-006 8.45413573e-006 8.38649779e-006 7.64735638e-006 6.41551918e-006 
2.50000000e+000 2.62500000e+001 1.00000000e+001 2.66543325e-005 2.81662403e-005 2.15111267e-005 1.99466805e-005 1.69767154e-005 1.61043380e-005 1.57340025e-005 1.31326565e-005 1.01234993e-005 
2.50000000e+000 2.90204669e+001 1.00000000e+001 2.55846829e-004 1.09824143e-004 6.26027244e-005 5.40589203e-005 3.97969419e-005 3.61953153e-005 3.47475110e-005 2.61835834e-005 1.82991827e-005 
2.50000000e+000 3.15485737e+001 1.00000000e+001 1.74196340e-003 2.75158006e-004 1.22373070e-004 1.00266590e-004 6.69054208e-005 5.92515355e-005 5.62654659e-005 3.98790774e-005 2.63597267e-005 
2.50000000e+000 3.38886043e+001 1.00000000e+001 1.86133235e-002 7.23888266e-004 2.29810988e-004 1.76187069e-004 1.04596704e-004 8.99230124e-005 8.43843238e-005 5.61202078e-005 3.51729474e-005 
0.00000000e+000 8.75000000e+000 2.00000000e+001 9.88747875e-005 6.88204891e-005 4.44536869e-005 3.95571596e-005 3.09892101e-005 2.86926264e-005 2.77468966e-005 2.17366040e-005 1.55684259e-005 
0.00000000e+000 1.51554446e+001 2.00000000e+001 1.17372873e-004 8.13930124e-005 5.20738298e-005 4.61032518e-005 3.55910278e-005 3.27893204e-005 3.16421793e-005 2.45143270e-005 1.74689141e-005 
0.00000000e+000 1.95655948e+001 2.00000000e+001 1.35151945e-004 9.31915323e-005 5.93136588e-005 5.23818068e-005 4.01263029e-005 3.68627711e-005 3.55295619e-005 2.73379604e-005 1.94118189e-005 
0.00000000e+000 2.31503240e+001 2.00000000e+001 1.53164458e-004 1.05057844e-004 6.66516254e-005 5.87842340e-005 4.48444565e-005 4.11310443e-005 3.96153235e-005 3.03549992e-005 2.15037697e-005 
0.00000000e+000 2.62500000e+001 2.00000000e+001 1.72479081e-004 1.17726294e-004 7.44972617e-005 6.56441058e-005 4.99458249e-005 4.57634984e-005 4.40571142e-005 3.36666860e-005 2.38119380e-005 
0.00000000e+000 2.90204669e+001 2.00000000e+001 1.93202776e-004 1.31292479e-004 8.29117271e-005 7.30101763e-005 5.54511653e-005 5.07739036e-005 4.88661429e-005 3.72742502e-005 2.63358045e-005 
0.00000000e+000 3.15485737e+001 2.00000000e+001 2.14954005e-004 1.45523706e-004 9.17576669e-005 8.07618445e-005 6.12650940e-005 5.60732105e-005 5.39560231e-005 4.11095398e-005 2.90272428e-005 
0.00000000e+000 3.38886043e+001 2.00000000e+001 2.39290205e-004 1.61450603e-004 1.01677655e-004 8.94621095e-005 6.78080054e-005 6.20438374e-005 5.96937756e-005 4.54485918e-005 3.20806580e-005 
2.50000000e-001 8.75000000e+000 2.00000000e+001 2.89985151e-005 3.39282016e-005 2.60469800e-005 2.41416602e-005 2.05081175e-005 1.94324905e-005 1.89735874e-005 1.57213846e-005 1.18955916e-005 
2.50000000e-001 1.51554446e+001 2.00000000e+001 4.11979033e-005 4.38340539e-005 3.24395539e-005 2.97292405e-005 2.45915198e-005 2.31107230e-005 2.24880931e-005 1.82945856e-005 1.36863919e-005 
2.50000000e-001 1.95655948e+001 2.00000000e+001 5.69491832e-005 5.51499252e-005 3.95381499e-005 3.59251078e-005 2.91384919e-005 2.72152846e-005 2.64133037e-005 2.11751573e-005 1.56730431e-005 
2.50000000e-001 2.31503240e+001 2.00000000e+001 7.77377317e-005 6.86673940e-005 4.77671167e-005 4.30783813e-005 3.43785054e-005 3.19489341e-005 3.09418090e-005 2.45029402e-005 1.79560029e-005 
2.50000000e-001 2.62500000e+001 2.00000000e+001 1.09192610e-004 8.68468153e-005 5.83631717e-005 5.22001955e-005 4.09519221e-005 3.78641798e-005 3.65919813e-005 2.86170500e-005 2.07426084e-005 
2.50000000e-001 2.90204669e+001 2.00000000e+001 1.62933996e-004 1.14086866e-004 7.34211751e-005 6.49916114e-005 4.99292351e-005 4.58830050e-005 4.42279533e-005 3.40752370e-005 2.43603929e-005 
2.50000000e-001 3.15485737e+001 2.00000000e+001 2.14429598e-004 1.39846330e-004 8.77887929e-005 7.72409506e-005 5.86096600e-005 5.36636984e-005 5.16486562e-005 3.94334868e-005 2.79510640e-005 
2.50000000e-001 3.38886043e+001 2.00000000e+001 2.68675538e-004 1.66012046e-004 1.02428473e-004 8.97523079e-005 6.75408681e-005 6.16920690e-005 5.93155561e-005 4.50192211e-005 3.17331181e-005 
5.00000000e-001 8.75000000e+000 2.00000000e+001 9.09290263e-006 1.71104851e-005 1.54618492e-005 1.48983072e-005 1.36777589e-005 1.32523339e-005 1.30600057e-005 1.14252441e-005 9.11923282e-006 
5.00000000e-001 1.51554446e+001 2.00000000e+001 1.67490248e-005 2.49897386e-005 2.09137283e-005 1.97481247e-005 1.73574820e-005 1.66037046e-005 1.62767604e-005 1.38381904e-005 1.08242543e-005 
5.00000000e-001 1.95655948e+001 2.00000000e+001 2.89569436e-005 3.53735266e-005 2.77175616e-005 2.57468531e-005 2.18532176e-005 2.06868518e-005 2.01912347e-005 1.67478276e-005 1.28425265e-005 
5.00000000e-001 2.31503240e+001 2.00000000e+001 4.84782882e-005 4.94027372e-005 3.64237800e-005 3.33408885e-005 2.74508610e-005 2.57517987e-005 2.50397076e-005 2.03186856e-005 1.52849342e-005 
5.00000000e-001 2.62500000e+001 2.00000000e+001 8.53399495e-005 7.12859842e-005 4.91054442e-005 4.42246947e-005 3.52313386e-005 3.27338476e-005 3.17006379e-005 2.51265050e-005 1.84982471e-005 
5.00000000e-001 2.90204669e+001 2.00000000e+001 1.65306046e-004 1.10007281e-004 6.99179753e-005 6.17543851e-005 4.72940988e-005 4.34401957e-005 4.18676225e-005 3.22642267e-005 2.31234794e-005 
5.00000000e-001 3.15485737e+001 2.00000000e+001 2.52697226e-004 1.47332339e-004 8.96008541e-005 7.83008268e-005 5.86810049e-005 5.35579942e-005 5.14816889e-005 3.90511728e-005 2.75587527e-005 
5.00000000e-001 3.38886043e+001 2.00000000e+001 3.65164446e-004 1.87292282e-004 1.09917710e-004 9.52818897e-005 7.02825413e-005 6.38578175e-005 6.12670750e-005 4.59679719e-005 3.21012062e-005 
7.50000000e-001 8.75000000e+000 2.00000000e+001 3.02148161e-006 8.81539668e-006 9.29406066e-006 9.29338392e-006 9.19168232e-006 9.09902681e-006 9.04763247e-006 8.34221521e-006 7.01363970e-006 
7.50000000e-001 1.51554446e+001 2.00000000e+001 7.44752256e-006 1.48966098e-005 1.38808626e-005 1.34582281e-005 1.24867684e-005 1.21361959e-005 1.19771302e-005 1.05983817e-005 8.63667059e-006 
7.50000000e-001 1.95655948e+001 2.00000000e+001 1.61140726e-005 2.39526009e-005 2.01850529e-005 1.90936704e-005 1.68280904e-005 1.61098804e-005 1.57987954e-005 1.34876455e-005 1.06626342e-005 
7.50000000e-001 2.31503240e+001 2.00000000e+001 3.28013526e-005 3.76006597e-005 2.89671262e-005 2.68128841e-005 2.26009094e-005 2.13537680e-005 2.08264543e-005 1.72200000e-005 1.32244615e-005 
7.50000000e-001 2.62500000e+001 2.00000000e+001 7.13970711e-005 6.17505590e-005 4.31269180e-005 3.89867379e-005 3.13221732e-005 2.91818568e-005 2.82947416e-005 2.26051883e-005 1.68070916e-005 
7.50000000e-001 2.90204669e+001 2.00000000e+001 1.75381924e-004 1.10690677e-004 6.90962536e-005 6.07761693e-005 4.61821033e-005 4.23317733e-005 4.07659771e-005 3.12852097e-005 2.23672613e-005 
7.50000000e-001 3.15485737e+001 2.00000000e+001 3.15286356e-004 1.61383266e-004 9.44729755e-005 8.18486176e-005 6.03314013e-005 5.48153558e-005 5.25929916e-005 3.94886982e-005 2.76292553e-005 
7.50000000e-001 3.38886043e+001 2.00000000e+001 5.53443918e-004 2.22037970e-004 1.22297830e-004 1.04564977e-004 7.51599920e-005 6.78141466e-005 6.48780743e-005 4.79149816e-005 3.30036994e-005 
1.00000000e+000 8.75000000e+000 2.00000000e+001 1.05360952e-006 4.63220628e-006 5.65355646e-006 5.85701936e-006 6.22245051e-006 6.28856593e-006 6.30735171e-006 6.11921017e-006 5.41151876e-006 
1.00000000e+000 1.51554446e+001 2.00000000e+001 3.49246861e-006 9.18272251e-006 9.43543888e-006 9.37051567e-006 9.13307615e-006 9.00658176e-006 8.94307560e-006 8.20932437e-006 6.94800491e-006 
1.00000000e+000 1.95655948e+001 2.00000000e+001 9.38981063e-006 1.68022057e-005 1.51138421e-005 1.45276893e-005 1.32334622e-005 1.27934650e-005 1.25985062e-005 1.10293430e-005 8.95552520e-006 
1.00000000e+000 2.31503240e+001 2.00000000e+001 2.30555298e-005 2.95711580e-005 2.36854499e-005 2.21343549e-005 1.90288417e-005 1.80851162e-005 1.76826901e-005 1.48471003e-005 1.15968527e-005 
1.00000000e+000 2.62500000e+001 2.00000000e+001 6.15087987e-005 5.50054549e-005 3.88529183e-005 3.52209082e-005 2.84635019e-005 2.65670465e-005 2.57798140e-005 2.07025397e-005 1.54933532e-005 
1.00000000e+000 2.90204669e+001 2.00000000e+001 1.89538376e-004 1.13489504e-004 6.95943115e-005 6.09498049e-005 4.59127240e-005 4.19809206e-005 4.03869058e-005 3.08177365e-005 2.19290285e-005 
1.00000000e+000 3.15485737e+001 2.00000000e+001 4.10123722e-004 1.80562222e-004 1.01420754e-004 8.70538891e-005 6.30216405e-005 5.69731791e-005 5.45506061e-005 4.04818775e-005 2.80261857e-005 
1.00000000e+000 3.38886043e+001 2.00000000e+001 9.27168763e-004 2.73117217e-004 1.39513636e-004 1.17389952e-004 8.18932490e-005 7.32964040e-005 6.98929229e-005 5.06794500e-005 3.43388717e-005 
1.25000000e+000 8.75000000e+000 2.00000000e+001 3.82065074e-007 2.47811000e-006 3.47779516e-006 3.72746078e-006 4.24220699e-006 4.37384130e-006 4.42373292e-006 4.50875355e-006 4.18850645e-006 
1.25000000e+000 1.51554446e+001 2.00000000e+001 1.69345243e-006 5.80252805e-006 6.53786150e-006 6.64025466e-006 6.77569452e-006 6.77264459e-006 6.76319805e-006 6.42350815e-006 5.63184593e-006 
1.25000000e+000 1.95655948e+001 2.00000000e+001 5.62278049e-006 1.20643146e-005 1.15461372e-005 1.12656267e-005 1.05788831e-005 1.03189209e-005 1.01999769e-005 9.13453618e-006 7.59721060e-006 
1.25000000e+000 2.31503240e+001 2.00000000e+001 1.65673494e-005 2.37274988e-005 1.97278623e-005 1.86013735e-005 1.62828945e-005 1.55573226e-005 1.52450179e-005 1.29738533e-005 1.02820953e-005 
1.25000000e+000 2.62500000e+001 2.00000000e+001 5.38870141e-005 4.97842095e-005 3.55533350e-005 3.23126970e-005 2.62473677e-005 2.45352209e-005 2.38232594e-005 1.92068414e-005 1.44421473e-005 
1.25000000e+000 2.90204669e+001 2.00000000e+001 2.07499441e-004 1.17507038e-004 7.08287063e-005 6.17729829e-005 4.61388550e-005 4.20831410e-005 4.04432878e-005 3.06748240e-005 2.17052549e-005 
1.25000000e+000 3.15485737e+001 2.00000000e+001 5.54960708e-004 2.05170119e-004 1.10172294e-004 9.36348907e-005 6.65115125e-005 5.98125715e-005 5.71452462e-005 4.18855283e-005 2.86658591e-005 
1.25000000e+000 3.38886043e+001 2.00000000e+001 1.71092047e-003 3.47384210e-004 1.62477808e-004 1.34228652e-004 9.05293848e-005 8.02992099e-005 7.62904173e-005 5.41998099e-005 3.60561084e-005 
1.50000000e+000 8.75000000e+000 2.00000000e+001 1.42977892e-007 1.34724679e-006 2.16183859e-006 2.39403504e-006 2.91172265e-006 3.06068046e-006 3.12074838e-006 3.33662307e-006 3.25187394e-006 
1.50000000e+000 1.51554446e+001 2.00000000e+001 8.40177386e-007 3.73467136e-006 4.59981510e-006 4.77324035e-006 5.08756427e-006 5.15056931e-006 5.17103485e-006 5.07147137e-006 4.59649339e-006 
1.50000000e+000 1.95655948e+001 2.00000000e+001 3.42979722e-006 8.80216861e-006 8.95043242e-006 8.86012074e-006 8.56532867e-006 8.42562056e-006 8.35801427e-006 7.64495642e-006 6.50028743e-006 
1.50000000e+000 2.31503240e+001 2.00000000e+001 1.20846200e-005 1.92920325e-005 1.66410801e-005 1.58282288e-005 1.40984641e-005 1.35378269e-005 1.32938624e-005 1.14553161e-005 9.19814239e-006 
1.50000000e+000 2.62500000e+001 2.00000000e+001 4.77509701e-005 4.55185467e-005 3.28654816e-005 2.99464190e-005 2.44472071e-005 2.28846940e-005 2.22336436e-005 1.79878083e-005 1.35775045e-005 
1.50000000e+000 2.90204669e+001 2.00000000e+001 2.29910557e-004 1.22431298e-004 7.25397691e-005 6.30100232e-005 4.66792378e-005 4.24743287e-005 4.07783112e-005 3.07458763e-005 2.16294855e-005 
1.50000000e+000 3.15485737e+001 2.00000000e+001 7.80641236e-004 2.36322763e-004 1.20779774e-004 1.01566759e-004 7.07132673e-005 6.32426443e-005 6.02860936e-005 4.36230839e-005 2.94976934e-005 
1.50000000e+000 3.38886043e+001 2.00000000e+001 3.45590619e-003 4.56460174e-004 1.92869805e-004 1.56051239e-004 1.01329130e-004 8.89840671e-005 8.41996508e-005 5.84910865e-005 3.81388702e-005 
1.75000000e+000 8.75000000e+000 2.00000000e+001 5.48803849e-008 7.43024441e-007 1.35688049e-006 1.55083526e-006 2.01136125e-006 2.15425299e-006 2.21384210e-006 2.47961468e-006 2.53226873e-006 
1.75000000e+000 1.51554446e+001 2.00000000e+001 4.24007248e-007 2.43741148e-006 3.27584858e-006 3.47108543e-006 3.85877832e-006 3.95470708e-006 3.99086517e-006 4.03571973e-006 3.77487256e-006 
1.75000000e+000 1.95655948e+001 2.00000000e+001 2.12107674e-006 6.49674290e-006 7.01399876e-006 7.04262486e-006 7.00427733e-006 6.94650597e-006 6.91430866e-006 6.45352634e-006 5.60239498e-006 
1.75000000e+000 2.31503240e+001 2.00000000e+001 8.91393000e-006 1.58335655e-005 1.41650431e-005 1.35899828e-005 1.23141209e-005 1.18824180e-005 1.16920734e-005 1.01965058e-005 8.28811862e-006 
1.75000000e+000 2.62500000e+001 2.00000000e+001 4.26740908e-005 4.19158983e-005 3.05947804e-005 2.79492358e-005 2.29319899e-005 2.14965446e-005 2.08971220e-005 1.69635251e-005 1.28485151e-005 
1.75000000e+000 2.90204669e+001 2.00000000e+001 2.57978097e-004 1.28171174e-004 7.46094010e-005 6.45474652e-005 4.74370351e-005 4.30641846e-005 4.13046161e-005 3.09645341e-005 2.16586556e-005 
1.75000000e+000 3.15485737e+001 2.00000000e+001 1.14034833e-003 2.75760900e-004 1.33474121e-004 1.10962647e-004 7.56219646e-005 6.72431530e-005 6.39482363e-005 4.56584926e-005 3.04921573e-005 
1.75000000e+000 3.38886043e+001 2.00000000e+001 7.56791507e-003 6.19311240e-004 2.33225798e-004 1.84331104e-004 1.14729621e-004 9.96437027e-005 9.38657734e-005 6.36232072e-005 4.05946491e-005 
2.00000000e+000 8.75000000e+000 2.00000000e+001 2.15036401e-008 4.15028824e-007 8.59258240e-007 1.01263578e-006 1.39785023e-006 1.52466249e-006 1.57883619e-006 1.85020669e-006 1.97766125e-006 
2.00000000e+000 1.51554446e+001 2.00000000e+001 2.16886546e-007 1.60803458e-006 2.35580227e-006 2.54797752e-006 2.95163246e-006 3.06123415e-006 3.10464779e-006 3.23371639e-006 3.11749364e-006 
2.00000000e+000 1.95655948e+001 2.00000000e+001 1.32608522e-006 4.83738084e-006 5.54225313e-006 5.64382804e-006 5.77267487e-006 5.77115602e-006 5.76363205e-006 5.48632425e-006 4.85845680e-006 
2.00000000e+000 2.31503240e+001 2.00000000e+001 6.63388452e-006 1.30874711e-005 1.21393085e-005 1.17469025e-005 1.08269914e-005 1.04981881e-005 1.03508427e-005 9.13364165e-006 7.51198954e-006 
2.00000000e+000 2.62500000e+001 2.00000000e+001 3.83909997e-005 3.88062737e-005 2.86282549e-005 2.62199276e-005 2.16224754e-005 2.02978831e-005 1.97434832e-005 1.60812318e-005 1.22205518e-005 
2.00000000e+000 2.90204669e+001 2.00000000e+001 2.93489199e-004 1.34735035e-004 7.69855376e-005 6.63307273e-005 4.83596076e-005 4.38021378e-005 4.19726773e-005 3.12904103e-005 2.17645815e-005 
2.00000000e+000 3.15485737e+001 2.00000000e+001 1.72699474e-003 3.25913725e-004 1.48616249e-004 1.22027617e-004 8.12825836e-005 7.18361257e-005 6.81461804e-005 4.79805072e-005 3.16333401e-005 
2.00000000e+000 3.38886043e+001 2.00000000e+001 1.77528405e-002 8.67042333e-004 2.87223455e-004 2.21164597e-004 1.31349259e-004 1.12697826e-004 1.05643468e-004 6.97114794e-005 4.34492874e-005 
2.25000000e+000 8.75000000e+000 2.00000000e+001 8.56948917e-009 2.34439280e-007 5.48587177e-007 6.66089850e-007 9.77030687e-007 1.08472785e-006 1.13164851e-006 1.38594129e-006 1.54889623e-006 
2.25000000e+000 1.51554446e+001 2.00000000e+001 1.12184147e-007 1.07006575e-006 1.70760274e-006 1.88479238e-006 2.27381583e-006 2.38594434e-006 2.43160772e-006 2.60670040e-006 2.58751259e-006 
2.25000000e+000 1.95655948e+001 2.00000000e+001 8.36544937e-007 3.62695899e-006 4.40794856e-006 4.55203125e-006 4.78739025e-006 4.82429470e-006 4.83394964e-006 4.69123098e-006 4.23543734e-006 
2.25000000e+000 2.31503240e+001 2.00000000e+001 4.97364107e-006 1.08785336e-005 1.04582119e-005 1.02068790e-005 9.56855599e-006 9.32287501e-006 9.21047257e-006 8.22276180e-006 6.84110258e-006 
2.25000000e+000 2.62500000e+001 2.00000000e+001 3.47235063e-005 3.60809136e-005 2.68952120e-005 2.46951588e-005 2.04684428e-005 1.92421527e-005 1.87277067e-005 1.53060382e-005 1.16696729e-005 
2.25000000e+000 2.90204669e+001 2.00000000e+001 3.38964220e-004 1.42187864e-004 7.96496329e-005 6.83354502e-005 4.94182660e-005 4.46596199e-005 4.27541300e-005 3.16986122e-005 2.19286352e-005 
2.25000000e+000 3.15485737e+001 2.00000000e+001 2.70527243e-003 3.90092492e-004 1.66689707e-004 1.35044700e-004 8.77750620e-005 7.70721215e-005 7.29207179e-005 5.05939181e-005 3.29143625e-005 
2.25000000e+000 3.38886043e+001 2.00000000e+001 4.40497821e-002 1.25130884e-003 3.60167667e-004 2.69491821e-004 1.52020936e-004 1.28709092e-004 1.20008000e-004 7.69145606e-005 4.67440854e-005 
2.50000000e+000 8.75000000e+000 2.00000000e+001 3.46345943e-009 1.33748644e-007 3.52858709e-007 4.41116940e-007 6.86562762e-007 7.75549141e-007 8.14987278e-007 1.04204284e-006 1.21641471e-006 
2.50000000e+000 1.51554446e+001 2.00000000e+001 5.85803319e-008 7.17145857e-007 1.24583989e-006 1.40311776e-006 1.76215322e-006 1.87048385e-006 1.91546379e-006 2.11227260e-006 2.15724738e-006 
2.50000000e+000 1.95655948e+001 2.00000000e+001 5.31773010e-007 2.73496548e-006 3.52432050e-006 3.69056103e-006 3.99040610e-006 4.05305020e-006 4.07451531e-006 4.03070588e-006 3.70877529e-006 
2.50000000e+000 2.31503240e+001 2.00000000e+001 3.75257135e-006 9.08425052e-006 9.04824908e-006 8.90595102e-006 8.49119854e-006 8.31310644e-006 8.22931635e-006 7.43273293e-006 6.25458538e-006 
2.50000000e+000 2.62500000e+001 2.00000000e+001 3.15461873e-005 3.36649846e-005 2.53484009e-005 2.33328090e-005 1.94365395e-005 1.82983415e-005 1.78197492e-005 1.46142151e-005 1.11790288e-005 
2.50000000e+000 2.90204669e+001 2.00000000e+001 3.97916677e-004 1.50636180e-004 8.26021169e-005 7.05541021e-005 5.05978583e-005 4.56206770e-005 4.36328262e-005 3.21736672e-005 2.21383917e-005 
2.50000000e+000 3.15485737e+001 2.00000000e+001 4.37099006e-003 4.72797665e-004 1.88314126e-004 1.50376615e-004 9.52083819e-005 8.30240567e-005 7.83327831e-005 5.35147180e-005 3.43345456e-005 
2.50000000e+000 3.38886043e+001 2.00000000e+001 1.14270350e-001 1.85903258e-003 4.59744423e-004 3.33437697e-004 1.77850170e-004 1.48415333e-004 1.37579957e-004 8.54375283e-005 5.05347619e-005 
END