TITLE="3SCB_ER_E_WD105.dat"
VARIABLES= "Density" "Radius" "Height" "0.1053" "0.356" "0.6617" "0.7889" "1.1732" "1.3325" "1.408" "2" "3" 
ZONE T="3D Data" I=11 J=8 K=3 F=POINT
0.00000000e+000 2.18750000e+000 0.00000000e+000 1.95442773e-004 1.32587114e-004 8.66102129e-005 7.72760972e-005 6.05455474e-005 5.59594721e-005 5.40631980e-005 4.20683801e-005 3.00647206e-005 
0.00000000e+000 6.56250000e+000 0.00000000e+000 2.05133632e-004 1.39225347e-004 9.03524624e-005 8.04260909e-005 6.27031608e-005 5.78769762e-005 5.58866505e-005 4.33805207e-005 3.09775721e-005 
0.00000000e+000 1.09375000e+001 0.00000000e+000 2.22250550e-004 1.50791926e-004 9.69186412e-005 8.59466275e-005 6.64409779e-005 6.11807184e-005 5.90206251e-005 4.56026422e-005 3.25078421e-005 
0.00000000e+000 1.53125000e+001 0.00000000e+000 2.31226032e-004 1.56769456e-004 1.00420349e-004 8.89099249e-005 6.84437711e-005 6.29415051e-005 6.06861985e-005 4.67580862e-005 3.32851597e-005 
0.00000000e+000 1.96875000e+001 0.00000000e+000 2.27035466e-004 1.53907947e-004 9.86997304e-005 8.74277102e-005 6.73635297e-005 6.19601380e-005 5.97440291e-005 4.60408938e-005 3.27629646e-005 
0.00000000e+000 2.40625000e+001 0.00000000e+000 2.17938194e-004 1.47615267e-004 9.48645567e-005 8.41230043e-005 6.49975385e-005 5.98337430e-005 5.77129511e-005 4.45445276e-005 3.16988951e-005 
0.00000000e+000 2.84375000e+001 0.00000000e+000 2.15588339e-004 1.46090190e-004 9.37334877e-005 8.30997032e-005 6.42152389e-005 5.91255229e-005 5.70355294e-005 4.40482715e-005 3.13450628e-005 
0.00000000e+000 3.28125000e+001 0.00000000e+000 2.31053217e-004 1.56347443e-004 9.98785085e-005 8.83955227e-005 6.80408160e-005 6.25799007e-005 6.03420291e-005 4.65072467e-005 3.30628902e-005 
2.50000000e-001 2.18750000e+000 0.00000000e+000 5.78552329e-005 6.61996540e-005 5.13968298e-005 4.77609910e-005 4.05587239e-005 3.83536895e-005 3.74073329e-005 3.07565043e-005 2.31879742e-005 
2.50000000e-001 6.56250000e+000 0.00000000e+000 6.33781351e-005 7.09436757e-005 5.43896189e-005 5.03565126e-005 4.24446054e-005 4.00561454e-005 3.90363602e-005 3.19655300e-005 2.40440724e-005 
2.50000000e-001 1.09375000e+001 0.00000000e+000 7.48440950e-005 8.00999620e-005 6.00795971e-005 5.52661082e-005 4.59521376e-005 4.32016761e-005 4.20373782e-005 3.41519059e-005 2.55650738e-005 
2.50000000e-001 1.53125000e+001 0.00000000e+000 8.83574323e-005 8.86043922e-005 6.50432069e-005 5.94972765e-005 4.88869469e-005 4.58033732e-005 4.45061665e-005 3.58791328e-005 2.66972081e-005 
2.50000000e-001 1.96875000e+001 0.00000000e+000 1.02930951e-004 9.47582599e-005 6.79337636e-005 6.18279465e-005 5.03132032e-005 4.70118331e-005 4.56288986e-005 3.65417255e-005 2.70075492e-005 
2.50000000e-001 2.40625000e+001 0.00000000e+000 1.22228139e-004 1.01430474e-004 7.06435411e-005 6.39165764e-005 5.14607371e-005 4.79452633e-005 4.64790892e-005 3.69548564e-005 2.70876749e-005 
2.50000000e-001 2.84375000e+001 0.00000000e+000 1.64637635e-004 1.18953026e-004 7.90355161e-005 7.07449174e-005 5.58129771e-005 5.17144521e-005 5.00199256e-005 3.92581718e-005 2.84040500e-005 
2.50000000e-001 3.28125000e+001 0.00000000e+000 2.23193291e-004 1.46716803e-004 9.38866692e-005 8.32202076e-005 6.43443867e-005 5.92767196e-005 5.71983696e-005 4.42940519e-005 3.16619388e-005 
5.00000000e-001 2.18750000e+000 0.00000000e+000 1.73103405e-005 3.31678036e-005 3.05598224e-005 2.95679393e-005 2.72009599e-005 2.63137740e-005 2.59078982e-005 2.25020428e-005 1.78927571e-005 
5.00000000e-001 6.56250000e+000 0.00000000e+000 2.04042189e-005 3.66564698e-005 3.30027961e-005 3.17442910e-005 2.88679647e-005 2.78399226e-005 2.73764015e-005 2.36230865e-005 1.87000500e-005 
5.00000000e-001 1.09375000e+001 0.00000000e+000 2.76413209e-005 4.39818398e-005 3.79707056e-005 3.61322520e-005 3.21558606e-005 3.08268832e-005 3.02408257e-005 2.57633463e-005 2.02068359e-005 
5.00000000e-001 1.53125000e+001 0.00000000e+000 3.92155925e-005 5.30881924e-005 4.36255992e-005 4.10311601e-005 3.56755155e-005 3.39788162e-005 3.32439246e-005 2.79054804e-005 2.16159370e-005 
5.00000000e-001 1.96875000e+001 0.00000000e+000 5.71383662e-005 6.36721041e-005 4.93495412e-005 4.58196268e-005 3.88697343e-005 3.67700989e-005 3.58741818e-005 2.96338232e-005 2.26036128e-005 
5.00000000e-001 2.40625000e+001 0.00000000e+000 8.70402358e-005 7.82278053e-005 5.66506312e-005 5.18160760e-005 4.27270388e-005 4.01045764e-005 3.90014644e-005 3.16185829e-005 2.36620139e-005 
5.00000000e-001 2.84375000e+001 0.00000000e+000 1.59180008e-004 1.10258963e-004 7.27492197e-005 6.50967498e-005 5.14336331e-005 4.77057574e-005 4.61663243e-005 3.63815966e-005 2.64784504e-005 
5.00000000e-001 3.28125000e+001 0.00000000e+000 2.62163997e-004 1.53617954e-004 9.52271123e-005 8.38592451e-005 6.41023002e-005 5.88878076e-005 5.67603815e-005 4.37092220e-005 3.11208014e-005 
7.50000000e-001 2.18750000e+000 0.00000000e+000 5.23455893e-006 1.66756457e-005 1.82059077e-005 1.83353088e-005 1.82634164e-005 1.80718060e-005 1.79608969e-005 1.64744413e-005 1.38133986e-005 
7.50000000e-001 6.56250000e+000 0.00000000e+000 6.81199144e-006 1.91917618e-005 2.01801251e-005 2.01435106e-005 1.97251608e-005 1.94294899e-005 1.92748716e-005 1.75080134e-005 1.45726876e-005 
7.50000000e-001 1.09375000e+001 0.00000000e+000 1.09365698e-005 2.48599000e-005 2.44255411e-005 2.39869120e-005 2.27501671e-005 2.22147107e-005 2.19602475e-005 1.95708020e-005 1.60495683e-005 
7.50000000e-001 1.53125000e+001 0.00000000e+000 1.90338896e-005 3.32834288e-005 3.01310874e-005 2.90336013e-005 2.65324375e-005 2.56424808e-005 2.52420822e-005 2.19730244e-005 1.76559690e-005 
7.50000000e-001 1.96875000e+001 0.00000000e+000 3.47921153e-005 4.53353290e-005 3.73268992e-005 3.52022090e-005 3.08642089e-005 2.94885373e-005 2.88912431e-005 2.44798892e-005 1.91737067e-005 
7.50000000e-001 2.40625000e+001 0.00000000e+000 6.71658531e-005 6.42437618e-005 4.76570156e-005 4.38793137e-005 3.67244445e-005 3.46347238e-005 3.37513395e-005 2.77198696e-005 2.10496804e-005 
7.50000000e-001 2.84375000e+001 0.00000000e+000 1.62705423e-004 1.07941883e-004 7.01531840e-005 6.25697585e-005 4.91649497e-005 4.55452037e-005 4.40553609e-005 3.46531911e-005 2.52154834e-005 
7.50000000e-001 3.28125000e+001 0.00000000e+000 3.26157242e-004 1.68079153e-004 1.00276501e-004 8.75447535e-005 6.58228906e-005 6.01975053e-005 5.79166857e-005 4.41498378e-005 3.11600191e-005 
1.00000000e+000 2.18750000e+000 0.00000000e+000 1.59947640e-006 8.41296705e-006 1.08672609e-005 1.13887061e-005 1.22765831e-005 1.24240243e-005 1.24636191e-005 1.20698864e-005 1.06692187e-005 
1.00000000e+000 6.56250000e+000 0.00000000e+000 2.34526167e-006 1.01722965e-005 1.24304660e-005 1.28632801e-005 1.35386421e-005 1.36144358e-005 1.36228875e-005 1.30123660e-005 1.13784912e-005 
1.00000000e+000 1.09375000e+001 0.00000000e+000 4.54238482e-006 1.44004278e-005 1.59624114e-005 1.61459061e-005 1.62600318e-005 1.61561073e-005 1.60876433e-005 1.49647993e-005 1.28071718e-005 
1.00000000e+000 1.53125000e+001 0.00000000e+000 9.72745748e-006 2.15804676e-005 2.13121179e-005 2.09868096e-005 2.00577168e-005 1.96426405e-005 1.94435181e-005 1.74944092e-005 1.45382703e-005 
1.00000000e+000 1.96875000e+001 0.00000000e+000 2.21388013e-005 3.34821151e-005 2.90627568e-005 2.77753016e-005 2.50412067e-005 2.41265507e-005 2.37219481e-005 2.05375863e-005 1.64553870e-005 
1.00000000e+000 2.40625000e+001 0.00000000e+000 5.35295135e-005 5.45345308e-005 4.12941816e-005 3.82157252e-005 3.23376094e-005 3.06023579e-005 2.98659256e-005 2.47590547e-005 1.90035344e-005 
1.00000000e+000 2.84375000e+001 0.00000000e+000 1.69904039e-004 1.08184174e-004 6.92890254e-005 6.15764909e-005 4.80419011e-005 4.44184139e-005 4.29316006e-005 3.36266033e-005 2.43900866e-005 
1.00000000e+000 3.28125000e+001 0.00000000e+000 4.22267322e-004 1.87953124e-004 1.07684218e-004 9.31517008e-005 6.87934360e-005 6.25986868e-005 6.01020402e-005 4.52755935e-005 3.16053869e-005 
1.25000000e+000 2.18750000e+000 0.00000000e+000 4.93646416e-007 4.25899456e-006 6.49938746e-006 7.08563115e-006 8.26171825e-006 8.54998066e-006 8.65725950e-006 8.84910448e-006 8.24467354e-006 
1.25000000e+000 6.56250000e+000 0.00000000e+000 8.28214003e-007 5.45293025e-006 7.71031285e-006 8.26392066e-006 9.33276098e-006 9.57691612e-006 9.66400250e-006 9.69760930e-006 8.90147356e-006 
1.25000000e+000 1.09375000e+001 0.00000000e+000 1.95146232e-006 8.51251621e-006 1.05773505e-005 1.10027274e-005 1.17297845e-005 1.18495019e-005 1.18813433e-005 1.15136341e-005 1.02652867e-005 
1.25000000e+000 1.53125000e+001 0.00000000e+000 5.12970230e-006 1.43389635e-005 1.53621470e-005 1.54350247e-005 1.53743973e-005 1.52406043e-005 1.51634571e-005 1.40660420e-005 1.20593466e-005 
1.25000000e+000 1.96875000e+001 0.00000000e+000 1.44387254e-005 2.53088391e-005 2.30950492e-005 2.23430190e-005 2.06565606e-005 2.00511198e-005 1.97770446e-005 1.74509040e-005 1.42645813e-005 
1.25000000e+000 2.40625000e+001 0.00000000e+000 4.34151996e-005 4.71507045e-005 3.64408183e-005 3.38854835e-005 2.89523166e-005 2.74776503e-005 2.68491631e-005 2.24262448e-005 1.73581534e-005 
1.25000000e+000 2.84375000e+001 0.00000000e+000 1.80073764e-004 1.09706144e-004 6.93189051e-005 6.13957934e-005 4.75691775e-005 4.38923209e-005 4.23873273e-005 3.30390028e-005 2.38577720e-005 
1.25000000e+000 3.28125000e+001 0.00000000e+000 5.68694823e-004 2.13338701e-004 1.17034246e-004 1.00273223e-004 7.26879507e-005 6.57978601e-005 6.30371170e-005 4.68969498e-005 3.23489178e-005 
1.50000000e+000 2.18750000e+000 0.00000000e+000 1.53785129e-007 2.16341393e-006 3.89463001e-006 4.41569219e-006 5.56621572e-006 5.88992350e-006 6.01916802e-006 6.49230598e-006 6.37416083e-006 
1.50000000e+000 6.56250000e+000 0.00000000e+000 2.98612624e-007 2.95321879e-006 4.81386012e-006 5.33945530e-006 6.46023878e-006 6.76201646e-006 6.88013567e-006 7.24650498e-006 6.97675815e-006 
1.50000000e+000 1.09375000e+001 0.00000000e+000 8.58714929e-007 5.11594446e-006 7.09377662e-006 7.57954478e-006 8.53306863e-006 8.75802691e-006 8.84006789e-006 8.90940944e-006 8.26255786e-006 
1.50000000e+000 1.53125000e+001 0.00000000e+000 2.76201961e-006 9.69887899e-006 1.12392033e-005 1.15106152e-005 1.19219072e-005 1.19540897e-005 1.19508005e-005 1.14073318e-005 1.00696427e-005 
1.50000000e+000 1.96875000e+001 0.00000000e+000 9.57052435e-006 1.94259813e-005 1.86200730e-005 1.82267574e-005 1.72568005e-005 1.68678337e-005 1.66858953e-005 1.49825633e-005 1.24709250e-005 
1.50000000e+000 2.40625000e+001 0.00000000e+000 3.56318350e-005 4.12257632e-005 3.25355336e-005 3.03998716e-005 2.62207961e-005 2.49525829e-005 2.44094074e-005 2.05263844e-005 1.60017835e-005 
1.50000000e+000 2.84375000e+001 0.00000000e+000 1.93552717e-004 1.12058044e-004 6.98720791e-005 6.16905558e-005 4.74876564e-005 4.37327532e-005 4.21990000e-005 3.27339410e-005 2.35251289e-005 
1.50000000e+000 3.28125000e+001 0.00000000e+000 7.98437489e-004 2.45315470e-004 1.28327438e-004 1.08835261e-004 7.73781456e-005 6.96670603e-005 6.65955605e-005 4.89120392e-005 3.33245896e-005 
1.75000000e+000 2.18750000e+000 0.00000000e+000 4.83198397e-008 1.10260555e-006 2.33827796e-006 2.75633440e-006 3.75444232e-006 4.06158123e-006 4.18901241e-006 4.76652548e-006 4.93038914e-006 
1.75000000e+000 6.56250000e+000 0.00000000e+000 1.09507435e-007 1.61424373e-006 3.02384561e-006 3.46844662e-006 4.48960045e-006 4.79162832e-006 4.91503307e-006 5.42889735e-006 5.47823595e-006 
1.75000000e+000 1.09375000e+001 0.00000000e+000 3.84587634e-007 3.11621805e-006 4.80690471e-006 5.27092538e-006 6.25448536e-006 6.51832051e-006 6.62163027e-006 6.93096754e-006 6.67694739e-006 
1.75000000e+000 1.53125000e+001 0.00000000e+000 1.50972398e-006 6.64771802e-006 8.31942359e-006 8.67983292e-006 9.33413531e-006 9.46221244e-006 9.50302531e-006 9.32075256e-006 8.45834006e-006 
1.75000000e+000 1.96875000e+001 0.00000000e+000 6.41980519e-006 1.50705627e-005 1.51697927e-005 1.50225210e-005 1.45568742e-005 1.43242362e-005 1.42093892e-005 1.29717018e-005 1.09810893e-005 
1.75000000e+000 2.40625000e+001 0.00000000e+000 2.95118303e-005 3.63189837e-005 2.92777446e-005 2.74906031e-005 2.39395005e-005 2.28429431e-005 2.23705964e-005 1.89345702e-005 1.48581267e-005 
1.75000000e+000 2.84375000e+001 0.00000000e+000 2.11191390e-004 1.15086792e-004 7.07795612e-005 6.22987699e-005 4.76589994e-005 4.38107923e-005 4.22419542e-005 3.26171846e-005 2.33313057e-005 
1.75000000e+000 3.28125000e+001 0.00000000e+000 1.17115660e-003 2.85666483e-004 1.41784332e-004 1.18936951e-004 8.28421726e-005 7.41692997e-005 7.07359068e-005 5.12709775e-005 3.44932436e-005 
2.00000000e+000 2.18750000e+000 0.00000000e+000 1.52994361e-008 5.63781816e-007 1.40654649e-006 1.72334736e-006 2.53527414e-006 2.80362835e-006 2.91813239e-006 3.50193254e-006 3.81546855e-006 
2.00000000e+000 6.56250000e+000 0.00000000e+000 4.07240994e-008 8.89665031e-007 1.91018962e-006 2.26437233e-006 3.13185077e-006 3.40702063e-006 3.52273032e-006 4.07732272e-006 4.30925814e-006 
2.00000000e+000 1.09375000e+001 0.00000000e+000 1.74585136e-007 1.91900544e-006 3.28617507e-006 3.69560113e-006 4.61523861e-006 4.88183055e-006 4.99007848e-006 5.41830051e-006 5.41570161e-006 
2.00000000e+000 1.53125000e+001 0.00000000e+000 8.34878522e-007 4.60256558e-006 6.21532502e-006 6.60375556e-006 7.36662277e-006 7.54724982e-006 7.61344648e-006 7.66542122e-006 7.14261196e-006 
2.00000000e+000 1.96875000e+001 0.00000000e+000 4.34720262e-006 1.17841602e-005 1.24551407e-005 1.24774324e-005 1.23714677e-005 1.22539204e-005 1.21889431e-005 1.13072018e-005 9.72746561e-006 
2.00000000e+000 2.40625000e+001 0.00000000e+000 2.46282470e-005 3.21752658e-005 2.64940205e-005 2.50010592e-005 2.19846369e-005 2.10348878e-005 2.06231370e-005 1.75692211e-005 1.38744638e-005 
2.00000000e+000 2.84375000e+001 0.00000000e+000 2.34347054e-004 1.18760646e-004 7.19636921e-005 6.31411823e-005 4.80079175e-005 4.40541923e-005 4.24454699e-005 3.26312609e-005 2.32363341e-005 
2.00000000e+000 3.28125000e+001 0.00000000e+000 1.79693489e-003 3.36942379e-004 1.57777176e-004 1.30787585e-004 8.91209486e-005 7.93212056e-005 7.54668262e-005 5.39556611e-005 3.58331659e-005 
2.25000000e+000 2.18750000e+000 0.00000000e+000 4.87749928e-009 2.89177120e-007 8.47673430e-007 1.07923055e-006 1.71394158e-006 1.93724173e-006 2.03476852e-006 2.57463694e-006 2.95408423e-006 
2.25000000e+000 6.56250000e+000 0.00000000e+000 1.53221646e-008 4.93944644e-007 1.21298018e-006 1.48519534e-006 2.19250337e-006 2.43039809e-006 2.53272345e-006 3.06957662e-006 3.39560572e-006 
2.25000000e+000 1.09375000e+001 0.00000000e+000 8.01106565e-008 1.19237535e-006 2.26356082e-006 2.60949004e-006 3.42598514e-006 3.67672841e-006 3.78106488e-006 4.25479284e-006 4.40797286e-006 
2.25000000e+000 1.53125000e+001 0.00000000e+000 4.66073794e-007 3.21188574e-006 4.67784500e-006 5.06053473e-006 5.85248896e-006 6.05852502e-006 6.13817395e-006 6.33948995e-006 6.05999461e-006 
2.25000000e+000 1.96875000e+001 0.00000000e+000 2.96688124e-006 9.27106093e-006 1.02873981e-005 1.04252494e-005 1.05758359e-005 1.05437706e-005 1.05162730e-005 9.91074873e-006 8.66044691e-006 
2.25000000e+000 2.40625000e+001 0.00000000e+000 2.06874707e-005 2.86302586e-005 2.40763774e-005 2.28336765e-005 2.02776474e-005 1.94554363e-005 1.90964292e-005 1.63758486e-005 1.30138747e-005 
2.25000000e+000 2.84375000e+001 0.00000000e+000 2.65044205e-004 1.23108569e-004 7.33908418e-005 6.41795226e-005 4.84928728e-005 4.44218667e-005 4.27688330e-005 3.27406798e-005 2.32137360e-005 
2.25000000e+000 3.28125000e+001 0.00000000e+000 2.88305799e-003 4.02699398e-004 1.76817646e-004 1.44686662e-004 9.62980257e-005 8.51747103e-005 8.08296914e-005 5.69683692e-005 3.73342103e-005 
2.50000000e+000 2.18750000e+000 0.00000000e+000 1.56441542e-009 1.48772068e-007 5.11804914e-007 6.76933888e-007 1.15999253e-006 1.33993206e-006 1.42016751e-006 1.89419978e-006 2.28826293e-006 
2.50000000e+000 6.56250000e+000 0.00000000e+000 5.82184539e-009 2.76041497e-007 7.73942459e-007 9.78350042e-007 1.54005642e-006 1.73906791e-006 1.82634375e-006 2.31622142e-006 2.68016965e-006 
2.50000000e+000 1.09375000e+001 0.00000000e+000 3.70868574e-008 7.46394696e-007 1.56925923e-006 1.85387755e-006 2.55663658e-006 2.78298091e-006 2.87897112e-006 3.35482929e-006 3.59937317e-006 
2.50000000e+000 1.53125000e+001 0.00000000e+000 2.62263966e-007 2.25576199e-006 3.54190523e-006 3.90083514e-006 4.67534154e-006 4.88971530e-006 4.97515646e-006 5.26831860e-006 5.16294417e-006 
2.50000000e+000 1.96875000e+001 0.00000000e+000 2.03844937e-006 7.33027889e-006 8.53720004e-006 8.75165434e-006 9.08306264e-006 9.11447640e-006 9.11522634e-006 8.72597394e-006 7.74313547e-006 
2.50000000e+000 2.40625000e+001 0.00000000e+000 1.74784696e-005 2.55692761e-005 2.19526452e-005 2.09237013e-005 1.87663942e-005 1.80559297e-005 1.77432786e-005 1.53171512e-005 1.22501145e-005 
2.50000000e+000 2.84375000e+001 0.00000000e+000 3.06265317e-004 1.28198942e-004 7.50505115e-005 6.53971122e-005 4.90909686e-005 4.48903044e-005 4.31884154e-005 3.29232804e-005 2.32458184e-005 
2.50000000e+000 3.28125000e+001 0.00000000e+000 4.82684296e-003 4.87892136e-004 1.99572504e-004 1.61024994e-004 1.04491472e-004 9.18087176e-005 8.68903288e-005 6.03254212e-005 3.89941385e-005 
0.00000000e+000 2.18750000e+000 1.00000000e+001 1.40074980e-004 9.64758650e-005 6.35705802e-005 5.69234193e-005 4.50367083e-005 4.17631294e-005 4.04043763e-005 3.16783296e-005 2.27134306e-005 
0.00000000e+000 6.56250000e+000 1.00000000e+001 1.44711793e-004 9.96004620e-005 6.52817496e-005 5.83447693e-005 4.59748623e-005 4.25863103e-005 4.11829269e-005 3.22216480e-005 2.30842784e-005 
0.00000000e+000 1.09375000e+001 1.00000000e+001 1.52660661e-004 1.04786029e-004 6.81548432e-005 6.07321329e-005 4.75338733e-005 4.39458947e-005 4.24651092e-005 3.31000352e-005 2.36753765e-005 
0.00000000e+000 1.53125000e+001 1.00000000e+001 1.58149871e-004 1.08480602e-004 7.03035115e-005 6.25427212e-005 4.87381037e-005 4.49971777e-005 4.34563162e-005 3.37731904e-005 2.41204188e-005 
0.00000000e+000 1.96875000e+001 1.00000000e+001 1.59129097e-004 1.09203039e-004 7.06293806e-005 6.27887114e-005 4.88479116e-005 4.50747482e-005 4.35216446e-005 3.37832614e-005 2.41071276e-005 
0.00000000e+000 2.40625000e+001 1.00000000e+001 1.60830903e-004 1.10413974e-004 7.11905221e-005 6.32197169e-005 4.90730168e-005 4.52547807e-005 4.36847910e-005 3.38669706e-005 2.41442707e-005 
0.00000000e+000 2.84375000e+001 1.00000000e+001 1.70840026e-004 1.17126414e-004 7.50229228e-005 6.64593540e-005 5.13020700e-005 4.72357193e-005 4.55681857e-005 3.52163172e-005 2.50671459e-005 
0.00000000e+000 3.28125000e+001 1.00000000e+001 1.94779324e-004 1.33022856e-004 8.46324118e-005 7.47582488e-005 5.72892895e-005 5.26275667e-005 5.07217473e-005 3.90076313e-005 2.76999198e-005 
2.50000000e-001 2.18750000e+000 1.00000000e+001 4.05976870e-005 4.75947902e-005 3.73863347e-005 3.48911878e-005 2.99621722e-005 2.84382949e-005 2.77799775e-005 2.30359483e-005 1.74401915e-005 
2.50000000e-001 6.56250000e+000 1.00000000e+001 4.34257435e-005 4.99219060e-005 3.88164625e-005 3.61195201e-005 3.08317426e-005 2.92161236e-005 2.85212730e-005 2.35724851e-005 1.78110833e-005 
2.50000000e-001 1.09375000e+001 1.00000000e+001 4.91690274e-005 5.42667367e-005 4.14562200e-005 3.83793833e-005 3.24099989e-005 3.06193493e-005 2.98548551e-005 2.45194720e-005 1.84519297e-005 
2.50000000e-001 1.53125000e+001 1.00000000e+001 5.65624678e-005 5.90304085e-005 4.42693883e-005 4.07842214e-005 3.40837302e-005 3.21031101e-005 3.12625828e-005 2.55012015e-005 1.90910333e-005 
2.50000000e-001 1.96875000e+001 1.00000000e+001 6.59750276e-005 6.38511628e-005 4.67708096e-005 4.28566165e-005 3.54401503e-005 3.32826203e-005 3.23720032e-005 2.62262420e-005 1.95127508e-005 
2.50000000e-001 2.40625000e+001 1.00000000e+001 8.18321484e-005 7.16594239e-005 5.07599935e-005 4.61454775e-005 3.75811439e-005 3.51461018e-005 3.41262014e-005 2.73844177e-005 2.01979201e-005 
2.50000000e-001 2.84375000e+001 1.00000000e+001 1.24808294e-004 9.26299425e-005 6.17461469e-005 5.52926379e-005 4.36933910e-005 4.05199806e-005 3.92089318e-005 3.08675277e-005 2.23961589e-005 
2.50000000e-001 3.28125000e+001 1.00000000e+001 1.84051095e-004 1.23028653e-004 7.85278209e-005 6.94928450e-005 5.35326758e-005 4.92717444e-005 4.75286179e-005 3.67647965e-005 2.62878288e-005 
5.00000000e-001 2.18750000e+000 1.00000000e+001 1.18939034e-005 2.35622396e-005 2.20304310e-005 2.14222725e-005 1.99563878e-005 1.93847523e-005 1.91187446e-005 1.67631793e-005 1.33977059e-005 
5.00000000e-001 6.56250000e+000 1.00000000e+001 1.35961533e-005 2.53812949e-005 2.32688263e-005 2.25162074e-005 2.07766649e-005 2.01300584e-005 1.98334701e-005 1.72962811e-005 1.37706109e-005 
5.00000000e-001 1.09375000e+001 1.00000000e+001 1.74677359e-005 2.90982070e-005 2.57303706e-005 2.46762658e-005 2.23680234e-005 2.15664887e-005 2.12068890e-005 1.83003881e-005 1.44559837e-005 
5.00000000e-001 1.53125000e+001 1.00000000e+001 2.38119316e-005 3.41802520e-005 2.89203632e-005 2.74500805e-005 2.43762134e-005 2.33681560e-005 2.29245859e-005 1.95273303e-005 1.52586732e-005 
5.00000000e-001 1.96875000e+001 1.00000000e+001 3.43031797e-005 4.10239976e-005 3.28006289e-005 3.07402251e-005 2.66437562e-005 2.53727301e-005 2.48234472e-005 2.08232239e-005 1.60454497e-005 
5.00000000e-001 2.40625000e+001 1.00000000e+001 5.46150656e-005 5.27309180e-005 3.91864975e-005 3.61016270e-005 3.02729859e-005 2.85683843e-005 2.78462770e-005 2.28754066e-005 1.72913814e-005 
5.00000000e-001 2.84375000e+001 1.00000000e+001 1.19286277e-004 8.45180001e-005 5.59480984e-005 5.00933308e-005 3.96733243e-005 3.68421498e-005 3.56741009e-005 2.82317443e-005 2.06348418e-005 
5.00000000e-001 3.28125000e+001 1.00000000e+001 2.16566519e-004 1.27954488e-004 7.90076960e-005 6.94458141e-005 5.28765503e-005 4.85325382e-005 4.67652334e-005 3.59859438e-005 2.56489707e-005 
7.50000000e-001 2.18750000e+000 1.00000000e+001 3.52222458e-006 1.17055019e-005 1.30072851e-005 1.31746926e-005 1.33073830e-005 1.32270569e-005 1.31707629e-005 1.22071197e-005 1.02972280e-005 
7.50000000e-001 6.56250000e+000 1.00000000e+001 4.42119912e-006 1.30813207e-005 1.40593164e-005 1.41313483e-005 1.40673333e-005 1.39284546e-005 1.38476164e-005 1.27283326e-005 1.06682977e-005 
7.50000000e-001 1.09375000e+001 1.00000000e+001 6.68828916e-006 1.60928780e-005 1.62710452e-005 1.61236970e-005 1.56161993e-005 1.53476868e-005 1.52128437e-005 1.37579497e-005 1.13827832e-005 
7.50000000e-001 1.53125000e+001 1.00000000e+001 1.10990740e-005 2.08028229e-005 1.95019249e-005 1.89943220e-005 1.77895496e-005 1.73228218e-005 1.71058955e-005 1.51487915e-005 1.23085075e-005 
7.50000000e-001 1.96875000e+001 1.00000000e+001 1.99350410e-005 2.81519077e-005 2.40579204e-005 2.29434520e-005 2.06378469e-005 1.98749048e-005 1.95370913e-005 1.68642300e-005 1.33842016e-005 
7.50000000e-001 2.40625000e+001 1.00000000e+001 4.03186660e-005 4.17479624e-005 3.19387868e-005 2.96658085e-005 2.53410457e-005 2.40563565e-005 2.35083356e-005 1.96239294e-005 1.50974476e-005 
7.50000000e-001 2.84375000e+001 1.00000000e+001 1.22252087e-004 8.21812992e-005 5.34650357e-005 4.76949628e-005 3.75463558e-005 3.48222903e-005 3.37027789e-005 2.66269312e-005 1.94684016e-005 
7.50000000e-001 3.28125000e+001 1.00000000e+001 2.75963205e-004 1.40080092e-004 8.29031105e-005 7.21873953e-005 5.40014359e-005 4.93322661e-005 4.74454768e-005 3.61336035e-005 2.55336088e-005 
1.00000000e+000 2.18750000e+000 1.00000000e+001 1.05419018e-006 5.83550248e-006 7.69491463e-006 8.11597338e-006 8.88393777e-006 9.03467435e-006 9.08210691e-006 8.89562698e-006 7.91809929e-006 
1.00000000e+000 6.56250000e+000 1.00000000e+001 1.48499230e-006 6.82875725e-006 8.55954863e-006 8.92700527e-006 9.56868516e-006 9.67726257e-006 9.70639106e-006 9.39374576e-006 8.28140613e-006 
1.00000000e+000 1.09375000e+001 1.00000000e+001 2.70133374e-006 9.13939945e-006 1.04645290e-005 1.06918812e-005 1.10202504e-005 1.10284253e-005 1.10144859e-005 1.04146406e-005 9.00669727e-006 
1.00000000e+000 1.53125000e+001 1.00000000e+001 5.49271779e-006 1.31498580e-005 1.35014253e-005 1.34549605e-005 1.32151987e-005 1.30507570e-005 1.29637597e-005 1.18923219e-005 1.00142976e-005 
1.00000000e+000 1.96875000e+001 1.00000000e+001 1.22385567e-005 2.01734351e-005 1.82428935e-005 1.76525498e-005 1.63764983e-005 1.59193589e-005 1.57109900e-005 1.38920058e-005 1.13068260e-005 
1.00000000e+000 2.40625000e+001 1.00000000e+001 3.10676409e-005 3.44257061e-005 2.69614530e-005 2.51953691e-005 2.18124254e-005 2.07947097e-005 2.03582405e-005 1.71917557e-005 1.33990385e-005 
1.00000000e+000 2.84375000e+001 1.00000000e+001 1.29022390e-004 8.22428642e-005 5.25651218e-005 4.66927008e-005 3.64561138e-005 3.37369412e-005 3.26235527e-005 2.56553369e-005 1.86960632e-005 
1.00000000e+000 3.28125000e+001 1.00000000e+001 3.74487991e-004 1.57823004e-004 8.90769946e-005 7.67568127e-005 5.62858629e-005 5.11390844e-005 4.90733157e-005 3.69065547e-005 2.57867899e-005 
1.25000000e+000 2.18750000e+000 1.00000000e+001 3.18771817e-007 2.91928393e-006 4.56114497e-006 5.00801525e-006 5.93773018e-006 6.17743356e-006 6.26882871e-006 6.48703856e-006 6.09161273e-006 
1.25000000e+000 6.56250000e+000 1.00000000e+001 5.12356792e-007 3.60713210e-006 5.24897824e-006 5.67467636e-006 6.53782572e-006 6.75058914e-006 6.82966300e-006 6.95228367e-006 6.44118832e-006 
1.25000000e+000 1.09375000e+001 1.00000000e+001 1.13242370e-006 5.30650284e-006 6.83164935e-006 7.18451124e-006 7.85432362e-006 7.99625626e-006 8.04373630e-006 7.93535264e-006 7.15994887e-006 
1.25000000e+000 1.53125000e+001 1.00000000e+001 2.81923810e-006 8.54829988e-006 9.54807344e-006 9.71721375e-006 9.96816031e-006 9.97158384e-006 9.95886689e-006 9.43592066e-006 8.21235293e-006 
1.25000000e+000 1.96875000e+001 1.00000000e+001 7.74975229e-006 1.48699945e-005 1.41712632e-005 1.38928367e-005 1.32450359e-005 1.29811535e-005 1.28557015e-005 1.16082345e-005 9.65825227e-006 
1.25000000e+000 2.40625000e+001 1.00000000e+001 2.45113321e-005 2.90632431e-005 2.32782303e-005 2.18717245e-005 1.91508089e-005 1.83203049e-005 1.79621586e-005 1.53070974e-005 1.20508995e-005 
1.25000000e+000 2.84375000e+001 1.00000000e+001 1.39100656e-004 8.35616792e-005 5.25036431e-005 4.64457144e-005 3.59620543e-005 3.32006816e-005 3.20734576e-005 2.50825644e-005 1.81888960e-005 
1.25000000e+000 3.28125000e+001 1.00000000e+001 5.40832768e-004 1.81760183e-004 9.72447627e-005 8.28446486e-005 5.94571474e-005 5.37038624e-005 5.14104161e-005 3.81394815e-005 2.63132344e-005 
1.50000000e+000 2.18750000e+000 1.00000000e+001 9.73297353e-008 1.46545744e-006 2.70891472e-006 3.09538559e-006 3.97317165e-006 4.22814483e-006 4.33121982e-006 4.73394200e-006 4.68872064e-006 
1.50000000e+000 6.56250000e+000 1.00000000e+001 1.80703076e-007 1.92601694e-006 3.24083823e-006 3.62872119e-006 4.48623791e-006 4.72727697e-006 4.82330983e-006 5.15948861e-006 5.01955070e-006 
1.50000000e+000 1.09375000e+001 1.00000000e+001 4.87375381e-007 3.13744842e-006 4.51862929e-006 4.88468100e-006 5.64863556e-006 5.84576870e-006 5.92099170e-006 6.08332838e-006 5.71721586e-006 
1.50000000e+000 1.53125000e+001 1.00000000e+001 1.48223093e-006 5.67257166e-006 6.86753695e-006 7.12896740e-006 7.61687310e-006 7.71141725e-006 7.74050467e-006 7.55804225e-006 6.78336419e-006 
1.50000000e+000 1.96875000e+001 1.00000000e+001 5.00747460e-006 1.11701598e-005 1.12020302e-005 1.11186104e-005 1.08725709e-005 1.07361372e-005 1.06660076e-005 9.81542707e-006 8.32922953e-006 
1.50000000e+000 2.40625000e+001 1.00000000e+001 1.96477886e-005 2.49001464e-005 2.03981990e-005 1.92676837e-005 1.70519435e-005 1.63634826e-005 1.60646813e-005 1.37987843e-005 1.09548906e-005 
1.50000000e+000 2.84375000e+001 1.00000000e+001 1.53053987e-004 8.57380626e-005 5.29491744e-005 4.66528702e-005 3.58328977e-005 3.30044847e-005 3.18529418e-005 2.47688648e-005 1.78634774e-005 
1.50000000e+000 3.28125000e+001 1.00000000e+001 8.30633458e-004 2.13601837e-004 1.07525279e-004 9.04560600e-005 6.34241693e-005 5.69287775e-005 5.43580536e-005 3.97465842e-005 2.70555844e-005 
1.75000000e+000 2.18750000e+000 1.00000000e+001 2.99834792e-008 7.38156765e-007 1.61199971e-006 1.91639992e-006 2.66167889e-006 2.89692685e-006 2.99542080e-006 3.45705157e-006 3.61066458e-006 
1.75000000e+000 6.56250000e+000 1.00000000e+001 6.48873823e-008 1.03843467e-006 2.01376183e-006 2.33344074e-006 3.09114571e-006 3.32273243e-006 3.41850010e-006 3.83921197e-006 3.91906846e-006 
1.75000000e+000 1.09375000e+001 1.00000000e+001 2.13825614e-007 1.88257566e-006 3.02264948e-006 3.35536850e-006 4.09555206e-006 4.30580509e-006 4.39008896e-006 4.69012572e-006 4.58444920e-006 
1.75000000e+000 1.53125000e+001 1.00000000e+001 7.92805279e-007 3.82235943e-006 5.00617030e-006 5.29683903e-006 5.88376044e-006 6.02497783e-006 6.07665348e-006 6.10442283e-006 5.63968611e-006 
1.75000000e+000 1.96875000e+001 1.00000000e+001 3.28342995e-006 8.50312303e-006 8.96872558e-006 9.01011250e-006 9.02859632e-006 8.97893970e-006 8.94692137e-006 8.38069490e-006 7.24198711e-006 
1.75000000e+000 2.40625000e+001 1.00000000e+001 1.59392167e-005 2.15496665e-005 1.80574652e-005 1.71478678e-005 1.53373048e-005 1.47626293e-005 1.45113197e-005 1.25570873e-005 1.00439752e-005 
1.75000000e+000 2.84375000e+001 1.00000000e+001 1.72080940e-004 8.86450045e-005 5.37504906e-005 4.71689596e-005 3.59446870e-005 3.30328638e-005 3.18503393e-005 2.46298671e-005 1.76653862e-005 
1.75000000e+000 3.28125000e+001 1.00000000e+001 1.35239954e-003 2.56081440e-004 1.20278744e-004 9.97757837e-005 6.81976984e-005 6.08018465e-005 5.78971960e-005 4.16898579e-005 2.79809061e-005 
2.00000000e+000 2.18750000e+000 1.00000000e+001 9.31145414e-009 3.73053439e-007 9.61118736e-007 1.18843784e-006 1.78514928e-006 1.98687486e-006 2.07361801e-006 2.52635927e-006 2.78183018e-006 
2.00000000e+000 6.56250000e+000 1.00000000e+001 2.36469949e-008 5.64780700e-007 1.25872657e-006 1.50840573e-006 2.13825795e-006 2.34382306e-006 2.43112026e-006 2.86415643e-006 3.06549527e-006 
2.00000000e+000 1.09375000e+001 1.00000000e+001 9.51911252e-008 1.14324054e-006 2.04159981e-006 2.32556129e-006 2.99120376e-006 3.19307339e-006 3.27641964e-006 3.63504402e-006 3.69072838e-006 
2.00000000e+000 1.53125000e+001 1.00000000e+001 4.29664975e-007 2.60579772e-006 3.68834895e-006 3.97599614e-006 4.58640007e-006 4.74826661e-006 4.81102876e-006 4.96628365e-006 4.71639873e-006 
2.00000000e+000 1.96875000e+001 1.00000000e+001 2.17778905e-006 6.53676976e-006 7.24972521e-006 7.37081080e-006 7.56519411e-006 7.57575968e-006 7.57055362e-006 7.21300599e-006 6.34053375e-006 
2.00000000e+000 2.40625000e+001 1.00000000e+001 1.30569229e-005 1.87899014e-005 1.61035336e-005 1.53745456e-005 1.38980497e-005 1.34176417e-005 1.32057018e-005 1.15102316e-005 9.27179385e-006 
2.00000000e+000 2.84375000e+001 1.00000000e+001 1.98082601e-004 9.22730837e-005 5.48392989e-005 4.79233499e-005 3.62297965e-005 3.32209101e-005 3.20021128e-005 2.46139748e-005 1.75588101e-005 
2.00000000e+000 3.28125000e+001 1.00000000e+001 2.32177195e-003 3.13218121e-004 1.36063286e-004 1.11120766e-004 7.38534760e-005 6.53648608e-005 6.20585211e-005 4.39613002e-005 2.90723124e-005 
2.25000000e+000 2.18750000e+000 1.00000000e+001 2.91258941e-009 1.89146179e-007 5.74146443e-007 7.38210721e-007 1.19864993e-006 1.36410484e-006 1.43688526e-006 1.84752541e-006 2.14429580e-006 
2.25000000e+000 6.56250000e+000 1.00000000e+001 8.72439897e-009 3.09566601e-007 7.91102159e-007 9.79859402e-007 1.48462294e-006 1.65892392e-006 1.73456473e-006 2.14205817e-006 2.40213552e-006 
2.25000000e+000 1.09375000e+001 1.00000000e+001 4.28694048e-008 7.01099978e-007 1.39041729e-006 1.62434658e-006 2.19886166e-006 2.38234786e-006 2.45975330e-006 2.83095967e-006 2.98230972e-006 
2.25000000e+000 1.53125000e+001 1.00000000e+001 2.35336376e-007 1.79267323e-006 2.74070327e-006 3.00935277e-006 3.60226383e-006 3.76948284e-006 3.83640250e-006 4.06590851e-006 3.96499709e-006 
2.25000000e+000 1.96875000e+001 1.00000000e+001 1.45806597e-006 5.06354855e-006 5.90360882e-006 6.07407865e-006 6.38423471e-006 6.43682758e-006 6.45066257e-006 6.24879403e-006 5.58406279e-006 
2.25000000e+000 2.40625000e+001 1.00000000e+001 1.07841845e-005 1.64802775e-005 1.44417037e-005 1.38619629e-005 1.26649956e-005 1.22642331e-005 1.20856323e-005 1.06102018e-005 8.60584408e-006 
2.25000000e+000 2.84375000e+001 1.00000000e+001 2.33934378e-004 9.66768663e-005 5.61883906e-005 4.88830622e-005 3.66510275e-005 3.35317190e-005 3.22716640e-005 2.46892502e-005 1.75199736e-005 
2.25000000e+000 3.28125000e+001 1.00000000e+001 4.17505896e-003 3.90843020e-004 1.55647079e-004 1.24933817e-004 8.05167484e-005 7.06985904e-005 6.69081138e-005 4.65730580e-005 3.03237752e-005 
2.50000000e+000 2.18750000e+000 1.00000000e+001 9.16892617e-010 9.61999743e-008 3.43628599e-007 4.59293089e-007 8.05761735e-007 9.37491945e-007 9.96635646e-007 1.35204556e-006 1.65367162e-006 
2.50000000e+000 6.56250000e+000 1.00000000e+001 3.25237207e-009 1.70857044e-007 4.99715556e-007 6.39413436e-007 1.03442337e-006 1.17794667e-006 1.24142019e-006 1.60584871e-006 1.88560840e-006 
2.50000000e+000 1.09375000e+001 1.00000000e+001 1.94896672e-008 4.33444495e-007 9.53651714e-007 1.14218864e-006 1.62573864e-006 1.78716413e-006 1.85646362e-006 2.21452164e-006 2.41826188e-006 
2.50000000e+000 1.53125000e+001 1.00000000e+001 1.30041351e-007 1.24232779e-006 2.05068319e-006 2.29320822e-006 2.84727168e-006 3.01092640e-006 3.07783908e-006 3.34702672e-006 3.34891488e-006 
2.50000000e+000 1.96875000e+001 1.00000000e+001 9.83964692e-007 3.94653251e-006 4.83569393e-006 5.03467062e-006 5.41842674e-006 5.50010016e-006 5.52742396e-006 5.44277138e-006 4.94244527e-006 
2.50000000e+000 2.40625000e+001 1.00000000e+001 8.97101455e-006 1.45248457e-005 1.30091536e-005 1.25534510e-005 1.15922315e-005 1.12595158e-005 1.11095019e-005 9.82408235e-006 8.02299259e-006 
2.50000000e+000 2.84375000e+001 1.00000000e+001 2.83949965e-004 1.01956929e-004 5.77930692e-005 5.00355565e-005 3.71882165e-005 3.39443500e-005 3.26378816e-005 2.48357332e-005 1.75329549e-005 
2.50000000e+000 3.28125000e+001 1.00000000e+001 7.80905072e-003 4.97433062e-004 1.80053914e-004 1.41799798e-004 8.83581398e-005 7.69172494e-005 7.25416434e-005 4.95521568e-005 3.17369364e-005 
0.00000000e+000 2.18750000e+000 2.00000000e+001 1.01533885e-004 7.09580006e-005 4.55976287e-005 4.04635229e-005 3.14669596e-005 2.90663605e-005 2.80810053e-005 2.18900656e-005 1.56514021e-005 
0.00000000e+000 6.56250000e+000 2.00000000e+001 1.04475729e-004 7.27671820e-005 4.67002679e-005 4.14167464e-005 3.21434277e-005 2.96690330e-005 2.86540134e-005 2.22962607e-005 1.59243657e-005 
0.00000000e+000 1.09375000e+001 2.00000000e+001 1.11195362e-004 7.70359332e-005 4.93011854e-005 4.36667484e-005 3.37543800e-005 3.11106776e-005 3.00275367e-005 2.32831605e-005 1.65956737e-005 
0.00000000e+000 1.53125000e+001 2.00000000e+001 1.23204896e-004 8.48853479e-005 5.41347257e-005 4.78725094e-005 3.68273499e-005 3.38825008e-005 3.26775864e-005 2.52272992e-005 1.79387390e-005 
0.00000000e+000 1.96875000e+001 2.00000000e+001 1.39764202e-004 9.58169682e-005 6.08968093e-005 5.37693158e-005 4.11692182e-005 3.78109113e-005 3.64385099e-005 2.80086937e-005 1.98707735e-005 
0.00000000e+000 2.40625000e+001 2.00000000e+001 1.60830558e-004 1.09707056e-004 6.94951847e-005 6.12769450e-005 4.67268162e-005 4.28505409e-005 4.12680691e-005 3.16012020e-005 2.23743372e-005 
0.00000000e+000 2.84375000e+001 2.00000000e+001 1.88309879e-004 1.27771890e-004 8.07055709e-005 7.10842351e-005 5.40366607e-005 4.94970484e-005 4.76451412e-005 3.63784788e-005 2.57176540e-005 
0.00000000e+000 3.28125000e+001 2.00000000e+001 2.24481082e-004 1.51521764e-004 9.54876233e-005 8.40392351e-005 6.37512878e-005 5.83514654e-005 5.61497711e-005 4.27910765e-005 3.02236329e-005 
2.50000000e-001 2.18750000e+000 2.00000000e+001 2.77077643e-005 3.38263696e-005 2.61350857e-005 2.42203882e-005 2.05243801e-005 1.94266331e-005 1.89589834e-005 1.56735580e-005 1.18643718e-005 
2.50000000e-001 6.56250000e+000 2.00000000e+001 2.98085903e-005 3.54266015e-005 2.71517865e-005 2.51088312e-005 2.11731682e-005 2.00103546e-005 1.95163044e-005 1.60779052e-005 1.21396768e-005 
2.50000000e-001 1.09375000e+001 2.00000000e+001 3.47540747e-005 3.91883366e-005 2.95403968e-005 2.71974765e-005 2.27080767e-005 2.13956877e-005 2.08409244e-005 1.70485122e-005 1.28072853e-005 
2.50000000e-001 1.53125000e+001 2.00000000e+001 4.40041613e-005 4.61472249e-005 3.39822794e-005 3.10969156e-005 2.56152103e-005 2.40346248e-005 2.33706613e-005 1.89317754e-005 1.41202990e-005 
2.50000000e-001 1.96875000e+001 2.00000000e+001 5.97230588e-005 5.71288347e-005 4.08337763e-005 3.70849986e-005 3.00509361e-005 2.80562502e-005 2.72241319e-005 2.17929415e-005 1.61056962e-005 
2.50000000e-001 2.40625000e+001 2.00000000e+001 8.72323701e-005 7.42887651e-005 5.11163274e-005 4.59908009e-005 3.65410415e-005 3.39153838e-005 3.28284556e-005 2.59104375e-005 1.89256199e-005 
2.50000000e-001 2.84375000e+001 2.00000000e+001 1.51033981e-004 1.07650756e-004 6.97965099e-005 6.19072440e-005 4.77755786e-005 4.39671293e-005 4.24071837e-005 3.27903447e-005 2.35139022e-005 
2.50000000e-001 3.28125000e+001 2.00000000e+001 2.38146951e-004 1.50687006e-004 9.37544410e-005 8.23261652e-005 6.22358003e-005 5.69270267e-005 5.47671984e-005 4.17181916e-005 2.95024726e-005 
5.00000000e-001 2.18750000e+000 2.00000000e+001 7.64451270e-006 1.61828431e-005 1.50098838e-005 1.45224423e-005 1.34029146e-005 1.29975473e-005 1.28130282e-005 1.12305837e-005 8.99813113e-006 
5.00000000e-001 6.56250000e+000 2.00000000e+001 8.87213808e-006 1.74962653e-005 1.59160452e-005 1.53289269e-005 1.40151346e-005 1.35547798e-005 1.33476162e-005 1.16286497e-005 9.27364001e-006 
5.00000000e-001 1.09375000e+001 2.00000000e+001 1.19500327e-005 2.06349654e-005 1.80605088e-005 1.72350870e-005 1.54641018e-005 1.48755244e-005 1.46156278e-005 1.25782837e-005 9.93573185e-006 
5.00000000e-001 1.53125000e+001 2.00000000e+001 1.82555618e-005 2.66041994e-005 2.20984007e-005 2.08252701e-005 1.82096763e-005 1.73860259e-005 1.70294541e-005 1.44043332e-005 1.12220865e-005 
5.00000000e-001 1.96875000e+001 2.00000000e+001 3.09572408e-005 3.70032658e-005 2.88296554e-005 2.67531371e-005 2.26652962e-005 2.14418669e-005 2.09219654e-005 1.73176390e-005 1.32495616e-005 
5.00000000e-001 2.40625000e+001 2.00000000e+001 5.87654678e-005 5.57570494e-005 4.01929858e-005 3.66070591e-005 2.98537500e-005 2.79307178e-005 2.71278223e-005 2.18663698e-005 1.63424213e-005 
5.00000000e-001 2.84375000e+001 2.00000000e+001 1.48760092e-004 1.01364910e-004 6.51517691e-005 5.77217412e-005 4.45122067e-005 4.09749053e-005 3.95286845e-005 3.06336122e-005 2.20691438e-005 
5.00000000e-001 3.28125000e+001 2.00000000e+001 3.04439580e-004 1.64859622e-004 9.83058066e-005 8.55390153e-005 6.35897858e-005 5.79121347e-005 5.56176188e-005 4.19762162e-005 2.94769988e-005 
7.50000000e-001 2.18750000e+000 2.00000000e+001 2.13226618e-006 7.76959417e-006 8.63777422e-006 8.72245800e-006 8.76278404e-006 8.70526575e-006 8.66807466e-006 8.05287828e-006 6.82772291e-006 
7.50000000e-001 6.56250000e+000 2.00000000e+001 2.74091323e-006 8.75910919e-006 9.40393269e-006 9.42196110e-006 9.32135254e-006 9.22099418e-006 9.16575923e-006 8.43550914e-006 7.09873110e-006 
7.50000000e-001 1.09375000e+001 2.00000000e+001 4.40864214e-006 1.11965474e-005 1.12467715e-005 1.10972806e-005 1.06523168e-005 1.04492621e-005 1.03509620e-005 9.34774361e-006 7.74725402e-006 
7.50000000e-001 1.53125000e+001 2.00000000e+001 8.28229481e-006 1.60504143e-005 1.48027866e-005 1.43149714e-005 1.31978156e-005 1.27987139e-005 1.26185845e-005 1.10989357e-005 8.99928859e-006 
7.50000000e-001 1.96875000e+001 2.00000000e+001 1.76039182e-005 2.53404863e-005 2.11635043e-005 1.99851850e-005 1.75593976e-005 1.67938609e-005 1.64625539e-005 1.40143847e-005 1.10453714e-005 
7.50000000e-001 2.40625000e+001 2.00000000e+001 4.29655091e-005 4.43575235e-005 3.30279930e-005 3.03352488e-005 2.51902759e-005 2.37002565e-005 2.30744980e-005 1.88830625e-005 1.43570796e-005 
7.50000000e-001 2.84375000e+001 2.00000000e+001 1.55303564e-004 1.00232092e-004 6.33672237e-005 5.59375280e-005 4.28556486e-005 3.93869532e-005 3.79734081e-005 2.93460507e-005 2.11237663e-005 
7.50000000e-001 3.28125000e+001 2.00000000e+001 4.25330369e-004 1.88897338e-004 1.06816947e-004 9.18658333e-005 6.68005806e-005 6.04735568e-005 5.79363380e-005 4.31419495e-005 2.99487203e-005 
1.00000000e+000 2.18750000e+000 2.00000000e+001 6.01195546e-007 3.74355484e-006 4.98077507e-006 5.24781304e-006 5.73585779e-006 5.83659034e-006 5.86985586e-006 5.77848369e-006 5.18340792e-006 
1.00000000e+000 6.56250000e+000 2.00000000e+001 8.73836935e-007 4.44089705e-006 5.59849821e-006 5.82911242e-006 6.22833370e-006 6.29887168e-006 6.31899544e-006 6.13692426e-006 5.44484669e-006 
1.00000000e+000 1.09375000e+001 2.00000000e+001 1.70815312e-006 6.23038684e-006 7.11937835e-006 7.24882394e-006 7.41598879e-006 7.41074759e-006 7.39821618e-006 6.99486809e-006 6.07034367e-006 
1.00000000e+000 1.53125000e+001 2.00000000e+001 3.95802265e-006 1.00148502e-005 1.01574040e-005 1.00551745e-005 9.72668761e-006 9.56721264e-006 9.48901146e-006 8.65008544e-006 7.27694852e-006 
1.00000000e+000 1.96875000e+001 2.00000000e+001 1.04935555e-005 1.79933442e-005 1.59839427e-005 1.53256917e-005 1.38969224e-005 1.34168919e-005 1.32047799e-005 1.15173568e-005 9.31549972e-006 
1.00000000e+000 2.40625000e+001 2.00000000e+001 3.26255579e-005 3.64698565e-005 2.79211890e-005 2.58216130e-005 2.17524090e-005 2.05554199e-005 2.00501395e-005 1.66012553e-005 1.27919167e-005 
1.00000000e+000 2.84375000e+001 2.00000000e+001 1.67004100e-004 1.01470089e-004 6.30227849e-005 5.54032798e-005 4.21034798e-005 3.86094153e-005 3.71900166e-005 2.86002996e-005 2.05124935e-005 
1.00000000e+000 3.28125000e+001 2.00000000e+001 6.42443672e-004 2.23203197e-004 1.18708007e-004 1.00747722e-004 7.14462655e-005 6.42395394e-005 6.13728748e-005 4.49916475e-005 3.07989666e-005 
1.25000000e+000 2.18750000e+000 2.00000000e+001 1.71283716e-007 1.81012258e-006 2.87780847e-006 3.16269724e-006 3.75896115e-006 3.91735346e-006 3.97892723e-006 4.14944956e-006 3.93704835e-006 
1.25000000e+000 6.56250000e+000 2.00000000e+001 2.85903070e-007 2.27784597e-006 3.35697124e-006 3.62880774e-006 4.18029671e-006 4.32007676e-006 4.37311886e-006 4.47732672e-006 4.18456208e-006 
1.25000000e+000 1.09375000e+001 2.00000000e+001 6.84600529e-007 3.53941809e-006 4.57176344e-006 4.79587484e-006 5.21317753e-006 5.30239211e-006 5.33276572e-006 5.26817036e-006 4.77858265e-006 
1.25000000e+000 1.53125000e+001 2.00000000e+001 1.95299952e-006 6.40412071e-006 7.10461201e-006 7.18839750e-006 7.27109236e-006 7.24650401e-006 7.22713481e-006 6.81030880e-006 5.92907633e-006 
1.25000000e+000 1.96875000e+001 2.00000000e+001 6.43186975e-006 1.30844312e-005 1.23222192e-005 1.19827180e-005 1.11832837e-005 1.08892785e-005 1.07556901e-005 9.58750511e-006 7.93595449e-006 
1.25000000e+000 2.40625000e+001 2.00000000e+001 2.53372021e-005 3.05859054e-005 2.40450007e-005 2.23781616e-005 1.90951492e-005 1.81128801e-005 1.76959916e-005 1.47970615e-005 1.15277429e-005 
1.25000000e+000 2.84375000e+001 2.00000000e+001 1.84015490e-004 1.04141053e-004 6.35049205e-005 5.55916698e-005 4.18936246e-005 3.83254765e-005 3.68801181e-005 2.82034622e-005 2.01292716e-005 
1.25000000e+000 3.28125000e+001 2.00000000e+001 1.04732954e-003 2.70793231e-004 1.34213532e-004 1.12227094e-004 7.74122023e-005 6.90851990e-005 6.58010559e-005 4.74181893e-005 3.19597450e-005 
1.50000000e+000 2.18750000e+000 2.00000000e+001 4.92809672e-008 8.78332147e-007 1.66607782e-006 1.90930756e-006 2.46632474e-006 2.63197950e-006 2.69984084e-006 2.98181596e-006 2.99186444e-006 
1.50000000e+000 6.56250000e+000 2.00000000e+001 9.55405808e-008 1.18072073e-006 2.02650369e-006 2.27237933e-006 2.81778124e-006 2.97440994e-006 3.03766937e-006 3.27553871e-006 3.22223254e-006 
1.50000000e+000 1.09375000e+001 2.00000000e+001 2.81012983e-007 2.04469043e-006 2.97236329e-006 3.20873521e-006 3.69691824e-006 3.82450993e-006 3.87385256e-006 3.99169926e-006 3.77834058e-006 
1.50000000e+000 1.53125000e+001 2.00000000e+001 9.84636180e-007 4.16943559e-006 5.04491297e-006 5.21221319e-006 5.50066557e-006 5.55056493e-006 5.56468641e-006 5.40996723e-006 4.86420322e-006 
1.50000000e+000 1.96875000e+001 2.00000000e+001 4.01752119e-006 9.67131405e-006 9.64210953e-006 9.50474287e-006 9.11694920e-006 8.94843352e-006 8.86835552e-006 8.06594533e-006 6.81922992e-006 
1.50000000e+000 2.40625000e+001 2.00000000e+001 1.99906042e-005 2.59887707e-005 2.09684627e-005 1.96354090e-005 1.69616265e-005 1.61461674e-005 1.57979741e-005 1.33283206e-005 1.04836510e-005 
1.50000000e+000 2.84375000e+001 2.00000000e+001 2.07826849e-004 1.07939836e-004 6.45412731e-005 5.62546969e-005 4.20355507e-005 3.83629527e-005 3.68793359e-005 2.80404190e-005 1.99054682e-005 
1.50000000e+000 3.28125000e+001 2.00000000e+001 1.83696397e-003 3.36943619e-004 1.54064569e-004 1.26698334e-004 8.47601104e-005 7.50284897e-005 7.12251314e-005 5.03853468e-005 3.33958991e-005 
1.75000000e+000 2.18750000e+000 2.00000000e+001 1.43075927e-008 4.27676708e-007 9.66482516e-007 1.15459978e-006 1.62011270e-006 1.77022379e-006 1.83376514e-006 2.14429650e-006 2.27472464e-006 
1.75000000e+000 6.56250000e+000 2.00000000e+001 3.24839071e-008 6.17834420e-007 1.23103738e-006 1.43086613e-006 1.90716593e-006 2.05552221e-006 2.11754559e-006 2.40273961e-006 2.48592243e-006 
1.75000000e+000 1.09375000e+001 2.00000000e+001 1.17395011e-007 1.19728223e-006 1.95308316e-006 2.16784122e-006 2.64232135e-006 2.77867771e-006 2.83391266e-006 3.04144339e-006 2.99992733e-006 
1.75000000e+000 1.53125000e+001 2.00000000e+001 5.04298665e-007 2.75117399e-006 3.62521699e-006 3.82245519e-006 4.20290935e-006 4.29191121e-006 4.32439494e-006 4.33125222e-006 4.01534968e-006 
1.75000000e+000 1.96875000e+001 2.00000000e+001 2.54508531e-006 7.23314532e-006 7.62892921e-006 7.62127193e-006 7.50790680e-006 7.42604905e-006 7.38332533e-006 6.84509238e-006 5.90282758e-006 
1.75000000e+000 2.40625000e+001 2.00000000e+001 1.59671733e-005 2.22904844e-005 1.84498294e-005 1.73822813e-005 1.51975737e-005 1.45168293e-005 1.42241741e-005 1.21028240e-005 9.60398604e-006 
1.75000000e+000 2.84375000e+001 2.00000000e+001 2.41091310e-004 1.12812289e-004 6.60117273e-005 5.72746810e-005 4.24272868e-005 3.86267134e-005 3.70956530e-005 2.80415895e-005 1.97962735e-005 
1.75000000e+000 3.28125000e+001 2.00000000e+001 3.44699481e-003 4.29866367e-004 1.79423476e-004 1.44832381e-004 9.36710761e-005 8.21817452e-005 7.77349034e-005 5.39028424e-005 3.50942271e-005 
2.00000000e+000 2.18750000e+000 2.00000000e+001 4.18800985e-009 2.08951503e-007 5.61761916e-007 6.99392685e-007 1.06549625e-006 1.19187101e-006 1.24675819e-006 1.54312949e-006 1.73034002e-006 
2.00000000e+000 6.56250000e+000 2.00000000e+001 1.12035431e-008 3.26030653e-007 7.52172251e-007 9.05649942e-007 1.29587260e-006 1.42555069e-006 1.48115721e-006 1.76706311e-006 1.92141802e-006 
2.00000000e+000 1.09375000e+001 2.00000000e+001 4.97100288e-008 7.08794326e-007 1.29496507e-006 1.47697570e-006 1.90180379e-006 2.03206245e-006 2.08632274e-006 2.32934085e-006 2.39120851e-006 
2.00000000e+000 1.53125000e+001 2.00000000e+001 2.61479017e-007 1.83410448e-006 2.62976495e-006 2.82898403e-006 3.23800506e-006 3.34515027e-006 3.38686037e-006 3.49123412e-006 3.33302626e-006 
2.00000000e+000 1.96875000e+001 2.00000000e+001 1.63045681e-006 5.45816108e-006 6.08728238e-006 6.16208883e-006 6.23222630e-006 6.21092003e-006 6.19463548e-006 5.85063139e-006 5.14153222e-006 
2.00000000e+000 2.40625000e+001 2.00000000e+001 1.28833484e-005 1.92565632e-005 1.63429340e-005 1.54901946e-005 1.37062590e-005 1.31369836e-005 1.28903871e-005 1.10593323e-005 8.84989479e-006 
2.00000000e+000 2.84375000e+001 2.00000000e+001 2.88033114e-004 1.18829237e-004 6.78693342e-005 5.85982046e-005 4.30139758e-005 3.90637179e-005 3.74770346e-005 2.81644412e-005 1.97721745e-005 
2.00000000e+000 3.28125000e+001 2.00000000e+001 6.86822592e-003 5.62157777e-004 2.11942691e-004 1.67585362e-004 1.04425961e-004 9.07320646e-005 8.54865914e-005 5.80132137e-005 3.70569146e-005 
2.25000000e+000 2.18750000e+000 2.00000000e+001 1.23491320e-009 1.02424459e-007 3.27160573e-007 4.24364725e-007 7.01566535e-007 8.03313019e-007 8.48502115e-007 1.11130487e-006 1.31689066e-006 
2.25000000e+000 6.56250000e+000 2.00000000e+001 3.91056482e-009 1.73342018e-007 4.62048503e-007 5.75979712e-007 8.83767029e-007 9.91988795e-007 1.03938407e-006 1.30280072e-006 1.48777805e-006 
2.25000000e+000 1.09375000e+001 2.00000000e+001 2.12787066e-008 4.23375719e-007 8.65225173e-007 1.01359948e-006 1.37732019e-006 1.49475933e-006 1.54470255e-006 1.79238233e-006 1.91298157e-006 
2.25000000e+000 1.53125000e+001 2.00000000e+001 1.36946467e-007 1.23270305e-006 1.92219770e-006 2.10930298e-006 2.51187671e-006 2.62471834e-006 2.67010956e-006 2.83072295e-006 2.78032544e-006 
2.25000000e+000 1.96875000e+001 2.00000000e+001 1.05424528e-006 4.14801105e-006 4.88952216e-006 5.01504407e-006 5.20625837e-006 5.22727947e-006 5.22977913e-006 5.03014972e-006 4.50218378e-006 
2.25000000e+000 2.40625000e+001 2.00000000e+001 1.04855490e-005 1.67327450e-005 1.45530446e-005 1.38758027e-005 1.24242585e-005 1.19486028e-005 1.17408188e-005 1.01561188e-005 8.19381359e-006 
2.25000000e+000 2.84375000e+001 2.00000000e+001 3.55267334e-004 1.26145548e-004 7.01061890e-005 6.02060351e-005 4.37668043e-005 3.96446458e-005 3.79941810e-005 2.83827842e-005 1.98135781e-005 
2.25000000e+000 3.28125000e+001 2.00000000e+001 1.44095999e-002 7.53237605e-004 2.53908757e-004 1.96258608e-004 1.17406484e-004 1.00937661e-004 9.46979927e-005 6.27855494e-005 3.92976698e-005 
2.50000000e+000 2.18750000e+000 2.00000000e+001 3.66533295e-010 5.03657376e-008 1.90900449e-007 2.57915803e-007 4.62480691e-007 5.41992422e-007 5.78035462e-007 8.00897606e-007 1.00272892e-006 
2.50000000e+000 6.56250000e+000 2.00000000e+001 1.37891475e-009 9.27789236e-008 2.85228189e-007 3.67947467e-007 6.04816062e-007 6.92496734e-007 7.31621552e-007 9.62813326e-007 1.15402099e-006 
2.50000000e+000 1.09375000e+001 2.00000000e+001 9.19083515e-009 2.54764681e-007 5.81891263e-007 6.99957034e-007 1.00295431e-006 1.10526054e-006 1.14951660e-006 1.38514150e-006 1.53561444e-006 
2.50000000e+000 1.53125000e+001 2.00000000e+001 7.23362147e-008 8.33995541e-007 1.41374840e-006 1.58231154e-006 1.95985881e-006 2.07108274e-006 2.11680580e-006 2.30688313e-006 2.32946089e-006 
2.50000000e+000 1.96875000e+001 2.00000000e+001 6.87074823e-007 3.17073714e-006 3.94858664e-006 4.10318530e-006 4.37166646e-006 4.42194167e-006 4.43770293e-006 4.34589161e-006 3.96011596e-006 
2.50000000e+000 2.40625000e+001 2.00000000e+001 8.59890610e-006 1.46110859e-005 1.30149865e-005 1.24819769e-005 1.13081250e-005 1.09118262e-005 1.07370780e-005 9.36397717e-006 7.61584676e-006 
2.50000000e+000 2.84375000e+001 2.00000000e+001 4.53176844e-004 1.34991205e-004 7.27384132e-005 6.20991078e-005 4.46720880e-005 4.03540868e-005 3.86311953e-005 2.86805065e-005 1.99073965e-005 
2.50000000e+000 3.28125000e+001 2.00000000e+001 3.15641089e-002 1.03332251e-003 3.08471967e-004 2.32602563e-004 1.33109780e-004 1.13134181e-004 1.05652464e-004 6.83133994e-005 4.18395804e-005 
END