TITLE="3SCB_ER_E_WD000.dat"
VARIABLES= "Density" "Radius" "Height" "0.1053" "0.356" "0.6617" "0.7889" "1.1732" "1.3325" "1.408" "2" "3" 
ZONE T="3D Data" I=11 J=8 K=3 F=POINT
0.00000000e+000 2.18750000e+000 0.00000000e+000 3.72066647e-004 2.50650196e-004 1.59638006e-004 1.40947994e-004 1.07626460e-004 9.86880023e-005 9.50336141e-005 7.27274607e-005 5.16511851e-005 
0.00000000e+000 6.56250000e+000 0.00000000e+000 3.38229329e-004 2.28271189e-004 1.45985185e-004 1.29105944e-004 9.89813620e-005 9.08738709e-005 8.75537025e-005 6.71813637e-005 4.77664321e-005 
0.00000000e+000 1.09375000e+001 0.00000000e+000 2.80734990e-004 1.89670421e-004 1.22232900e-004 1.08452594e-004 8.38208059e-005 7.71478441e-005 7.44056290e-005 5.73930354e-005 4.08843609e-005 
0.00000000e+000 1.53125000e+001 0.00000000e+000 2.24620736e-004 1.52366224e-004 9.90637710e-005 8.82376457e-005 6.88764603e-005 6.35921588e-005 6.14111883e-005 4.76853262e-005 3.40496308e-005 
0.00000000e+000 1.96875000e+001 0.00000000e+000 1.94277850e-004 1.32376062e-004 8.58382418e-005 7.64194599e-005 5.96895027e-005 5.51484019e-005 5.32755710e-005 4.14635249e-005 2.96384955e-005 
0.00000000e+000 2.40625000e+001 0.00000000e+000 1.91629000e-004 1.30627251e-004 8.41250081e-005 7.46765552e-005 5.79316041e-005 5.34219256e-005 5.15688663e-005 3.99910091e-005 2.85342694e-005 
0.00000000e+000 2.84375000e+001 0.00000000e+000 2.02499289e-004 1.37806576e-004 8.83360147e-005 7.82624592e-005 6.03945575e-005 5.55948511e-005 5.36265069e-005 4.14185294e-005 2.94810976e-005 
0.00000000e+000 3.28125000e+001 0.00000000e+000 2.24653916e-004 1.52416334e-004 9.73502616e-005 8.61330265e-005 6.62296312e-005 6.08898052e-005 5.87022695e-005 4.51988560e-005 3.21086996e-005 
2.50000000e-001 2.18750000e+000 0.00000000e+000 1.10114738e-004 1.25135504e-004 9.47247347e-005 8.71058584e-005 7.20914105e-005 6.76334098e-005 6.57500540e-005 5.31675704e-005 3.98343020e-005 
2.50000000e-001 6.56250000e+000 0.00000000e+000 1.04616966e-004 1.16316396e-004 8.78601151e-005 8.08164119e-005 6.69835181e-005 6.28757093e-005 6.11387114e-005 4.94903091e-005 3.70660302e-005 
2.50000000e-001 1.09375000e+001 0.00000000e+000 9.55003761e-005 1.01039327e-004 7.58640196e-005 6.98017821e-005 5.79969707e-005 5.44936105e-005 5.30096710e-005 4.29847545e-005 3.21506732e-005 
2.50000000e-001 1.53125000e+001 0.00000000e+000 8.81628235e-005 8.68232921e-005 6.44173912e-005 5.92322006e-005 4.92838541e-005 4.63449806e-005 4.50986984e-005 3.66181233e-005 2.73192754e-005 
2.50000000e-001 1.96875000e+001 0.00000000e+000 9.10414638e-005 8.22812087e-005 5.93352399e-005 5.42214220e-005 4.46551971e-005 4.18965635e-005 4.07342939e-005 3.29217393e-005 2.44291147e-005 
2.50000000e-001 2.40625000e+001 0.00000000e+000 1.09552859e-004 9.02331927e-005 6.27676742e-005 5.68118066e-005 4.58739410e-005 4.28033807e-005 4.15229303e-005 3.31552036e-005 2.43601674e-005 
2.50000000e-001 2.84375000e+001 0.00000000e+000 1.55730734e-004 1.12559478e-004 7.45884479e-005 6.66876483e-005 5.24876022e-005 4.86092066e-005 4.70088336e-005 3.68801325e-005 2.66851247e-005 
2.50000000e-001 3.28125000e+001 0.00000000e+000 2.16443280e-004 1.42932709e-004 9.14366442e-005 8.10161826e-005 6.25576353e-005 5.76035397e-005 5.55727731e-005 4.29884560e-005 3.07071067e-005 
5.00000000e-001 2.18750000e+000 0.00000000e+000 3.29356076e-005 6.26874121e-005 5.63156351e-005 5.39198430e-005 4.83439436e-005 4.63978105e-005 4.55336496e-005 3.88952967e-005 3.07355987e-005 
5.00000000e-001 6.56250000e+000 0.00000000e+000 3.38374786e-005 6.01740956e-005 5.33357966e-005 5.09612514e-005 4.55612730e-005 4.37014010e-005 4.28774783e-005 3.65717704e-005 2.88245338e-005 
5.00000000e-001 1.09375000e+001 0.00000000e+000 3.62241603e-005 5.60178249e-005 4.81886470e-005 4.58234614e-005 4.06875930e-005 3.89685552e-005 3.82111180e-005 3.24686097e-005 2.54319146e-005 
5.00000000e-001 1.53125000e+001 0.00000000e+000 4.15590111e-005 5.33399675e-005 4.38170792e-005 4.13299178e-005 3.62403588e-005 3.46087669e-005 3.38966715e-005 2.86003111e-005 2.21798495e-005 
5.00000000e-001 1.96875000e+001 0.00000000e+000 5.39630172e-005 5.69946867e-005 4.38955549e-005 4.08093276e-005 3.48596339e-005 3.30687987e-005 3.23019022e-005 2.68547567e-005 2.05221602e-005 
5.00000000e-001 2.40625000e+001 0.00000000e+000 8.05632361e-005 7.08093616e-005 5.09125473e-005 4.65175492e-005 3.83581826e-005 3.60277386e-005 3.50490992e-005 2.84830536e-005 2.13329490e-005 
5.00000000e-001 2.84375000e+001 0.00000000e+000 1.50804712e-004 1.04753628e-004 6.89005611e-005 6.15637144e-005 4.84855864e-005 4.49358488e-005 4.34732722e-005 3.42204036e-005 2.48918741e-005 
5.00000000e-001 3.28125000e+001 0.00000000e+000 2.51480971e-004 1.49188210e-004 9.26010778e-005 8.15347099e-005 6.22652479e-005 5.71770887e-005 5.51017897e-005 4.23899796e-005 3.01618883e-005 
7.50000000e-001 2.18750000e+000 0.00000000e+000 9.95624341e-006 3.15115425e-005 3.35454613e-005 3.34320603e-005 3.24559920e-005 3.18620044e-005 3.15635901e-005 2.84740529e-005 2.37265014e-005 
7.50000000e-001 6.56250000e+000 0.00000000e+000 1.13783800e-005 3.15782264e-005 3.26476528e-005 3.23640982e-005 3.11445056e-005 3.05092018e-005 3.01975411e-005 2.71082872e-005 2.24630372e-005 
7.50000000e-001 1.09375000e+001 0.00000000e+000 1.48144371e-005 3.21278169e-005 3.12525866e-005 3.06279858e-005 2.89131510e-005 2.81889827e-005 2.78475912e-005 2.47240037e-005 2.02312330e-005 
7.50000000e-001 1.53125000e+001 0.00000000e+000 2.14510074e-005 3.45809186e-005 3.08970595e-005 2.97673163e-005 2.72802694e-005 2.63973504e-005 2.59982112e-005 2.26803326e-005 1.82038734e-005 
7.50000000e-001 1.96875000e+001 0.00000000e+000 3.48131362e-005 4.20944538e-005 3.40457714e-005 3.20530874e-005 2.81261050e-005 2.69020154e-005 2.63706795e-005 2.24040189e-005 1.75267455e-005 
7.50000000e-001 2.40625000e+001 0.00000000e+000 6.37039660e-005 5.92059665e-005 4.34405679e-005 3.99079128e-005 3.33110970e-005 3.14094828e-005 3.06079605e-005 2.51443664e-005 1.90705948e-005 
7.50000000e-001 2.84375000e+001 0.00000000e+000 1.53505620e-004 1.02660517e-004 6.65963374e-005 5.93204956e-005 4.64613552e-005 4.30026893e-005 4.15819562e-005 3.26572605e-005 2.37382560e-005 
7.50000000e-001 3.28125000e+001 0.00000000e+000 3.08787081e-004 1.62277352e-004 9.71832534e-005 8.48780156e-005 6.38204404e-005 5.83576527e-005 5.61423732e-005 4.27763083e-005 3.01805054e-005 
1.00000000e+000 2.18750000e+000 0.00000000e+000 3.04166553e-006 1.58946368e-005 2.00206630e-005 2.07630633e-005 2.18143444e-005 2.19022257e-005 2.19007023e-005 2.08594794e-005 1.83245495e-005 
1.00000000e+000 6.56250000e+000 0.00000000e+000 3.95138815e-006 1.67924899e-005 2.01427917e-005 2.06938056e-005 2.13922390e-005 2.13911189e-005 2.13546364e-005 2.01539051e-005 1.75420034e-005 
1.00000000e+000 1.09375000e+001 0.00000000e+000 6.35733865e-006 1.89388713e-005 2.06393306e-005 2.07998819e-005 2.07879825e-005 2.06079425e-005 2.05010137e-005 1.89697448e-005 1.61808868e-005 
1.00000000e+000 1.53125000e+001 0.00000000e+000 1.15510371e-005 2.32353411e-005 2.23892878e-005 2.19771262e-005 2.09371843e-005 2.04954756e-005 2.02845841e-005 1.82268319e-005 1.50878555e-005 
1.00000000e+000 1.96875000e+001 0.00000000e+000 2.31921123e-005 3.22057508e-005 2.72332536e-005 2.59164084e-005 2.32530915e-005 2.23907056e-005 2.20111662e-005 1.90320850e-005 1.51784181e-005 
1.00000000e+000 2.40625000e+001 0.00000000e+000 5.17377441e-005 5.10422263e-005 3.81590213e-005 3.52122213e-005 2.96617943e-005 2.80458520e-005 2.73624462e-005 2.26459623e-005 1.73256220e-005 
1.00000000e+000 2.84375000e+001 0.00000000e+000 1.59176106e-004 1.02769981e-004 6.58191955e-005 5.84400415e-005 4.54744456e-005 4.20114961e-005 4.05926408e-005 3.17460586e-005 2.29973928e-005 
1.00000000e+000 3.28125000e+001 0.00000000e+000 3.95514037e-004 1.80190187e-004 1.03871330e-004 8.99437419e-005 6.65119953e-005 6.05361748e-005 5.81262443e-005 4.38011063e-005 3.05838440e-005 
1.25000000e+000 2.18750000e+000 0.00000000e+000 9.38820241e-007 8.04496983e-006 1.19719207e-005 1.29161787e-005 1.46785833e-005 1.50710367e-005 1.52106424e-005 1.52918377e-005 1.41592586e-005 
1.25000000e+000 6.56250000e+000 0.00000000e+000 1.40816330e-006 9.03798436e-006 1.25205549e-005 1.33174378e-005 1.47618500e-005 1.50604712e-005 1.51611364e-005 1.50273919e-005 1.37270350e-005 
1.25000000e+000 1.09375000e+001 0.00000000e+000 2.81258993e-006 1.14070692e-005 1.38419082e-005 1.43215381e-005 1.51038365e-005 1.52105152e-005 1.52317851e-005 1.46572816e-005 1.30073677e-005 
1.25000000e+000 1.53125000e+001 0.00000000e+000 6.35644997e-006 1.59761885e-005 1.65518978e-005 1.65325392e-005 1.63216253e-005 1.61467096e-005 1.60518493e-005 1.48162481e-005 1.26147758e-005 
1.25000000e+000 1.96875000e+001 0.00000000e+000 1.56963185e-005 2.51247585e-005 2.22148840e-005 2.13598141e-005 1.95629667e-005 1.89507190e-005 1.86766238e-005 1.63986083e-005 1.32969452e-005 
1.25000000e+000 2.40625000e+001 0.00000000e+000 4.26232593e-005 4.47096391e-005 3.40878065e-005 3.15958354e-005 2.68456778e-005 2.54447810e-005 2.48498731e-005 2.06916792e-005 1.59366090e-005 
1.25000000e+000 2.84375000e+001 0.00000000e+000 1.67077800e-004 1.03953988e-004 6.58067287e-005 5.82591695e-005 4.50581189e-005 4.15510592e-005 4.01169399e-005 3.12317040e-005 2.25267017e-005 
1.25000000e+000 3.28125000e+001 0.00000000e+000 5.30137102e-004 2.03074712e-004 1.12279586e-004 9.63479538e-005 7.00235923e-005 6.34257976e-005 6.07795852e-005 4.52755324e-005 3.12628284e-005 
1.50000000e+000 2.18750000e+000 0.00000000e+000 2.92578622e-007 4.08589712e-006 7.17282991e-006 8.04806668e-006 9.88828826e-006 1.03809705e-005 1.05743854e-005 1.12180666e-005 1.09459978e-005 
1.50000000e+000 6.56250000e+000 0.00000000e+000 5.12260770e-007 4.91714205e-006 7.83693523e-006 8.62261208e-006 1.02316696e-005 1.06456873e-005 1.08049825e-005 1.12366671e-005 1.07631989e-005 
1.50000000e+000 1.09375000e+001 0.00000000e+000 1.26950541e-006 6.98558043e-006 9.40342888e-006 9.97740630e-006 1.10762635e-005 1.13230904e-005 1.14104935e-005 1.13984576e-005 1.05062120e-005 
1.50000000e+000 1.53125000e+001 0.00000000e+000 3.54388846e-006 1.11501548e-005 1.24142615e-005 1.26112295e-005 1.28814929e-005 1.28707435e-005 1.28487057e-005 1.21608234e-005 1.06281940e-005 
1.50000000e+000 1.96875000e+001 0.00000000e+000 1.07304136e-005 1.98254357e-005 1.83493461e-005 1.78277977e-005 1.66629269e-005 1.62346678e-005 1.60383516e-005 1.42849861e-005 1.17584199e-005 
1.50000000e+000 2.40625000e+001 0.00000000e+000 3.54557998e-005 3.95308874e-005 3.07622792e-005 2.86467681e-005 2.45569963e-005 2.33319283e-005 2.28090630e-005 1.91012703e-005 1.47974087e-005 
1.50000000e+000 2.84375000e+001 0.00000000e+000 1.77262558e-004 1.05819137e-004 6.62323815e-005 5.84781286e-005 4.49758961e-005 4.14057690e-005 3.99482467e-005 3.09662650e-005 2.22359750e-005 
1.50000000e+000 3.28125000e+001 0.00000000e+000 7.48064876e-004 2.32011801e-004 1.22420273e-004 1.04027495e-004 7.42342956e-005 6.69045707e-005 6.39814926e-005 4.71001064e-005 3.21519054e-005 
1.75000000e+000 2.18750000e+000 0.00000000e+000 9.19874868e-008 2.08221397e-006 4.30584212e-006 5.02301087e-006 6.66888753e-006 7.15769182e-006 7.35835974e-006 8.23528414e-006 8.46599234e-006 
1.75000000e+000 6.56250000e+000 0.00000000e+000 1.89439789e-007 2.70087397e-006 4.93695999e-006 5.61460383e-006 7.12160212e-006 7.55371371e-006 7.72853581e-006 8.42518943e-006 8.45573682e-006 
1.75000000e+000 1.09375000e+001 0.00000000e+000 5.81061496e-007 4.33278791e-006 6.45646634e-006 7.02003847e-006 8.18890867e-006 8.49314524e-006 8.61066041e-006 8.91639955e-006 8.52375423e-006 
1.75000000e+000 1.53125000e+001 0.00000000e+000 1.99401898e-006 7.85986772e-006 9.40829616e-006 9.71962321e-006 1.02650798e-005 1.03556729e-005 1.03796569e-005 1.00622839e-005 9.01432854e-006 
1.75000000e+000 1.96875000e+001 0.00000000e+000 7.39085927e-006 1.57582237e-005 1.52814682e-005 1.50061320e-005 1.43174133e-005 1.40299404e-005 1.38933755e-005 1.25484001e-005 1.04767831e-005 
1.75000000e+000 2.40625000e+001 0.00000000e+000 2.97138290e-005 3.51707478e-005 2.79447593e-005 2.61491348e-005 2.26243998e-005 2.15498881e-005 2.10886132e-005 1.77632138e-005 1.38375422e-005 
1.75000000e+000 2.84375000e+001 0.00000000e+000 1.90108740e-004 1.08220970e-004 6.69495742e-005 5.89560364e-005 4.51049972e-005 4.14601902e-005 3.99744916e-005 3.08628678e-005 2.20677019e-005 
1.75000000e+000 3.28125000e+001 0.00000000e+000 1.11783072e-003 2.68792141e-004 1.34512290e-004 1.13082083e-004 7.91251698e-005 7.09384839e-005 6.76934374e-005 4.92269989e-005 3.32128154e-005 
2.00000000e+000 2.18750000e+000 0.00000000e+000 2.91499458e-008 1.06465642e-006 2.58978421e-006 3.14015079e-006 4.50278338e-006 4.94024400e-006 5.12537174e-006 6.04980717e-006 6.55100783e-006 
2.00000000e+000 6.56250000e+000 0.00000000e+000 7.09961762e-008 1.49605666e-006 3.12848165e-006 3.67520378e-006 4.97661217e-006 5.37918039e-006 5.54721540e-006 6.33382340e-006 6.65554688e-006 
2.00000000e+000 1.09375000e+001 0.00000000e+000 2.68726865e-007 2.71399662e-006 4.47196825e-006 4.98026838e-006 6.09705515e-006 6.41286929e-006 6.53988207e-006 7.01196518e-006 6.94386577e-006 
2.00000000e+000 1.53125000e+001 0.00000000e+000 1.13005728e-006 5.57922900e-006 7.18445586e-006 7.54862314e-006 8.24194721e-006 8.39393805e-006 8.44672035e-006 8.38187948e-006 7.68961143e-006 
2.00000000e+000 1.96875000e+001 0.00000000e+000 5.12191952e-006 1.25895240e-005 1.27984811e-005 1.27051625e-005 1.23793948e-005 1.22019102e-005 1.21123244e-005 1.10936518e-005 9.39154829e-006 
2.00000000e+000 2.40625000e+001 0.00000000e+000 2.50554145e-005 3.14357057e-005 2.55023564e-005 2.39813868e-005 2.09477221e-005 2.00051016e-005 1.95978415e-005 1.66071156e-005 1.30096726e-005 
2.00000000e+000 2.84375000e+001 0.00000000e+000 2.06263137e-004 1.11111921e-004 6.78897920e-005 5.96240825e-005 4.53799252e-005 4.16510535e-005 4.01335324e-005 3.08697564e-005 2.19848952e-005 
2.00000000e+000 3.28125000e+001 0.00000000e+000 1.77558526e-003 3.16039010e-004 1.48920984e-004 1.23715589e-004 8.47361293e-005 7.55440800e-005 7.19243093e-005 5.16391701e-005 3.44246515e-005 
2.25000000e+000 2.18750000e+000 0.00000000e+000 9.30190904e-009 5.46129983e-007 1.56063082e-006 1.96628853e-006 3.04371251e-006 3.41321784e-006 3.57345337e-006 4.44740780e-006 5.07161371e-006 
2.25000000e+000 6.56250000e+000 0.00000000e+000 2.69004040e-008 8.34826517e-007 1.99316869e-006 2.41739159e-006 3.49069296e-006 3.84374716e-006 3.99464818e-006 4.77364289e-006 5.24823831e-006 
2.25000000e+000 1.09375000e+001 0.00000000e+000 1.25298045e-007 1.71315923e-006 3.11974868e-006 3.55764187e-006 4.56728403e-006 4.87023277e-006 4.99526796e-006 5.54069646e-006 5.67828516e-006 
2.25000000e+000 1.53125000e+001 0.00000000e+000 6.44298920e-007 3.98075184e-006 5.51729135e-006 5.89646916e-006 6.65665710e-006 6.84383681e-006 6.91400186e-006 7.02089005e-006 6.59201377e-006 
2.25000000e+000 1.96875000e+001 0.00000000e+000 3.56818573e-006 1.00971058e-005 1.07627154e-005 1.08024870e-005 1.07529208e-005 1.06620032e-005 1.06097327e-005 9.85580637e-006 8.45961948e-006 
2.25000000e+000 2.40625000e+001 0.00000000e+000 2.12402639e-005 2.81996812e-005 2.33535921e-005 2.20695131e-005 1.94654549e-005 1.86395959e-005 1.82802940e-005 1.55874734e-005 1.22815738e-005 
2.25000000e+000 2.84375000e+001 0.00000000e+000 2.26680106e-004 1.14490055e-004 6.90206970e-005 6.04477990e-005 4.57647927e-005 4.19428289e-005 4.03901071e-005 3.09556040e-005 2.19635349e-005 
2.25000000e+000 3.28125000e+001 0.00000000e+000 2.99820744e-003 3.77528768e-004 1.66153468e-004 1.36220438e-004 9.11469749e-005 8.07708259e-005 7.67135015e-005 5.43388923e-005 3.57777732e-005 
2.50000000e+000 2.18750000e+000 0.00000000e+000 2.98653026e-009 2.81014135e-007 9.42229022e-007 1.23324066e-006 2.05977460e-006 2.36058174e-006 2.49384055e-006 3.27171035e-006 3.92818639e-006 
2.50000000e+000 6.56250000e+000 0.00000000e+000 1.02864728e-008 4.68874458e-007 1.27608131e-006 1.59714026e-006 2.45701546e-006 2.75543375e-006 2.88554310e-006 3.60648047e-006 4.14586333e-006 
2.50000000e+000 1.09375000e+001 0.00000000e+000 5.88169334e-008 1.08805514e-006 2.18932059e-006 2.55607547e-006 3.43932397e-006 3.71734818e-006 3.83435417e-006 4.39689751e-006 4.65953967e-006 
2.50000000e+000 1.53125000e+001 0.00000000e+000 3.69278326e-007 2.85163482e-006 4.25527902e-006 4.62637719e-006 5.40131062e-006 5.60611025e-006 5.68591644e-006 5.90785035e-006 5.67497505e-006 
2.50000000e+000 1.96875000e+001 0.00000000e+000 2.49728788e-006 8.12359393e-006 9.07890628e-006 9.21401848e-006 9.37241271e-006 9.34952271e-006 9.32692962e-006 8.78942566e-006 7.64981754e-006 
2.50000000e+000 2.40625000e+001 0.00000000e+000 1.80920784e-005 2.53733176e-005 2.14441068e-005 2.03648524e-005 1.81377434e-005 1.74157426e-005 1.70992669e-005 1.46740568e-005 1.16309616e-005 
2.50000000e+000 2.84375000e+001 0.00000000e+000 2.52708933e-004 1.18380602e-004 7.03282290e-005 6.14101597e-005 4.62395189e-005 4.23151286e-005 4.07237745e-005 3.11011323e-005 2.19878553e-005 
2.50000000e+000 3.28125000e+001 0.00000000e+000 5.35980030e-003 4.58717411e-004 1.86882657e-004 1.50983077e-004 9.84704823e-005 8.66935824e-005 8.21233300e-005 5.73415457e-005 3.72700919e-005 
0.00000000e+000 2.18750000e+000 1.00000000e+001 2.11820027e-004 1.43503357e-004 9.33488740e-005 8.31504360e-005 6.48931393e-005 5.99077692e-005 5.78502864e-005 4.49088730e-005 3.20678660e-005 
0.00000000e+000 6.56250000e+000 1.00000000e+001 1.98616750e-004 1.35140823e-004 8.81565532e-005 7.86127448e-005 6.15270050e-005 5.68525327e-005 5.49210721e-005 4.27220191e-005 3.05352148e-005 
0.00000000e+000 1.09375000e+001 1.00000000e+001 1.70879059e-004 1.16933520e-004 7.66933531e-005 6.85457070e-005 5.39696639e-005 4.99674553e-005 4.83096582e-005 3.77433247e-005 2.70249056e-005 
0.00000000e+000 1.53125000e+001 1.00000000e+001 1.45984052e-004 1.00809110e-004 6.63131127e-005 5.93531327e-005 4.69418740e-005 4.35327766e-005 4.21185482e-005 3.30368836e-005 2.36944529e-005 
0.00000000e+000 1.96875000e+001 1.00000000e+001 1.38007510e-004 9.57361289e-005 6.23598888e-005 5.56197497e-005 4.37003804e-005 4.04678849e-005 3.91328605e-005 3.06330290e-005 2.19550894e-005 
0.00000000e+000 2.40625000e+001 1.00000000e+001 1.45512554e-004 1.00784738e-004 6.49873505e-005 5.77006738e-005 4.48218736e-005 4.13635905e-005 3.99431877e-005 3.10484195e-005 2.21762264e-005 
0.00000000e+000 2.84375000e+001 1.00000000e+001 1.63793210e-004 1.12878120e-004 7.21784329e-005 6.38692676e-005 4.91669394e-005 4.52361468e-005 4.36270008e-005 3.36777147e-005 2.39640820e-005 
0.00000000e+000 3.28125000e+001 1.00000000e+001 1.92754787e-004 1.32039664e-004 8.39425779e-005 7.41041909e-005 5.66743436e-005 5.20236767e-005 5.01234811e-005 3.84766295e-005 2.72913027e-005 
2.50000000e-001 2.18750000e+000 1.00000000e+001 6.13384457e-005 7.07595973e-005 5.48775969e-005 5.09483284e-005 4.31588207e-005 4.07816481e-005 3.97633564e-005 3.26488226e-005 2.46177179e-005 
2.50000000e-001 6.56250000e+000 1.00000000e+001 5.92312236e-005 6.74624135e-005 5.22618655e-005 4.85354061e-005 4.11724374e-005 3.89251945e-005 3.79616954e-005 3.12039137e-005 2.35285618e-005 
2.50000000e-001 1.09375000e+001 1.00000000e+001 5.43563585e-005 5.99927118e-005 4.63203534e-005 4.30385706e-005 3.66091236e-005 3.46486127e-005 3.38066007e-005 2.78518221e-005 2.09951070e-005 
2.50000000e-001 1.53125000e+001 1.00000000e+001 5.13665248e-005 5.40636805e-005 4.12757465e-005 3.82942646e-005 3.25456572e-005 3.08096362e-005 3.00647698e-005 2.47839039e-005 1.86521057e-005 
2.50000000e-001 1.96875000e+001 1.00000000e+001 5.64539756e-005 5.51952108e-005 4.07851025e-005 3.75186677e-005 3.13852512e-005 2.95951709e-005 2.88358270e-005 2.35906681e-005 1.76500230e-005 
2.50000000e-001 2.40625000e+001 1.00000000e+001 7.35951438e-005 6.49723933e-005 4.60246669e-005 4.18335442e-005 3.41019349e-005 3.19193739e-005 3.10066527e-005 2.49609430e-005 1.84576977e-005 
2.50000000e-001 2.84375000e+001 1.00000000e+001 1.20325720e-004 8.95195668e-005 5.94704699e-005 5.31686234e-005 4.18521950e-005 3.87719184e-005 3.75025575e-005 2.94753409e-005 2.13762926e-005 
2.50000000e-001 3.28125000e+001 1.00000000e+001 1.83659679e-004 1.22784400e-004 7.81840315e-005 6.91131621e-005 5.30748586e-005 4.87977060e-005 4.70497572e-005 3.63018197e-005 2.59154923e-005 
5.00000000e-001 2.18750000e+000 1.00000000e+001 1.79530522e-005 3.50115915e-005 3.23242611e-005 3.12691285e-005 2.87368828e-005 2.77901117e-005 2.73578786e-005 2.37524228e-005 1.89075479e-005 
5.00000000e-001 6.56250000e+000 1.00000000e+001 1.84836676e-005 3.41920016e-005 3.12500165e-005 3.01857187e-005 2.76917745e-005 2.67713823e-005 2.63520267e-005 2.28619318e-005 1.81683908e-005 
5.00000000e-001 1.09375000e+001 1.00000000e+001 1.93821701e-005 3.20498161e-005 2.86334558e-005 2.75635089e-005 2.51774007e-005 2.43224046e-005 2.39347201e-005 2.07268035e-005 1.64059474e-005 
5.00000000e-001 1.53125000e+001 1.00000000e+001 2.20526432e-005 3.13010216e-005 2.68747281e-005 2.56786838e-005 2.31831811e-005 2.23372225e-005 2.19586559e-005 1.89056356e-005 1.48538373e-005 
5.00000000e-001 1.96875000e+001 1.00000000e+001 3.00060064e-005 3.55726487e-005 2.85606005e-005 2.68503825e-005 2.35156673e-005 2.24810940e-005 2.20314500e-005 1.86581264e-005 1.44565588e-005 
5.00000000e-001 2.40625000e+001 1.00000000e+001 4.94664204e-005 4.79199172e-005 3.55388954e-005 3.27181337e-005 2.74335257e-005 2.59040025e-005 2.52577219e-005 2.08054269e-005 1.57625935e-005 
5.00000000e-001 2.84375000e+001 1.00000000e+001 1.15049508e-004 8.19186384e-005 5.40250715e-005 4.82799735e-005 3.80574930e-005 3.52944884e-005 3.41577781e-005 2.69685983e-005 1.96930900e-005 
5.00000000e-001 3.28125000e+001 1.00000000e+001 2.16687801e-004 1.28118787e-004 7.89075042e-005 6.92715315e-005 5.25533836e-005 4.81746581e-005 4.63951709e-005 3.55920973e-005 2.53167177e-005 
7.50000000e-001 2.18750000e+000 1.00000000e+001 5.31116012e-006 1.73836839e-005 1.90769830e-005 1.92230401e-005 1.91561866e-005 1.89565683e-005 1.88409880e-005 1.72923231e-005 1.45288863e-005 
7.50000000e-001 6.56250000e+000 1.00000000e+001 6.00695532e-006 1.75834526e-005 1.88431654e-005 1.89081421e-005 1.87180244e-005 1.84943250e-005 1.83702705e-005 1.68014539e-005 1.40590369e-005 
7.50000000e-001 1.09375000e+001 1.00000000e+001 7.52097526e-006 1.77463720e-005 1.80848851e-005 1.79823049e-005 1.75433822e-005 1.72743984e-005 1.71351819e-005 1.55505698e-005 1.28927417e-005 
7.50000000e-001 1.53125000e+001 1.00000000e+001 1.06054626e-005 1.92388689e-005 1.81825282e-005 1.78051868e-005 1.69197410e-005 1.65520420e-005 1.63758900e-005 1.46464298e-005 1.19589856e-005 
7.50000000e-001 1.96875000e+001 1.00000000e+001 1.78914382e-005 2.46946101e-005 2.10672205e-005 2.01267919e-005 1.82477073e-005 1.76302973e-005 1.73554283e-005 1.51046979e-005 1.20417882e-005 
7.50000000e-001 2.40625000e+001 1.00000000e+001 3.66814260e-005 3.80908809e-005 2.90542013e-005 2.69570530e-005 2.30019576e-005 2.18412563e-005 2.13477673e-005 1.78535077e-005 1.37558621e-005 
7.50000000e-001 2.84375000e+001 1.00000000e+001 1.17392008e-004 7.96860120e-005 5.17066987e-005 4.60449012e-005 3.60750518e-005 3.34097185e-005 3.23171502e-005 2.54625495e-005 1.85918456e-005 
7.50000000e-001 3.28125000e+001 1.00000000e+001 2.77437130e-004 1.40492889e-004 8.29498404e-005 7.21409761e-005 5.37705069e-005 4.90568546e-005 4.71538984e-005 3.57949715e-005 2.52366843e-005 
1.00000000e+000 2.18750000e+000 1.00000000e+001 1.58809728e-006 8.66115484e-006 1.12807602e-005 1.18371952e-005 1.27843233e-005 1.29441346e-005 1.29881342e-005 1.25980632e-005 1.11696390e-005 
1.00000000e+000 6.56250000e+000 1.00000000e+001 2.02063039e-006 9.16695495e-006 1.14541288e-005 1.19261663e-005 1.27140062e-005 1.28319249e-005 1.28591353e-005 1.23848073e-005 1.09018841e-005 
1.00000000e+000 1.09375000e+001 1.00000000e+001 3.08941215e-006 1.01275520e-005 1.16450994e-005 1.19306769e-005 1.23739652e-005 1.24039017e-005 1.23963081e-005 1.17578955e-005 1.01873983e-005 
1.00000000e+000 1.53125000e+001 1.00000000e+001 5.40957740e-006 1.23460365e-005 1.26881812e-005 1.26921007e-005 1.26106258e-005 1.25019962e-005 1.24386600e-005 1.15067759e-005 9.72639099e-006 
1.00000000e+000 1.96875000e+001 1.00000000e+001 1.12223482e-005 1.79446236e-005 1.61248787e-005 1.56101653e-005 1.45559986e-005 1.41843124e-005 1.40140448e-005 1.24708100e-005 1.01796638e-005 
1.00000000e+000 2.40625000e+001 1.00000000e+001 2.83305868e-005 3.15113232e-005 2.46126903e-005 2.29737289e-005 1.98575418e-005 1.89311259e-005 1.85351865e-005 1.56688207e-005 1.22190538e-005 
1.00000000e+000 2.84375000e+001 1.00000000e+001 1.22994243e-004 7.96319541e-005 5.08465013e-005 4.51014333e-005 3.50629456e-005 3.24032294e-005 3.13164624e-005 2.45594793e-005 1.78699520e-005 
1.00000000e+000 3.28125000e+001 1.00000000e+001 3.81066796e-004 1.58570116e-004 8.92342474e-005 7.67986875e-005 5.61146806e-005 5.09176525e-005 4.88335165e-005 3.66073325e-005 2.55177963e-005 
1.25000000e+000 2.18750000e+000 1.00000000e+001 4.79858236e-007 4.33026943e-006 6.68366769e-006 7.30123096e-006 8.54172710e-006 8.84769558e-006 8.96213890e-006 9.18457814e-006 8.59123554e-006 
1.25000000e+000 6.56250000e+000 1.00000000e+001 6.99141256e-007 4.83985759e-006 7.01632727e-006 7.57241065e-006 8.67669000e-006 8.94085362e-006 9.03764779e-006 9.15616592e-006 8.47112205e-006 
1.25000000e+000 1.09375000e+001 1.00000000e+001 1.31722100e-006 5.92310015e-006 7.62615350e-006 8.03493232e-006 8.82576739e-006 8.99719099e-006 9.05531431e-006 8.95546995e-006 8.09195602e-006 
1.25000000e+000 1.53125000e+001 1.00000000e+001 2.84918260e-006 8.16258166e-006 9.06916856e-006 9.24909917e-006 9.56640565e-006 9.59823753e-006 9.59799477e-006 9.15312379e-006 7.98419911e-006 
1.25000000e+000 1.96875000e+001 1.00000000e+001 7.23103553e-006 1.34074737e-005 1.26597714e-005 1.24042690e-005 1.18577813e-005 1.16409259e-005 1.15372869e-005 1.04639418e-005 8.71551581e-006 
1.25000000e+000 2.40625000e+001 1.00000000e+001 2.23820654e-005 2.66612422e-005 2.13157699e-005 2.00077893e-005 1.74913710e-005 1.67311680e-005 1.64043475e-005 1.39866154e-005 1.10085958e-005 
1.25000000e+000 2.84375000e+001 1.00000000e+001 1.31217904e-004 8.07003427e-005 5.07451151e-005 4.48439067e-005 3.45980029e-005 3.19028032e-005 3.08043756e-005 2.40293727e-005 1.73993187e-005 
1.25000000e+000 3.28125000e+001 1.00000000e+001 5.63189596e-004 1.83189489e-004 9.75401261e-005 8.29788224e-005 5.93305052e-005 5.35202951e-005 5.12063092e-005 3.78671354e-005 2.60649765e-005 
1.50000000e+000 2.18750000e+000 1.00000000e+001 1.46447347e-007 2.17249217e-006 3.96770711e-006 4.51091054e-006 5.71364128e-006 6.05384359e-006 6.19011050e-006 6.70069127e-006 6.61122244e-006 
1.50000000e+000 6.56250000e+000 1.00000000e+001 2.47455287e-007 2.58478545e-006 4.32919560e-006 4.83844604e-006 5.94840414e-006 6.25517699e-006 6.37663163e-006 6.78874081e-006 6.59565625e-006 
1.50000000e+000 1.09375000e+001 1.00000000e+001 5.75753334e-007 3.53221103e-006 5.06703851e-006 5.48236491e-006 6.35873769e-006 6.58652340e-006 6.67360409e-006 6.86767414e-006 6.45955131e-006 
1.50000000e+000 1.53125000e+001 1.00000000e+001 1.53042676e-006 5.50816204e-006 6.60150805e-006 6.85694194e-006 7.36329778e-006 7.47006726e-006 7.50480077e-006 7.36019827e-006 6.60904235e-006 
1.50000000e+000 1.96875000e+001 1.00000000e+001 4.74041557e-006 1.01953821e-005 1.01139767e-005 1.00265051e-005 9.81291673e-006 9.69955078e-006 9.64081467e-006 8.89525440e-006 7.54257455e-006 
1.50000000e+000 2.40625000e+001 1.00000000e+001 1.79561391e-005 2.28754152e-005 1.87244554e-005 1.76738082e-005 1.56225001e-005 1.49904241e-005 1.47167527e-005 1.26438000e-005 1.00292393e-005 
1.50000000e+000 2.84375000e+001 1.00000000e+001 1.42277274e-004 8.25149761e-005 5.10962505e-005 4.49930124e-005 3.44625880e-005 3.17106310e-005 3.05915747e-005 2.37375622e-005 1.70983400e-005 
1.50000000e+000 3.28125000e+001 1.00000000e+001 8.97493281e-004 2.16423810e-004 1.08053313e-004 9.07308311e-005 6.33451515e-005 5.67806871e-005 5.41856471e-005 3.94935832e-005 2.68223360e-005 
1.75000000e+000 2.18750000e+000 1.00000000e+001 4.51084152e-008 1.09369838e-006 2.36000424e-006 2.79160190e-006 3.82630641e-006 4.14644787e-006 4.27963816e-006 4.89198347e-006 5.08999732e-006 
1.75000000e+000 6.56250000e+000 1.00000000e+001 8.91979428e-008 1.39471635e-006 2.68934636e-006 3.10998655e-006 4.09579434e-006 4.39345155e-006 4.51603742e-006 5.04755632e-006 5.14558833e-006 
1.75000000e+000 1.09375000e+001 1.00000000e+001 2.56068788e-007 2.13886505e-006 3.40810459e-006 3.78294113e-006 4.62262819e-006 4.86191011e-006 4.95784850e-006 5.29992622e-006 5.18069243e-006 
1.75000000e+000 1.53125000e+001 1.00000000e+001 8.33338179e-007 3.77025770e-006 4.87158328e-006 5.15128222e-006 5.73479478e-006 5.87945025e-006 5.93291427e-006 5.97392212e-006 5.51164461e-006 
1.75000000e+000 1.96875000e+001 1.00000000e+001 3.14705509e-006 7.84541101e-006 8.17896998e-006 8.20346418e-006 8.21652472e-006 8.17536208e-006 8.14822254e-006 7.64081963e-006 6.58638672e-006 
1.75000000e+000 2.40625000e+001 1.00000000e+001 1.45738079e-005 1.98169403e-005 1.66075185e-005 1.57642042e-005 1.40900862e-005 1.35620960e-005 1.33315688e-005 1.15380629e-005 9.21710100e-006 
1.75000000e+000 2.84375000e+001 1.00000000e+001 1.56800362e-004 8.49408970e-005 5.17598195e-005 4.54149261e-005 3.45418509e-005 3.17192162e-005 3.05738871e-005 2.36040971e-005 1.69145713e-005 
1.75000000e+000 3.28125000e+001 1.00000000e+001 1.53944772e-003 2.61596095e-004 1.21215825e-004 1.00289767e-004 6.81882243e-005 6.07008877e-005 5.77648846e-005 4.14541272e-005 2.77589110e-005 
2.00000000e+000 2.18750000e+000 1.00000000e+001 1.40106124e-008 5.52475289e-007 1.40647841e-006 1.73046792e-006 2.56534731e-006 2.84292468e-006 2.96167741e-006 3.57400688e-006 3.92069429e-006 
2.00000000e+000 6.56250000e+000 1.00000000e+001 3.26324060e-008 7.59484416e-007 1.68117096e-006 2.01013428e-006 2.83189215e-006 3.09744681e-006 3.20986237e-006 3.76314718e-006 4.02209565e-006 
2.00000000e+000 1.09375000e+001 1.00000000e+001 1.15358239e-007 1.31079084e-006 2.31588658e-006 2.63539166e-006 3.38726932e-006 3.61550945e-006 3.70970245e-006 4.11379064e-006 4.17333106e-006 
2.00000000e+000 1.53125000e+001 1.00000000e+001 4.58500373e-007 2.60726163e-006 3.63238987e-006 3.90958403e-006 4.50910117e-006 4.67021086e-006 4.73281179e-006 4.88745523e-006 4.62683318e-006 
2.00000000e+000 1.96875000e+001 1.00000000e+001 2.11009537e-006 6.08909138e-006 6.67237006e-006 6.77135594e-006 6.94070432e-006 6.95116616e-006 6.94687204e-006 6.61776543e-006 5.79443622e-006 
2.00000000e+000 2.40625000e+001 1.00000000e+001 1.19402144e-005 1.72911547e-005 1.48327016e-005 1.41592649e-005 1.27980409e-005 1.23571478e-005 1.21627810e-005 1.06038362e-005 8.52878944e-006 
2.00000000e+000 2.84375000e+001 1.00000000e+001 1.75791585e-004 8.79430659e-005 5.26700701e-005 4.60435071e-005 3.47735656e-005 3.18687504e-005 3.06926974e-005 2.35807769e-005 1.68139826e-005 
2.00000000e+000 3.28125000e+001 1.00000000e+001 2.82585313e-003 3.23732354e-004 1.37698813e-004 1.12037410e-004 7.39564515e-005 6.53378070e-005 6.19878760e-005 4.37463840e-005 2.88599528e-005 
2.25000000e+000 2.18750000e+000 1.00000000e+001 4.38415450e-009 2.80007564e-007 8.39839621e-007 1.07446569e-006 1.72191668e-006 1.95118592e-006 2.05158993e-006 2.61294873e-006 3.02146848e-006 
2.25000000e+000 6.56250000e+000 1.00000000e+001 1.20849092e-008 4.16929766e-007 1.05702455e-006 1.30597516e-006 1.96571686e-006 2.19156996e-006 2.28931778e-006 2.81292460e-006 3.14984207e-006 
2.25000000e+000 1.09375000e+001 1.00000000e+001 5.24908145e-008 8.10975460e-007 1.58719019e-006 1.85088867e-006 2.49935880e-006 2.70630252e-006 2.79352925e-006 3.20999034e-006 3.37565763e-006 
2.25000000e+000 1.53125000e+001 1.00000000e+001 2.54403252e-007 1.81689656e-006 2.72994005e-006 2.99075564e-006 3.57257956e-006 3.73753172e-006 3.80349897e-006 4.02561450e-006 3.90658206e-006 
2.25000000e+000 1.96875000e+001 1.00000000e+001 1.42645698e-006 4.75717158e-006 5.47912235e-006 5.62633255e-006 5.90246465e-006 5.95011203e-006 5.96253218e-006 5.76950130e-006 5.12920375e-006 
2.25000000e+000 2.40625000e+001 1.00000000e+001 9.86030904e-006 1.51734324e-005 1.33179736e-005 1.27849059e-005 1.16861872e-005 1.13193373e-005 1.11558180e-005 9.79805947e-006 7.93440281e-006 
2.25000000e+000 2.84375000e+001 1.00000000e+001 2.00711816e-004 9.15373819e-005 5.37970639e-005 4.68459028e-005 3.51232529e-005 3.21252215e-005 3.09143137e-005 2.36380722e-005 1.67742602e-005 
2.25000000e+000 3.28125000e+001 1.00000000e+001 5.50359422e-003 4.10399823e-004 1.58436032e-004 1.26506685e-004 8.08006408e-005 7.07898739e-005 6.69358345e-005 4.63884342e-005 3.01216373e-005 
2.50000000e+000 2.18750000e+000 1.00000000e+001 1.38092989e-009 1.42370591e-007 5.02452070e-007 6.68245812e-007 1.15711607e-006 1.34052764e-006 1.42254248e-006 1.91166389e-006 2.32960803e-006 
2.50000000e+000 6.56250000e+000 1.00000000e+001 4.52137495e-009 2.30518223e-007 6.68120240e-007 8.52547850e-007 1.36953496e-006 1.55589102e-006 1.63810533e-006 2.10794006e-006 2.47127686e-006 
2.50000000e+000 1.09375000e+001 1.00000000e+001 2.40802050e-008 5.05576708e-007 1.09555156e-006 1.30885604e-006 1.85541605e-006 2.03746143e-006 2.11551750e-006 2.51675015e-006 2.74085551e-006 
2.50000000e+000 1.53125000e+001 1.00000000e+001 1.42170525e-007 1.27372983e-006 2.06439636e-006 2.30212873e-006 2.84808986e-006 3.00942255e-006 3.07524936e-006 3.33467254e-006 3.31514641e-006 
2.50000000e+000 1.96875000e+001 1.00000000e+001 9.71064877e-007 3.73636455e-006 4.52231970e-006 4.69895492e-006 5.04578416e-006 5.12000552e-006 5.14463226e-006 5.05649636e-006 4.56350496e-006 
2.50000000e+000 2.40625000e+001 1.00000000e+001 8.19884463e-006 1.33779118e-005 1.20086586e-005 1.15921323e-005 1.07149418e-005 1.04115654e-005 1.02746147e-005 9.09167465e-006 7.41299802e-006 
2.50000000e+000 2.84375000e+001 1.00000000e+001 2.33635788e-004 9.57727935e-005 5.51298573e-005 4.78068434e-005 3.55716104e-005 3.24689951e-005 3.12190575e-005 2.37576076e-005 1.67806121e-005 
2.50000000e+000 3.28125000e+001 1.00000000e+001 1.12618394e-002 5.33067585e-004 1.84699115e-004 1.44411994e-004 8.89245435e-005 7.71933536e-005 7.27230139e-005 4.94139077e-005 3.15478900e-005 
0.00000000e+000 2.18750000e+000 2.00000000e+001 8.84209783e-005 6.15381669e-005 3.99410222e-005 3.56488772e-005 2.81866933e-005 2.61810755e-005 2.53519598e-005 1.99997715e-005 1.43657256e-005 
0.00000000e+000 6.56250000e+000 2.00000000e+001 9.57883016e-005 6.66691416e-005 4.31575349e-005 3.84503720e-005 3.02259004e-005 2.80176826e-005 2.71069649e-005 2.12869702e-005 1.52619866e-005 
0.00000000e+000 1.09375000e+001 2.00000000e+001 1.05321746e-004 7.32895023e-005 4.71772384e-005 4.18978894e-005 3.26340989e-005 3.01567619e-005 2.91390283e-005 2.27302050e-005 1.62505409e-005 
0.00000000e+000 1.53125000e+001 2.00000000e+001 1.18649481e-004 8.22466446e-005 5.25913625e-005 4.65487465e-005 3.59061864e-005 3.30704447e-005 3.19096939e-005 2.47057395e-005 1.75997726e-005 
0.00000000e+000 1.96875000e+001 2.00000000e+001 1.36435333e-004 9.40383148e-005 5.98370193e-005 5.28380669e-005 4.04613846e-005 3.71654842e-005 3.58191565e-005 2.75510814e-005 1.95593406e-005 
0.00000000e+000 2.40625000e+001 2.00000000e+001 1.59654478e-004 1.09317522e-004 6.92888702e-005 6.10893636e-005 4.65562048e-005 4.26844690e-005 4.11043892e-005 3.14633284e-005 2.22754820e-005 
0.00000000e+000 2.84375000e+001 2.00000000e+001 1.89762611e-004 1.29040718e-004 8.15151647e-005 7.17876102e-005 5.45373382e-005 4.99421888e-005 4.80678385e-005 3.66753195e-005 2.59167718e-005 
0.00000000e+000 3.28125000e+001 2.00000000e+001 2.29320511e-004 1.54925786e-004 9.76133858e-005 8.58974466e-005 6.51269604e-005 5.95971769e-005 5.73424901e-005 4.36702095e-005 3.08290506e-005 
2.50000000e-001 2.18750000e+000 2.00000000e+001 2.40235622e-005 2.92677905e-005 2.28554202e-005 2.13064955e-005 1.83620345e-005 1.74778130e-005 1.70969890e-005 1.43062658e-005 1.08810627e-005 
2.50000000e-001 6.56250000e+000 2.00000000e+001 2.71174698e-005 3.23246315e-005 2.50080636e-005 2.32360159e-005 1.98535407e-005 1.88453086e-005 1.84135256e-005 1.53148578e-005 1.16125721e-005 
2.50000000e-001 1.09375000e+001 2.00000000e+001 3.26085886e-005 3.70886700e-005 2.81360458e-005 2.59765124e-005 2.18605244e-005 2.06537756e-005 2.01418147e-005 1.65836662e-005 1.25031128e-005 
2.50000000e-001 1.53125000e+001 2.00000000e+001 4.21577621e-005 4.45711350e-005 3.29078919e-005 3.01377305e-005 2.48893091e-005 2.33788012e-005 2.27441609e-005 1.84814720e-005 1.38154361e-005 
2.50000000e-001 1.96875000e+001 2.00000000e+001 5.83281144e-005 5.60723299e-005 4.01049344e-005 3.64186621e-005 2.95008023e-005 2.75426749e-005 2.67265342e-005 2.14054665e-005 1.58313194e-005 
2.50000000e-001 2.40625000e+001 2.00000000e+001 8.69698877e-005 7.42282175e-005 5.10625621e-005 4.59269673e-005 3.64476137e-005 3.38149242e-005 3.27257823e-005 2.58089296e-005 1.88461996e-005 
2.50000000e-001 2.84375000e+001 2.00000000e+001 1.53238209e-004 1.09255865e-004 7.07744621e-005 6.27488486e-005 4.83636302e-005 4.44868514e-005 4.28993880e-005 3.31296812e-005 2.37366980e-005 
2.50000000e-001 3.28125000e+001 2.00000000e+001 2.46431757e-004 1.55311607e-004 9.64434300e-005 8.46374099e-005 6.38892914e-005 5.84094371e-005 5.61806332e-005 4.27347613e-005 3.01859091e-005 
5.00000000e-001 2.18750000e+000 2.00000000e+001 6.59688787e-006 1.39681410e-005 1.31041594e-005 1.27556211e-005 1.19756885e-005 1.16797716e-005 1.15412631e-005 1.02408491e-005 8.24569616e-006 
5.00000000e-001 6.56250000e+000 2.00000000e+001 8.00361952e-006 1.58942296e-005 1.46080858e-005 1.41384557e-005 1.31032667e-005 1.27300598e-005 1.25591047e-005 1.10508306e-005 8.85381166e-006 
5.00000000e-001 1.09375000e+001 2.00000000e+001 1.11075860e-005 1.94231801e-005 1.71202337e-005 1.63852632e-005 1.48231958e-005 1.43002892e-005 1.40678479e-005 1.21913569e-005 9.67053222e-006 
5.00000000e-001 1.53125000e+001 2.00000000e+001 1.74021031e-005 2.56136771e-005 2.13353336e-005 2.01214459e-005 1.76384593e-005 1.68590187e-005 1.65215704e-005 1.40204887e-005 1.09515584e-005 
5.00000000e-001 1.96875000e+001 2.00000000e+001 3.01771951e-005 3.62976031e-005 2.83008461e-005 2.62575011e-005 2.22319935e-005 2.10301080e-005 2.05200225e-005 1.69908440e-005 1.30094708e-005 
5.00000000e-001 2.40625000e+001 2.00000000e+001 5.85355180e-005 5.57534407e-005 4.01916866e-005 3.65937616e-005 2.98040965e-005 2.78707818e-005 2.70641275e-005 2.17925565e-005 1.62796140e-005 
5.00000000e-001 2.84375000e+001 2.00000000e+001 1.50684158e-004 1.02992022e-004 6.61782122e-005 5.86123427e-005 4.51442125e-005 4.15355212e-005 4.00603194e-005 3.10016961e-005 2.23100570e-005 
5.00000000e-001 3.28125000e+001 2.00000000e+001 3.18577036e-004 1.70889211e-004 1.01596609e-004 8.83299677e-005 6.55361695e-005 5.96445979e-005 5.72644964e-005 4.31393329e-005 3.02436724e-005 
7.50000000e-001 2.18750000e+000 2.00000000e+001 1.83084636e-006 6.68942002e-006 7.52797048e-006 7.64915954e-006 7.81956714e-006 7.81319869e-006 7.79852194e-006 7.33590764e-006 6.25166213e-006 
7.50000000e-001 6.56250000e+000 2.00000000e+001 2.45141617e-006 7.92049692e-006 8.59984971e-006 8.66049589e-006 8.68887657e-006 8.63537252e-006 8.60035245e-006 7.99729153e-006 6.76406584e-006 
7.50000000e-001 1.09375000e+001 2.00000000e+001 4.06149868e-006 1.04809667e-005 1.06105804e-005 1.05015171e-005 1.01675657e-005 1.00040741e-005 9.92290316e-006 9.02795347e-006 7.51788864e-006 
7.50000000e-001 1.53125000e+001 2.00000000e+001 7.85251594e-006 1.54019002e-005 1.42504075e-005 1.37915770e-005 1.27472563e-005 1.23754345e-005 1.22075322e-005 1.07740303e-005 8.76126634e-006 
7.50000000e-001 1.96875000e+001 2.00000000e+001 1.70956396e-005 2.48218846e-005 2.07586444e-005 1.96006801e-005 1.72111709e-005 1.64588029e-005 1.61336989e-005 1.37378468e-005 1.08355284e-005 
7.50000000e-001 2.40625000e+001 2.00000000e+001 4.26766857e-005 4.43241908e-005 3.30304629e-005 3.03325297e-005 2.51607780e-005 2.36615330e-005 2.30321774e-005 1.88280283e-005 1.43071240e-005 
7.50000000e-001 2.84375000e+001 2.00000000e+001 1.56548508e-004 1.01748629e-004 6.43764759e-005 5.68240407e-005 4.35003070e-005 3.99626069e-005 3.85207548e-005 2.97300651e-005 2.13768435e-005 
7.50000000e-001 3.28125000e+001 2.00000000e+001 4.53668134e-004 1.96996392e-004 1.10860755e-004 9.52364001e-005 6.90806792e-005 6.24872066e-005 5.98444326e-005 4.44652817e-005 3.08047411e-005 
1.00000000e+000 2.18750000e+000 2.00000000e+001 5.13497334e-007 3.21468041e-006 4.33305746e-006 4.59459830e-006 5.11171902e-006 5.23203010e-006 5.27468006e-006 5.25871612e-006 4.74215454e-006 
1.00000000e+000 6.56250000e+000 2.00000000e+001 7.74917767e-007 3.99671754e-006 5.10079682e-006 5.33928971e-006 5.78813290e-006 5.88184380e-006 5.91250696e-006 5.80411226e-006 5.17785784e-006 
1.00000000e+000 1.09375000e+001 2.00000000e+001 1.56058320e-006 5.80035940e-006 6.68517246e-006 6.82858669e-006 7.04909396e-006 7.06652969e-006 7.06425167e-006 6.73191879e-006 5.87317809e-006 
1.00000000e+000 1.53125000e+001 2.00000000e+001 3.73109656e-006 9.57726898e-006 9.75082197e-006 9.66100554e-006 9.36976084e-006 9.22655059e-006 9.15595357e-006 8.37600682e-006 7.06862980e-006 
1.00000000e+000 1.96875000e+001 2.00000000e+001 1.01442621e-005 1.75884212e-005 1.56598514e-005 1.50159576e-005 1.36108530e-005 1.31393942e-005 1.29314018e-005 1.12816061e-005 9.13165705e-006 
1.00000000e+000 2.40625000e+001 2.00000000e+001 3.23011006e-005 3.63900753e-005 2.79075693e-005 2.58106542e-005 2.17284930e-005 2.05250676e-005 2.00171179e-005 1.65576699e-005 1.27511894e-005 
1.00000000e+000 2.84375000e+001 2.00000000e+001 1.67025820e-004 1.02798499e-004 6.39769029e-005 5.62537584e-005 4.27394611e-005 3.91816949e-005 3.77358589e-005 2.89897808e-005 2.07723431e-005 
1.00000000e+000 3.28125000e+001 2.00000000e+001 7.08244707e-004 2.34659613e-004 1.23786404e-004 1.04883200e-004 7.41337982e-005 6.65895021e-005 6.35908426e-005 4.64970059e-005 3.17529975e-005 
1.25000000e+000 2.18750000e+000 2.00000000e+001 1.45504715e-007 1.55018610e-006 2.49895259e-006 2.76441009e-006 3.34543713e-006 3.50718031e-006 3.57112035e-006 3.77236207e-006 3.59888372e-006 
1.25000000e+000 6.56250000e+000 2.00000000e+001 2.51453252e-007 2.04018499e-006 3.04702455e-006 3.31211161e-006 3.87295560e-006 4.02233127e-006 4.08018149e-006 4.22423665e-006 3.97140515e-006 
1.25000000e+000 1.09375000e+001 2.00000000e+001 6.20590709e-007 3.27755670e-006 4.27328018e-006 4.49788405e-006 4.93521226e-006 5.03632887e-006 5.07243575e-006 5.05276056e-006 4.60988666e-006 
1.25000000e+000 1.53125000e+001 2.00000000e+001 1.83016343e-006 6.10264095e-006 6.80120525e-006 6.88822933e-006 6.98688642e-006 6.97141102e-006 6.95655979e-006 6.57936849e-006 5.74731727e-006 
1.25000000e+000 1.96875000e+001 2.00000000e+001 6.18840181e-006 1.27580023e-005 1.20543114e-005 1.17257505e-005 1.09433986e-005 1.06553938e-005 1.05247095e-005 9.38463769e-006 7.77416057e-006 
1.25000000e+000 2.40625000e+001 2.00000000e+001 2.50015951e-005 3.04651253e-005 2.40097007e-005 2.23518563e-005 1.90687583e-005 1.80831848e-005 1.76647760e-005 1.47595254e-005 1.14931821e-005 
1.25000000e+000 2.84375000e+001 2.00000000e+001 1.81860977e-004 1.05203314e-004 6.43764761e-005 5.63838191e-005 4.25058894e-005 3.88811329e-005 3.74119392e-005 2.85902161e-005 2.03913288e-005 
1.25000000e+000 3.28125000e+001 2.00000000e+001 1.21686468e-003 2.87909045e-004 1.40778894e-004 1.17420110e-004 8.06204474e-005 7.18554856e-005 6.84027614e-005 4.91376681e-005 3.30239621e-005 
1.50000000e+000 2.18750000e+000 2.00000000e+001 4.16335418e-008 7.50100091e-007 1.44400151e-006 1.66601110e-006 2.19199775e-006 2.35338068e-006 2.42012130e-006 2.70803703e-006 2.73257267e-006 
1.50000000e+000 6.56250000e+000 2.00000000e+001 8.33639797e-008 1.05245056e-006 1.83243129e-006 2.06667978e-006 2.60258750e-006 2.76132224e-006 2.82610071e-006 3.08284116e-006 3.05193418e-006 
1.50000000e+000 1.09375000e+001 2.00000000e+001 2.52869815e-007 1.88364025e-006 2.76596318e-006 2.99647806e-006 3.48608446e-006 3.61883388e-006 3.67098813e-006 3.81570560e-006 3.63452164e-006 
1.50000000e+000 1.53125000e+001 2.00000000e+001 9.17245656e-007 3.95881145e-006 4.81602778e-006 4.98149075e-006 5.27317820e-006 5.32755195e-006 5.34413536e-006 5.21532040e-006 4.70587062e-006 
1.50000000e+000 1.96875000e+001 2.00000000e+001 3.84741472e-006 9.40431533e-006 9.41598342e-006 9.28705040e-006 8.91225936e-006 8.74820315e-006 8.67028379e-006 7.88964738e-006 6.67603015e-006 
1.50000000e+000 2.40625000e+001 2.00000000e+001 1.96587691e-005 2.58372274e-005 2.09121847e-005 1.95925148e-005 1.69288814e-005 1.61129550e-005 1.57643378e-005 1.32931420e-005 1.04528576e-005 
1.50000000e+000 2.84375000e+001 2.00000000e+001 2.01869389e-004 1.08632135e-004 6.53035721e-005 5.69686862e-005 4.26122423e-005 3.88916665e-005 3.73874069e-005 2.84179628e-005 2.01659526e-005 
1.50000000e+000 3.28125000e+001 2.00000000e+001 2.30339640e-003 3.63819007e-004 1.62817001e-004 1.33389543e-004 8.86521673e-005 7.83387682e-005 7.43153385e-005 5.23633480e-005 3.45867062e-005 
1.75000000e+000 2.18750000e+000 2.00000000e+001 1.20207290e-008 3.64190154e-007 8.36029090e-007 1.00571004e-006 1.43789899e-006 1.58078308e-006 1.64170024e-006 1.94537474e-006 2.07580864e-006 
1.75000000e+000 6.56250000e+000 2.00000000e+001 2.81291083e-008 5.48089300e-007 1.10893230e-006 1.29671274e-006 1.75610104e-006 1.90269054e-006 1.96443844e-006 2.25585949e-006 2.34977552e-006 
1.75000000e+000 1.09375000e+001 2.00000000e+001 1.04902026e-007 1.09748700e-006 1.80966267e-006 2.01607223e-006 2.48220832e-006 2.61961991e-006 2.67582205e-006 2.89792685e-006 2.87765682e-006 
1.75000000e+000 1.53125000e+001 2.00000000e+001 4.67034740e-007 2.60267089e-006 3.45110401e-006 3.64377088e-006 4.01992279e-006 4.11039985e-006 4.14397943e-006 4.16700922e-006 3.87750394e-006 
1.75000000e+000 1.96875000e+001 2.00000000e+001 2.42630343e-006 7.01356645e-006 7.43568898e-006 7.43430626e-006 7.33083288e-006 7.25239442e-006 7.21132950e-006 6.69043595e-006 5.77530697e-006 
1.75000000e+000 2.40625000e+001 2.00000000e+001 1.56473166e-005 2.21177076e-005 1.83756068e-005 1.73241738e-005 1.51570691e-005 1.44781760e-005 1.41860289e-005 1.20676396e-005 9.57517807e-006 
1.75000000e+000 2.84375000e+001 2.00000000e+001 2.28607536e-004 1.12989419e-004 6.66332228e-005 5.78888285e-005 4.29575062e-005 3.91193720e-005 3.75715020e-005 2.84045337e-005 2.00520311e-005 
1.75000000e+000 3.28125000e+001 2.00000000e+001 4.78111024e-003 4.73875878e-004 1.91440731e-004 1.53677933e-004 9.84759962e-005 8.61976602e-005 8.14578004e-005 5.61986572e-005 3.64329735e-005 
2.00000000e+000 2.18750000e+000 2.00000000e+001 3.49939291e-009 1.77412467e-007 4.84970468e-007 6.08114090e-007 9.44315770e-007 1.06291390e-006 1.11474215e-006 1.39848971e-006 1.57766402e-006 
2.00000000e+000 6.56250000e+000 2.00000000e+001 9.63119014e-009 2.87866182e-007 6.75017865e-007 8.17836677e-007 1.18957605e-006 1.31571908e-006 1.37015482e-006 1.65499048e-006 1.81250644e-006 
2.00000000e+000 1.09375000e+001 2.00000000e+001 4.41240297e-008 6.46600341e-007 1.19490691e-006 1.36810349e-006 1.78005669e-006 1.90898494e-006 1.96308785e-006 2.21246341e-006 2.28748018e-006 
2.00000000e+000 1.53125000e+001 2.00000000e+001 2.40767092e-007 1.72876791e-006 2.49648179e-006 2.68977421e-006 3.09016275e-006 3.19686125e-006 3.23876512e-006 3.35242401e-006 3.21300401e-006 
2.00000000e+000 1.96875000e+001 2.00000000e+001 1.54759111e-006 5.27736998e-006 5.92102269e-006 6.00015627e-006 6.07746276e-006 6.05877339e-006 6.04377377e-006 5.71381044e-006 5.02728181e-006 
2.00000000e+000 2.40625000e+001 2.00000000e+001 1.25798024e-005 1.90701137e-005 1.62543183e-005 1.54191972e-005 1.36579512e-005 1.30923063e-005 1.28469579e-005 1.10227392e-005 8.82180776e-006 
2.00000000e+000 2.84375000e+001 2.00000000e+001 2.64484253e-004 1.18290062e-004 6.83100051e-005 5.90862265e-005 4.34862569e-005 3.95111806e-005 3.79123266e-005 2.85079536e-005 2.00204931e-005 
2.00000000e+000 3.28125000e+001 2.00000000e+001 1.07702227e-002 6.36699590e-004 2.28890511e-004 1.79563197e-004 1.10462981e-004 9.56805104e-005 9.00383179e-005 6.07045761e-005 3.85707626e-005 
2.25000000e+000 2.18750000e+000 2.00000000e+001 1.02630918e-009 8.67059551e-008 2.81865884e-007 3.68307789e-007 6.20877347e-007 7.15433180e-007 7.57667039e-007 1.00605673e-006 1.19964644e-006 
2.25000000e+000 6.56250000e+000 2.00000000e+001 3.33833826e-009 1.52344113e-007 4.13111568e-007 5.18310686e-007 8.08811406e-007 9.12916158e-007 9.58772932e-007 1.21720472e-006 1.40060280e-006 
2.25000000e+000 1.09375000e+001 2.00000000e+001 1.87665682e-008 3.84442246e-007 7.95187209e-007 9.35282780e-007 1.28463166e-006 1.39945723e-006 1.44859457e-006 1.69728448e-006 1.82512831e-006 
2.25000000e+000 1.53125000e+001 2.00000000e+001 1.25390467e-007 1.15768442e-006 1.81968931e-006 2.00034235e-006 2.39196970e-006 2.50315776e-006 2.54815495e-006 2.71319454e-006 2.67576468e-006 
2.25000000e+000 1.96875000e+001 2.00000000e+001 9.96471786e-007 3.99925376e-006 4.74600152e-006 4.87411526e-006 5.06999850e-006 5.09295240e-006 5.09642945e-006 4.90822968e-006 4.39923578e-006 
2.25000000e+000 2.40625000e+001 2.00000000e+001 1.02004591e-005 1.65382834e-005 1.44533599e-005 1.37943897e-005 1.23687871e-005 1.18980643e-005 1.16920885e-005 1.01173741e-005 8.16559069e-006 
2.25000000e+000 2.84375000e+001 2.00000000e+001 3.13076046e-004 1.24615622e-004 7.03146302e-005 6.05350103e-005 4.41680406e-005 4.00368611e-005 3.83799085e-005 2.87021609e-005 2.00520140e-005 
2.25000000e+000 3.28125000e+001 2.00000000e+001 2.59704802e-002 8.82850515e-004 2.78377151e-004 2.12832927e-004 1.25120418e-004 1.07128753e-004 1.00344552e-004 6.59735188e-005 4.10207120e-005 
2.50000000e+000 2.18750000e+000 2.00000000e+001 3.03009652e-010 4.25083456e-008 1.64131790e-007 2.23431389e-007 4.08688597e-007 4.82041328e-007 5.15471883e-007 7.24256933e-007 9.12648387e-007 
2.50000000e+000 6.56250000e+000 2.00000000e+001 1.16926221e-009 8.11712633e-008 2.54083673e-007 3.29963237e-007 5.51857408e-007 6.35474485e-007 6.72990962e-007 8.97380517e-007 1.08420572e-006 
2.50000000e+000 1.09375000e+001 2.00000000e+001 8.05560068e-009 2.30305794e-007 5.32731103e-007 6.43486842e-007 9.32305204e-007 1.03141053e-006 1.07452253e-006 1.30780898e-006 1.46130026e-006 
2.50000000e+000 1.53125000e+001 2.00000000e+001 6.58686044e-008 7.80421209e-007 1.33463250e-006 1.49672034e-006 1.86229078e-006 1.97113372e-006 2.01608963e-006 2.20718812e-006 2.23829474e-006 
2.50000000e+000 1.96875000e+001 2.00000000e+001 6.46803597e-007 3.04849737e-006 3.82453539e-006 3.98022718e-006 4.25109080e-006 4.30268563e-006 4.31915578e-006 4.23659876e-006 3.86687136e-006 
2.50000000e+000 2.40625000e+001 2.00000000e+001 8.33317044e-006 1.44127594e-005 1.29070825e-005 1.23924314e-005 1.12464194e-005 1.08559668e-005 1.06834339e-005 9.32277237e-006 7.58693927e-006 
2.50000000e+000 2.84375000e+001 2.00000000e+001 3.79654883e-004 1.32099996e-004 7.26489469e-005 6.22276609e-005 4.49867150e-005 4.06794293e-005 3.89570718e-005 2.89708388e-005 2.01336263e-005 
2.50000000e+000 3.28125000e+001 2.00000000e+001 6.60908575e-002 1.26321947e-003 3.44511308e-004 2.55976870e-004 1.43122004e-004 1.20992381e-004 1.12754919e-004 7.21289710e-005 4.38142903e-005 
END