TITLE="4SB_DE.dat"
VARIABLES= "Density" "dY" "Height" "0.1053" "0.356" "0.6617" "0.7889" "1.1732" "1.3325" "1.408" "2" "3" 
ZONE T="3D Data" I=11 J=10 K=3 F=POINT
0.00000000e+000 0.00000000e+000 0.00000000e+000 2.22273924e-004 1.50924434e-004 9.70408830e-005 8.60702842e-005 6.65652795e-005 6.13046583e-005 5.91441513e-005 4.57107528e-005 3.25615032e-005 
0.00000000e+000 3.50000000e+000 0.00000000e+000 2.22354247e-004 1.50953684e-004 9.70314867e-005 8.60533546e-005 6.65359847e-005 6.12728415e-005 5.91114858e-005 4.56771199e-005 3.25341584e-005 
0.00000000e+000 7.00000000e+000 0.00000000e+000 2.22633394e-004 1.51030292e-004 9.70080590e-005 8.60094059e-005 6.64569176e-005 6.11863659e-005 5.90224844e-005 4.55845884e-005 3.24587710e-005 
0.00000000e+000 1.05000000e+001 0.00000000e+000 2.22547481e-004 1.50788739e-004 9.67361659e-005 8.57321196e-005 6.61724170e-005 6.09031523e-005 5.87406110e-005 4.53300593e-005 3.22629364e-005 
0.00000000e+000 1.40000000e+001 0.00000000e+000 2.21745027e-004 1.50056914e-004 9.61243936e-005 8.51411773e-005 6.56181868e-005 6.03630764e-005 5.82075114e-005 4.48672837e-005 3.19135042e-005 
0.00000000e+000 1.75000000e+001 0.00000000e+000 2.19828673e-004 1.48559794e-004 9.49694438e-005 8.40491092e-005 6.46407450e-005 5.94238217e-005 5.72856930e-005 4.40905777e-005 3.13360046e-005 
0.00000000e+000 2.10000000e+001 0.00000000e+000 2.15237833e-004 1.45236052e-004 9.25943012e-005 8.18640372e-005 6.28073774e-005 5.76956802e-005 5.56028496e-005 4.27279715e-005 3.03425862e-005 
0.00000000e+000 2.45000000e+001 0.00000000e+000 2.06944911e-004 1.39451290e-004 8.86840109e-005 7.83371759e-005 5.99781414e-005 5.50632584e-005 5.30528179e-005 4.07165484e-005 2.88932302e-005 
0.00000000e+000 2.80000000e+001 0.00000000e+000 1.95515661e-004 1.31585011e-004 8.35113043e-005 7.37170526e-005 5.63532633e-005 5.17122002e-005 4.98150591e-005 3.81954063e-005 2.70860752e-005 
0.00000000e+000 3.15000000e+001 0.00000000e+000 1.82829786e-004 1.22877414e-004 7.78430292e-005 6.86741135e-005 5.24329225e-005 4.80978595e-005 4.63267708e-005 3.54941776e-005 2.51544179e-005 
2.50000000e-001 0.00000000e+000 0.00000000e+000 1.37238946e-004 1.08043936e-004 7.41924907e-005 6.69307256e-005 5.36306569e-005 4.99155820e-005 4.83706117e-005 3.83876824e-005 2.80887672e-005 
2.50000000e-001 3.50000000e+000 0.00000000e+000 1.37438748e-004 1.08162986e-004 7.42474334e-005 6.69724738e-005 5.36488122e-005 4.99277063e-005 4.83803655e-005 3.83860574e-005 2.80822738e-005 
2.50000000e-001 7.00000000e+000 0.00000000e+000 1.38568959e-004 1.08702719e-004 7.45069239e-005 6.71768030e-005 5.37565141e-005 5.00110056e-005 4.84540658e-005 3.84119218e-005 2.80823329e-005 
2.50000000e-001 1.05000000e+001 0.00000000e+000 1.40084180e-004 1.09364242e-004 7.47812271e-005 6.73756838e-005 5.38229580e-005 5.00445113e-005 4.84747900e-005 3.83739532e-005 2.80232066e-005 
2.50000000e-001 1.40000000e+001 0.00000000e+000 1.42329004e-004 1.10216716e-004 7.50741221e-005 6.75602778e-005 5.38199885e-005 4.99968433e-005 4.84101944e-005 3.82394356e-005 2.78785487e-005 
2.50000000e-001 1.75000000e+001 0.00000000e+000 1.45250557e-004 1.11113708e-004 7.52346540e-005 6.75824042e-005 5.36139167e-005 4.97414099e-005 4.81370077e-005 3.79100119e-005 2.75774173e-005 
2.50000000e-001 2.10000000e+001 0.00000000e+000 1.46212942e-004 1.10600379e-004 7.43871621e-005 6.66842343e-005 5.26597471e-005 4.87895779e-005 4.71893299e-005 3.70501456e-005 2.68932925e-005 
2.50000000e-001 2.45000000e+001 0.00000000e+000 1.43392157e-004 1.07601912e-004 7.19821911e-005 6.44224626e-005 5.06903285e-005 4.69152159e-005 4.53567398e-005 3.55276876e-005 2.57439278e-005 
2.50000000e-001 2.80000000e+001 0.00000000e+000 1.36898736e-004 1.02189863e-004 6.81229923e-005 6.09046732e-005 4.78135337e-005 4.42235917e-005 4.27430462e-005 3.34316715e-005 2.41971243e-005 
2.50000000e-001 3.15000000e+001 0.00000000e+000 1.27197830e-004 9.50413466e-005 6.33111720e-005 5.65866398e-005 4.43947867e-005 4.10539612e-005 3.96766063e-005 3.10212894e-005 2.24445538e-005 
5.00000000e-001 0.00000000e+000 0.00000000e+000 1.19640647e-004 9.00756119e-005 6.23772040e-005 5.65307353e-005 4.58739117e-005 4.28905195e-005 4.16468955e-005 3.34940521e-005 2.48930432e-005 
5.00000000e-001 3.50000000e+000 0.00000000e+000 1.19726293e-004 9.01822814e-005 6.24412730e-005 5.65847857e-005 4.59083702e-005 4.29193707e-005 4.16734398e-005 3.35078064e-005 2.48981541e-005 
5.00000000e-001 7.00000000e+000 0.00000000e+000 1.21471196e-004 9.09209460e-005 6.28276183e-005 5.69047842e-005 4.61125010e-005 4.30933368e-005 4.18352876e-005 3.36035307e-005 2.49465326e-005 
5.00000000e-001 1.05000000e+001 0.00000000e+000 1.23565423e-004 9.18824828e-005 6.33269829e-005 5.73130655e-005 4.63558325e-005 4.32928953e-005 4.20172726e-005 3.36923043e-005 2.49747432e-005 
5.00000000e-001 1.40000000e+001 0.00000000e+000 1.27040293e-004 9.33670280e-005 6.40410100e-005 5.78762795e-005 4.66516148e-005 4.35206627e-005 4.22182580e-005 3.37591795e-005 2.49659438e-005 
5.00000000e-001 1.75000000e+001 0.00000000e+000 1.32150357e-004 9.53934130e-005 6.49001487e-005 5.85119163e-005 4.69058739e-005 4.36835657e-005 4.23460788e-005 3.37243959e-005 2.48590297e-005 
5.00000000e-001 2.10000000e+001 0.00000000e+000 1.34940293e-004 9.61300690e-005 6.48536304e-005 5.83179933e-005 4.64777420e-005 4.32086378e-005 4.18550659e-005 3.31980845e-005 2.43941634e-005 
5.00000000e-001 2.45000000e+001 0.00000000e+000 1.33236392e-004 9.43325111e-005 6.32459916e-005 5.67591703e-005 4.50335537e-005 4.18100157e-005 4.04778085e-005 3.20070008e-005 2.34616989e-005 
5.00000000e-001 2.80000000e+001 0.00000000e+000 1.28140366e-004 9.00972074e-005 6.01365363e-005 5.38968607e-005 4.26392612e-005 3.95537434e-005 3.82801404e-005 3.02110804e-005 2.21095216e-005 
5.00000000e-001 3.15000000e+001 0.00000000e+000 1.18486447e-004 8.36065384e-005 5.57948232e-005 4.99983980e-005 3.95407885e-005 3.66757359e-005 3.54933775e-005 2.80060265e-005 2.04913217e-005 
7.50000000e-001 0.00000000e+000 0.00000000e+000 1.22345731e-004 8.27434254e-005 5.61784327e-005 5.07856229e-005 4.11460244e-005 3.84896459e-005 3.73867773e-005 3.01830635e-005 2.25881328e-005 
7.50000000e-001 3.50000000e+000 0.00000000e+000 1.22118852e-004 8.28065269e-005 5.62327251e-005 5.08349786e-005 4.11833522e-005 3.85228806e-005 3.74182400e-005 3.02034954e-005 2.25994326e-005 
7.50000000e-001 7.00000000e+000 0.00000000e+000 1.25053270e-004 8.37706512e-005 5.67196881e-005 5.12404456e-005 4.14526495e-005 3.87574677e-005 3.76388749e-005 3.03460399e-005 2.26811648e-005 
7.50000000e-001 1.05000000e+001 0.00000000e+000 1.27970423e-004 8.49502996e-005 5.73519057e-005 5.17705477e-005 4.18002381e-005 3.90561572e-005 3.79177415e-005 3.05146052e-005 2.27676135e-005 
7.50000000e-001 1.40000000e+001 0.00000000e+000 1.33063919e-004 8.68826591e-005 5.83227335e-005 5.25620704e-005 4.22783770e-005 3.94540219e-005 3.82836976e-005 3.07122078e-005 2.28520672e-005 
7.50000000e-001 1.75000000e+001 0.00000000e+000 1.40863866e-004 8.97285106e-005 5.96427454e-005 5.36002526e-005 4.28384743e-005 3.98974395e-005 3.86816368e-005 3.08827676e-005 2.28865923e-005 
7.50000000e-001 2.10000000e+001 0.00000000e+000 1.45300411e-004 9.11741693e-005 6.00643579e-005 5.38265925e-005 4.27421372e-005 3.97290581e-005 3.84865871e-005 3.05841463e-005 2.25800624e-005 
7.50000000e-001 2.45000000e+001 0.00000000e+000 1.43122043e-004 8.98586518e-005 5.88777750e-005 5.26593241e-005 4.16212136e-005 3.86313868e-005 3.74006494e-005 2.96193714e-005 2.18054194e-005 
7.50000000e-001 2.80000000e+001 0.00000000e+000 1.38608516e-004 8.61985730e-005 5.62021821e-005 5.01918389e-005 3.95415881e-005 3.66655445e-005 3.54831517e-005 2.80370612e-005 2.05996438e-005 
7.50000000e-001 3.15000000e+001 0.00000000e+000 1.27077782e-004 7.97972728e-005 5.20716741e-005 4.65046669e-005 3.66346850e-005 3.39690963e-005 3.28732802e-005 2.59732512e-005 1.90808700e-005 
1.00000000e+000 0.00000000e+000 0.00000000e+000 1.37348290e-004 8.08230415e-005 5.30985778e-005 4.77038147e-005 3.82742715e-005 3.57321470e-005 3.46838170e-005 2.79307409e-005 2.09155620e-005 
1.00000000e+000 3.50000000e+000 0.00000000e+000 1.36290808e-004 8.08089461e-005 5.31323641e-005 4.77396690e-005 3.83078351e-005 3.57635754e-005 3.47141898e-005 2.79531006e-005 2.09298161e-005 
1.00000000e+000 7.00000000e+000 0.00000000e+000 1.41435066e-004 8.21001017e-005 5.37376108e-005 4.82380937e-005 3.86369688e-005 3.60513886e-005 3.49855557e-005 2.81329593e-005 2.10371416e-005 
1.00000000e+000 1.05000000e+001 0.00000000e+000 1.45451666e-004 8.35330947e-005 5.44888720e-005 4.88698624e-005 3.90618997e-005 3.64219524e-005 3.53341241e-005 2.83576146e-005 2.11649618e-005 
1.00000000e+000 1.40000000e+001 0.00000000e+000 1.53022330e-004 8.59486894e-005 5.56751059e-005 4.98416886e-005 3.96715384e-005 3.69406544e-005 3.58167459e-005 2.86470709e-005 2.13164564e-005 
1.00000000e+000 1.75000000e+001 0.00000000e+000 1.65112649e-004 8.96380193e-005 5.73818900e-005 5.12039525e-005 4.04637961e-005 3.75950554e-005 3.64172959e-005 2.89712140e-005 2.14586130e-005 
1.00000000e+000 2.10000000e+001 0.00000000e+000 1.72429316e-004 9.16455761e-005 5.81218107e-005 5.17126025e-005 4.05914615e-005 3.76353183e-005 3.64245298e-005 2.88333916e-005 2.12688847e-005 
1.00000000e+000 2.45000000e+001 0.00000000e+000 1.68197547e-004 9.04152058e-005 5.71384949e-005 5.07521656e-005 3.96665591e-005 3.67263001e-005 3.55236465e-005 2.80232041e-005 2.06094130e-005 
1.00000000e+000 2.80000000e+001 0.00000000e+000 1.64840439e-004 8.70527414e-005 5.47166428e-005 4.85246160e-005 3.77937226e-005 3.49556561e-005 3.37962201e-005 2.65939403e-005 1.95143401e-005 
1.00000000e+000 3.15000000e+001 0.00000000e+000 1.49029933e-004 8.03112298e-005 5.06088801e-005 4.48968334e-005 3.49830796e-005 3.23586704e-005 3.12863104e-005 2.46222024e-005 1.80672690e-005 
1.25000000e+000 0.00000000e+000 0.00000000e+000 1.65930562e-004 8.23167426e-005 5.19421848e-005 4.62818308e-005 3.66034085e-005 3.40533243e-005 3.30095510e-005 2.64081393e-005 1.97006282e-005 
1.25000000e+000 3.50000000e+000 0.00000000e+000 1.62786163e-004 8.21671939e-005 5.19431952e-005 4.62957047e-005 3.66286068e-005 3.40789120e-005 3.30349943e-005 2.64295369e-005 1.97158124e-005 
1.25000000e+000 7.00000000e+000 0.00000000e+000 1.72057091e-004 8.39298675e-005 5.27022239e-005 4.69101218e-005 3.70241151e-005 3.44233450e-005 3.33593591e-005 2.66444846e-005 1.98452657e-005 
1.25000000e+000 1.05000000e+001 0.00000000e+000 1.77275767e-004 8.56732301e-005 5.35849827e-005 4.76484924e-005 3.75200577e-005 3.48573168e-005 3.37684408e-005 2.69141539e-005 2.00049784e-005 
1.25000000e+000 1.40000000e+001 0.00000000e+000 1.88661126e-004 8.86851766e-005 5.49952720e-005 4.87967725e-005 3.82425418e-005 3.54762406e-005 3.43465789e-005 2.72747470e-005 2.02075743e-005 
1.25000000e+000 1.75000000e+001 0.00000000e+000 2.07926520e-004 9.34003782e-005 5.70927742e-005 5.04698889e-005 3.92366514e-005 3.63098140e-005 3.51176772e-005 2.77233636e-005 2.04359385e-005 
1.25000000e+000 2.10000000e+001 0.00000000e+000 2.21288128e-004 9.60213667e-005 5.80942295e-005 5.11992699e-005 3.95293210e-005 3.65027710e-005 3.52727512e-005 2.77038728e-005 2.03345306e-005 
1.25000000e+000 2.45000000e+001 0.00000000e+000 2.12001457e-004 9.45783752e-005 5.71710627e-005 5.03247025e-005 3.87155297e-005 3.57066580e-005 3.44848778e-005 2.69978592e-005 1.97588804e-005 
1.25000000e+000 2.80000000e+001 0.00000000e+000 2.12372626e-004 9.14253805e-005 5.49025151e-005 4.82455361e-005 3.69795155e-005 3.40679873e-005 3.28871340e-005 2.56787892e-005 1.87478652e-005 
1.25000000e+000 3.15000000e+001 0.00000000e+000 1.88006868e-004 8.39349318e-005 5.06631782e-005 4.45552860e-005 3.41902855e-005 3.15060693e-005 3.04168347e-005 2.37602121e-005 1.73500823e-005 
1.50000000e+000 0.00000000e+000 0.00000000e+000 2.15001591e-004 8.65202631e-005 5.21245226e-005 4.60017825e-005 3.57594388e-005 3.31216018e-005 3.20499974e-005 2.54057723e-005 1.88240639e-005 
1.50000000e+000 3.50000000e+000 0.00000000e+000 2.06822847e-004 8.61352076e-005 5.20746503e-005 4.59821352e-005 3.57715226e-005 3.31375761e-005 3.20670628e-005 2.54240643e-005 1.88387911e-005 
1.50000000e+000 7.00000000e+000 0.00000000e+000 2.23978694e-004 8.85691811e-005 5.30349759e-005 4.67447250e-005 3.62461668e-005 3.35476964e-005 3.24521497e-005 2.56759428e-005 1.89895051e-005 
1.50000000e+000 1.05000000e+001 0.00000000e+000 2.29904558e-004 9.06779891e-005 5.40701682e-005 4.76038869e-005 3.68161053e-005 3.40455580e-005 3.29213015e-005 2.59864325e-005 1.91761015e-005 
1.50000000e+000 1.40000000e+001 0.00000000e+000 2.47251037e-004 9.44454465e-005 5.57366130e-005 4.89457041e-005 3.76492398e-005 3.47591748e-005 3.35882989e-005 2.64079691e-005 1.94203470e-005 
1.50000000e+000 1.75000000e+001 0.00000000e+000 2.78648288e-004 1.00489081e-004 5.82735490e-005 5.09531465e-005 3.88397104e-005 3.57620389e-005 3.45186493e-005 2.69659795e-005 1.97216965e-005 
1.50000000e+000 2.10000000e+001 0.00000000e+000 3.05135383e-004 1.03930621e-004 5.95353364e-005 5.18865583e-005 3.92675466e-005 3.60771769e-005 3.47910776e-005 2.70380373e-005 1.96890394e-005 
1.50000000e+000 2.45000000e+001 0.00000000e+000 2.84075169e-004 1.01961641e-004 5.85603479e-005 5.10070461e-005 3.85036460e-005 3.53394675e-005 3.40643638e-005 2.63994316e-005 1.91736634e-005 
1.50000000e+000 2.80000000e+001 0.00000000e+000 2.95054360e-004 9.90865157e-005 5.63975716e-005 4.90262202e-005 3.68595940e-005 3.37909566e-005 3.25558890e-005 2.51600609e-005 1.82266863e-005 
1.50000000e+000 3.15000000e+001 0.00000000e+000 2.53552686e-004 9.03720690e-005 5.18820904e-005 4.51639948e-005 3.40285333e-005 3.12103132e-005 3.00749797e-005 2.32626495e-005 1.68596465e-005 
1.75000000e+000 0.00000000e+000 0.00000000e+000 2.99545878e-004 9.33552981e-005 5.33670165e-005 4.65970207e-005 3.55258965e-005 3.27393975e-005 3.16158287e-005 2.47884813e-005 1.82036494e-005 
1.75000000e+000 3.50000000e+000 0.00000000e+000 2.79534149e-004 9.25678925e-005 5.32389997e-005 4.65270605e-005 3.55188114e-005 3.27412533e-005 3.16205258e-005 2.48016585e-005 1.82168273e-005 
1.75000000e+000 7.00000000e+000 0.00000000e+000 3.12127700e-004 9.59568218e-005 5.44614351e-005 4.74786602e-005 3.60896547e-005 3.32298197e-005 3.20775384e-005 2.50947787e-005 1.83895580e-005 
1.75000000e+000 1.05000000e+001 0.00000000e+000 3.16507250e-004 9.84725544e-005 5.56723142e-005 4.84761536e-005 3.67408673e-005 3.37963836e-005 3.26106327e-005 2.54456775e-005 1.86007448e-005 
1.75000000e+000 1.40000000e+001 0.00000000e+000 3.43499863e-004 1.03200805e-004 5.76414822e-005 5.00406062e-005 3.76915378e-005 3.46075755e-005 3.33679649e-005 2.59242117e-005 1.88813321e-005 
1.75000000e+000 1.75000000e+001 0.00000000e+000 3.95400965e-004 1.11005897e-004 6.06998501e-005 5.24311185e-005 3.90885915e-005 3.57836583e-005 3.44593485e-005 2.65855653e-005 1.92479830e-005 
1.75000000e+000 2.10000000e+001 0.00000000e+000 4.50480423e-004 1.15655775e-004 6.22630350e-005 5.35835350e-005 3.96408149e-005 3.62070155e-005 3.48342364e-005 2.67328118e-005 1.92707013e-005 
1.75000000e+000 2.45000000e+001 0.00000000e+000 4.02242487e-004 1.12742834e-004 6.11296425e-005 5.26187135e-005 3.88780591e-005 3.54851012e-005 3.41283894e-005 2.61335288e-005 1.87974431e-005 
1.75000000e+000 2.80000000e+001 0.00000000e+000 4.40527091e-004 1.10398178e-004 5.90675626e-005 5.07175601e-005 3.72989599e-005 3.40000979e-005 3.26829115e-005 2.49522380e-005 1.78994090e-005 
1.75000000e+000 3.15000000e+001 0.00000000e+000 3.63898824e-004 9.98316118e-005 5.41225864e-005 4.65732014e-005 3.43680958e-005 3.13524571e-005 3.01466830e-005 2.30484684e-005 1.65473438e-005 
2.00000000e+000 0.00000000e+000 0.00000000e+000 4.49999296e-004 1.03149503e-004 5.55596710e-005 4.79402018e-005 3.57778941e-005 3.27885712e-005 3.15922766e-005 2.44681990e-005 1.77821990e-005 
2.00000000e+000 3.50000000e+000 0.00000000e+000 4.02659181e-004 1.01685911e-004 5.53130770e-005 4.77956191e-005 3.57434563e-005 3.27704182e-005 3.15794752e-005 2.44740221e-005 1.77928202e-005 
2.00000000e+000 7.00000000e+000 0.00000000e+000 4.66190264e-004 1.06440598e-004 5.68760412e-005 4.89876915e-005 3.64316240e-005 3.33533717e-005 3.21225095e-005 2.48144296e-005 1.79893998e-005 
2.00000000e+000 1.05000000e+001 0.00000000e+000 4.61982433e-004 1.09374818e-004 5.82855322e-005 5.01420348e-005 3.71734445e-005 3.39956192e-005 3.27256170e-005 2.52074380e-005 1.82245434e-005 
2.00000000e+000 1.40000000e+001 0.00000000e+000 5.05564421e-004 1.15327159e-004 6.06164094e-005 5.19673085e-005 3.82542546e-005 3.49124461e-005 3.35797381e-005 2.57428789e-005 1.85388559e-005 
2.00000000e+000 1.75000000e+001 0.00000000e+000 5.91780897e-004 1.25491132e-004 6.43097063e-005 5.48113601e-005 3.98795409e-005 3.62754087e-005 3.48430594e-005 2.65076624e-005 1.89669653e-005 
2.00000000e+000 2.10000000e+001 0.00000000e+000 7.09000328e-004 1.31991431e-004 6.62568580e-005 5.62257051e-005 4.05595351e-005 3.68049594e-005 3.53166495e-005 2.67210100e-005 1.90360929e-005 
2.00000000e+000 2.45000000e+001 0.00000000e+000 5.98380701e-004 1.27508471e-004 6.48449781e-005 5.50921814e-005 3.97544142e-005 3.60620859e-005 3.45973468e-005 2.61383400e-005 1.85905027e-005 
2.00000000e+000 2.80000000e+001 0.00000000e+000 7.03010137e-004 1.26212536e-004 6.29209011e-005 5.32805172e-005 3.82273158e-005 3.46255925e-005 3.31993804e-005 2.50001437e-005 1.77300512e-005 
2.00000000e+000 3.15000000e+001 0.00000000e+000 5.52737435e-004 1.12902767e-004 5.73675533e-005 4.87322595e-005 3.51390839e-005 3.18643555e-005 3.05651490e-005 2.30651269e-005 1.63791291e-005 
2.25000000e+000 0.00000000e+000 0.00000000e+000 7.28498784e-004 1.16601219e-004 5.86987313e-005 4.99890736e-005 3.64463790e-005 3.31999406e-005 3.19107781e-005 2.43873309e-005 1.75196536e-005 
2.25000000e+000 3.50000000e+000 0.00000000e+000 6.18820587e-004 1.14015995e-004 5.82743527e-005 4.97350951e-005 3.63734615e-005 3.31539248e-005 3.18737030e-005 2.43830806e-005 1.75266609e-005 
2.25000000e+000 7.00000000e+000 0.00000000e+000 7.45747970e-004 1.20738834e-004 6.02802625e-005 5.12330853e-005 3.72047261e-005 3.38506090e-005 3.25198511e-005 2.47782867e-005 1.77497051e-005 
2.25000000e+000 1.05000000e+001 0.00000000e+000 7.13411804e-004 1.24043716e-004 6.19088431e-005 5.25624240e-005 3.80475062e-005 3.45766608e-005 3.32002157e-005 2.52163165e-005 1.80091977e-005 
2.25000000e+000 1.40000000e+001 0.00000000e+000 7.88097591e-004 1.31561924e-004 6.46738114e-005 5.46955224e-005 3.92753797e-005 3.56108710e-005 3.41610564e-005 2.58111018e-005 1.83564109e-005 
2.25000000e+000 1.75000000e+001 0.00000000e+000 9.30457108e-004 1.44898725e-004 6.91501781e-005 5.80857125e-005 4.11602224e-005 3.71822132e-005 3.56144299e-005 2.66838882e-005 1.88448966e-005 
2.25000000e+000 2.10000000e+001 0.00000000e+000 1.18235837e-003 1.54274269e-004 7.16127295e-005 5.98348405e-005 4.19836533e-005 3.78257475e-005 3.61919455e-005 2.69596747e-005 1.89547079e-005 
2.25000000e+000 2.45000000e+001 0.00000000e+000 9.29524278e-004 1.47238664e-004 6.97708835e-005 5.84347979e-005 4.10926871e-005 3.70267738e-005 3.54269376e-005 2.63739994e-005 1.85248441e-005 
2.25000000e+000 2.80000000e+001 0.00000000e+000 1.19006786e-003 1.47923733e-004 6.80725219e-005 5.67532545e-005 3.96172070e-005 3.56337595e-005 3.40700738e-005 2.52691497e-005 1.76935236e-005 
2.25000000e+000 3.15000000e+001 0.00000000e+000 8.82638025e-004 1.30558872e-004 6.16884420e-005 5.16569331e-005 3.63103305e-005 3.27108392e-005 3.12943494e-005 2.32791949e-005 1.63311917e-005 
2.50000000e+000 0.00000000e+000 0.00000000e+000 1.26386597e-003 1.34847593e-004 6.28604873e-005 5.27607179e-005 3.74985475e-005 3.39360339e-005 3.25327272e-005 2.45085081e-005 1.73878385e-005 
2.50000000e+000 3.50000000e+000 0.00000000e+000 1.01321949e-003 1.30420475e-004 6.21723276e-005 5.23480433e-005 3.73721082e-005 3.38516962e-005 3.24624173e-005 2.44907752e-005 1.73900288e-005 
2.50000000e+000 7.00000000e+000 0.00000000e+000 1.27281530e-003 1.40002633e-004 6.47562862e-005 5.42359755e-005 3.83779658e-005 3.46854906e-005 3.32322573e-005 2.49497484e-005 1.76427982e-005 
2.50000000e+000 1.05000000e+001 0.00000000e+000 1.16098030e-003 1.43518396e-004 6.66190798e-005 5.57566901e-005 3.93325068e-005 3.55040715e-005 3.39977677e-005 2.54364324e-005 1.79276763e-005 
2.50000000e+000 1.40000000e+001 0.00000000e+000 1.29997798e-003 1.53054614e-004 6.99066226e-005 5.82545398e-005 4.07282913e-005 3.66705240e-005 3.50781034e-005 2.60948096e-005 1.83082026e-005 
2.50000000e+000 1.75000000e+001 0.00000000e+000 1.53018642e-003 1.70665850e-004 7.53550935e-005 6.23082867e-005 4.29133383e-005 3.84789111e-005 3.67460901e-005 2.70837499e-005 1.88580602e-005 
2.50000000e+000 2.10000000e+001 0.00000000e+000 2.07338088e-003 1.84529799e-004 7.85277521e-005 6.45012718e-005 4.39081925e-005 3.92534782e-005 3.74410141e-005 2.74227192e-005 1.90053135e-005 
2.50000000e+000 2.45000000e+001 0.00000000e+000 1.49863717e-003 1.73373197e-004 7.60523018e-005 6.27106270e-005 4.28836106e-005 3.83615284e-005 3.65971028e-005 2.68158474e-005 1.85808697e-005 
2.50000000e+000 2.80000000e+001 0.00000000e+000 2.11842522e-003 1.77631805e-004 7.47338136e-005 6.12375703e-005 4.14721470e-005 3.70165469e-005 3.52834687e-005 2.57390275e-005 1.77725735e-005 
2.50000000e+000 3.15000000e+001 0.00000000e+000 1.47118554e-003 1.54240492e-004 6.72313672e-005 5.54144994e-005 3.78777298e-005 3.38795040e-005 3.23194332e-005 2.36704576e-005 1.63870285e-005 
0.00000000e+000 0.00000000e+000 1.00000000e+001 1.64653939e-004 1.13299941e-004 7.30526133e-005 6.48629325e-005 5.03346950e-005 4.64186432e-005 4.48092223e-005 3.47500455e-005 2.47854873e-005 
0.00000000e+000 3.50000000e+000 1.00000000e+001 1.65106082e-004 1.13562429e-004 7.32016310e-005 6.49893160e-005 5.04211966e-005 4.64947953e-005 4.48812333e-005 3.47992811e-005 2.48178938e-005 
0.00000000e+000 7.00000000e+000 1.00000000e+001 1.66488851e-004 1.14356536e-004 7.36555470e-005 6.53750764e-005 5.06864731e-005 4.67287412e-005 4.51026363e-005 3.49514856e-005 2.49184912e-005 
0.00000000e+000 1.05000000e+001 1.00000000e+001 1.68369217e-004 1.15396265e-004 7.42305359e-005 6.58577839e-005 5.10060750e-005 4.70062370e-005 4.53633756e-005 3.51224442e-005 2.50277743e-005 
0.00000000e+000 1.40000000e+001 1.00000000e+001 1.70537242e-004 1.16580495e-004 7.48706102e-005 6.63875562e-005 5.13388118e-005 4.72883830e-005 4.56255402e-005 3.52814394e-005 2.51234954e-005 
0.00000000e+000 1.75000000e+001 1.00000000e+001 1.72708161e-004 1.17730764e-004 7.54516075e-005 6.68503793e-005 5.15902612e-005 4.74869923e-005 4.58036537e-005 3.53615320e-005 2.51580781e-005 
0.00000000e+000 2.10000000e+001 1.00000000e+001 1.74154027e-004 1.18355540e-004 7.56495333e-005 6.69588380e-005 5.15429387e-005 4.74042855e-005 4.57080447e-005 3.52216849e-005 2.50336140e-005 
0.00000000e+000 2.45000000e+001 1.00000000e+001 1.73974917e-004 1.17916055e-004 7.51548177e-005 6.64506198e-005 5.10170972e-005 4.68813050e-005 4.51879716e-005 3.47558504e-005 2.46779937e-005 
0.00000000e+000 2.80000000e+001 1.00000000e+001 1.71962818e-004 1.16271793e-004 7.39037666e-005 6.52774583e-005 4.99897560e-005 4.59006534e-005 4.42280994e-005 3.39575538e-005 2.40877884e-005 
0.00000000e+000 3.15000000e+001 1.00000000e+001 1.68576272e-004 1.13731535e-004 7.20998735e-005 6.36222471e-005 4.86068175e-005 4.45978354e-005 4.29595866e-005 3.29298184e-005 2.33373116e-005 
2.50000000e-001 0.00000000e+000 1.00000000e+001 1.01161463e-004 8.05016234e-005 5.53536238e-005 4.99717641e-005 4.01626134e-005 3.74314408e-005 3.62956424e-005 2.89189410e-005 2.12108617e-005 
2.50000000e-001 3.50000000e+000 1.00000000e+001 1.01326432e-004 8.06750105e-005 5.54737826e-005 5.00790646e-005 4.02445385e-005 3.75059067e-005 3.63669902e-005 2.89712325e-005 2.12465378e-005 
2.50000000e-001 7.00000000e+000 1.00000000e+001 1.02516653e-004 8.14351803e-005 5.59468598e-005 5.04924291e-005 4.05483223e-005 3.77794783e-005 3.66281582e-005 2.91590376e-005 2.13721768e-005 
2.50000000e-001 1.05000000e+001 1.00000000e+001 1.04021234e-004 8.24611282e-005 5.65874389e-005 5.10510837e-005 4.09535103e-005 3.81417929e-005 3.69728592e-005 2.94008402e-005 2.15300796e-005 
2.50000000e-001 1.40000000e+001 1.00000000e+001 1.06125142e-004 8.38242108e-005 5.74151008e-005 5.17644599e-005 4.14522676e-005 3.85813860e-005 3.73883620e-005 2.96801088e-005 2.17054383e-005 
2.50000000e-001 1.75000000e+001 1.00000000e+001 1.09288951e-004 8.56193995e-005 5.84255604e-005 5.26122556e-005 4.20035986e-005 3.90546016e-005 3.78303478e-005 2.99544004e-005 2.18642234e-005 
2.50000000e-001 2.10000000e+001 1.00000000e+001 1.12338750e-004 8.71892924e-005 5.92047025e-005 5.32294725e-005 4.23338417e-005 3.93131935e-005 3.80610222e-005 3.00486793e-005 2.18874641e-005 
2.50000000e-001 2.45000000e+001 1.00000000e+001 1.14048133e-004 8.78188805e-005 5.93438422e-005 5.32701894e-005 4.22067905e-005 3.91486554e-005 3.78828477e-005 2.98253589e-005 2.16836863e-005 
2.50000000e-001 2.80000000e+001 1.00000000e+001 1.14355592e-004 8.73273838e-005 5.87406476e-005 5.26513069e-005 4.15732837e-005 3.85200048e-005 3.72579836e-005 2.92619691e-005 2.12392548e-005 
2.50000000e-001 3.15000000e+001 1.00000000e+001 1.12432050e-004 8.55639999e-005 5.73875910e-005 5.13856388e-005 4.04731249e-005 3.74714768e-005 3.62320801e-005 2.84064441e-005 2.05961835e-005 
5.00000000e-001 0.00000000e+000 1.00000000e+001 9.11383084e-005 6.76053392e-005 4.65383471e-005 4.21396065e-005 3.42065546e-005 3.20069741e-005 3.10919701e-005 2.50853636e-005 1.86892079e-005 
5.00000000e-001 3.50000000e+000 1.00000000e+001 9.08707202e-005 6.76531257e-005 4.66075135e-005 4.22083174e-005 3.42693518e-005 3.20666642e-005 3.11501843e-005 2.51321461e-005 1.87232597e-005 
5.00000000e-001 7.00000000e+000 1.00000000e+001 9.22514744e-005 6.83711795e-005 4.70620723e-005 4.26111368e-005 3.45777624e-005 3.23483923e-005 3.14207874e-005 2.53336128e-005 1.88609613e-005 
5.00000000e-001 1.05000000e+001 1.00000000e+001 9.32114217e-005 6.91874703e-005 4.76374949e-005 4.31309787e-005 3.49852461e-005 3.27213870e-005 3.17791303e-005 2.55990570e-005 1.90407523e-005 
5.00000000e-001 1.40000000e+001 1.00000000e+001 9.46485129e-005 7.03560666e-005 4.84370062e-005 4.38441449e-005 3.55236678e-005 3.32075025e-005 3.22433342e-005 2.59302673e-005 1.92577286e-005 
5.00000000e-001 1.75000000e+001 1.00000000e+001 9.79314667e-005 7.22834868e-005 4.95963793e-005 4.48414650e-005 3.62179442e-005 3.38187031e-005 3.28207448e-005 2.63162919e-005 1.94953143e-005 
5.00000000e-001 2.10000000e+001 1.00000000e+001 1.01187870e-004 7.41349149e-005 5.06189629e-005 4.56890618e-005 3.67465909e-005 3.42640534e-005 3.32329403e-005 2.65535098e-005 1.96167537e-005 
5.00000000e-001 2.45000000e+001 1.00000000e+001 1.02926671e-004 7.51213498e-005 5.10511691e-005 4.60017124e-005 3.68443855e-005 3.43088325e-005 3.32573120e-005 2.64860382e-005 1.95182873e-005 
5.00000000e-001 2.80000000e+001 1.00000000e+001 1.04435860e-004 7.52683051e-005 5.08429484e-005 4.57300160e-005 3.64725271e-005 3.39183333e-005 3.28608712e-005 2.60906811e-005 1.91836392e-005 
5.00000000e-001 3.15000000e+001 1.00000000e+001 1.02816164e-004 7.38968175e-005 4.97601665e-005 4.47066257e-005 3.55611739e-005 3.30430576e-005 3.20016680e-005 2.53596477e-005 1.86224556e-005 
7.50000000e-001 0.00000000e+000 1.00000000e+001 9.85696112e-005 6.32270283e-005 4.22273308e-005 3.80496047e-005 3.07036900e-005 2.87135695e-005 2.78912141e-005 2.25466681e-005 1.68989133e-005 
7.50000000e-001 3.50000000e+000 1.00000000e+001 9.74280285e-005 6.31166611e-005 4.22346701e-005 3.80707394e-005 3.07406112e-005 2.87522512e-005 2.79302784e-005 2.25834136e-005 1.69284886e-005 
7.50000000e-001 7.00000000e+000 1.00000000e+001 9.97241618e-005 6.38991548e-005 4.26924310e-005 3.84737005e-005 3.10503874e-005 2.90366709e-005 2.82041551e-005 2.27908627e-005 1.70722509e-005 
7.50000000e-001 1.05000000e+001 1.00000000e+001 1.00088330e-004 6.45114628e-005 4.31790289e-005 3.89274682e-005 3.14306614e-005 2.93915915e-005 2.85478882e-005 2.30572210e-005 1.72590713e-005 
7.50000000e-001 1.40000000e+001 1.00000000e+001 1.00731604e-004 6.54288694e-005 4.38876310e-005 3.95792674e-005 3.19552562e-005 2.98742617e-005 2.90124674e-005 2.34042456e-005 1.74950833e-005 
7.50000000e-001 1.75000000e+001 1.00000000e+001 1.04343916e-004 6.74037256e-005 4.51046857e-005 4.06397145e-005 3.27212293e-005 3.05579214e-005 2.96623194e-005 2.38563554e-005 1.77834980e-005 
7.50000000e-001 2.10000000e+001 1.00000000e+001 1.07783683e-004 6.93403808e-005 4.62303624e-005 4.15930204e-005 3.33556355e-005 3.11068828e-005 3.01768686e-005 2.41817902e-005 1.79707179e-005 
7.50000000e-001 2.45000000e+001 1.00000000e+001 1.08669842e-004 7.03683391e-005 4.67814864e-005 4.20300039e-005 3.35768837e-005 3.12716771e-005 3.03193823e-005 2.42139832e-005 1.79452437e-005 
7.50000000e-001 2.80000000e+001 1.00000000e+001 1.11739491e-004 7.09746416e-005 4.68443089e-005 4.19973342e-005 3.33891838e-005 3.10504850e-005 3.00860877e-005 2.39426040e-005 1.76949332e-005 
7.50000000e-001 3.15000000e+001 1.00000000e+001 1.09606546e-004 6.97538039e-005 4.59128204e-005 4.11176568e-005 3.26013755e-005 3.02914740e-005 2.93399065e-005 2.33010447e-005 1.71960471e-005 
1.00000000e+000 0.00000000e+000 1.00000000e+001 1.19724467e-004 6.33612002e-005 4.04391800e-005 3.61101470e-005 2.87027288e-005 2.67522103e-005 2.59536565e-005 2.08712810e-005 1.56259407e-005 
1.00000000e+000 3.50000000e+000 1.00000000e+001 1.16519211e-004 6.30237145e-005 4.03699261e-005 3.60735908e-005 2.87085711e-005 2.67654431e-005 2.59693982e-005 2.08951112e-005 1.56492249e-005 
1.00000000e+000 7.00000000e+000 1.00000000e+001 1.21021683e-004 6.40058135e-005 4.08695984e-005 3.65028998e-005 2.90286432e-005 2.70581185e-005 2.62509050e-005 2.11080192e-005 1.57970132e-005 
1.00000000e+000 1.05000000e+001 1.00000000e+001 1.20154351e-004 6.44175579e-005 4.12685146e-005 3.68882776e-005 2.93732072e-005 2.73852946e-005 2.65699887e-005 2.13649240e-005 1.59828290e-005 
1.00000000e+000 1.40000000e+001 1.00000000e+001 1.19429069e-004 6.50628157e-005 4.18685466e-005 3.74591327e-005 2.98617768e-005 2.78423416e-005 2.70129118e-005 2.17087718e-005 1.62245109e-005 
1.00000000e+000 1.75000000e+001 1.00000000e+001 1.23655546e-004 6.71099148e-005 4.31227937e-005 3.85569482e-005 3.06692349e-005 2.85685473e-005 2.77056241e-005 2.22021793e-005 1.65466742e-005 
1.00000000e+000 2.10000000e+001 1.00000000e+001 1.27624028e-004 6.90872591e-005 4.42948544e-005 3.95608263e-005 3.13613793e-005 2.91761953e-005 2.82790263e-005 2.25828006e-005 1.67783457e-005 
1.00000000e+000 2.45000000e+001 1.00000000e+001 1.26237823e-004 6.99588536e-005 4.48634894e-005 4.00352923e-005 3.16436268e-005 2.94049962e-005 2.84863177e-005 2.26772293e-005 1.68030396e-005 
1.00000000e+000 2.80000000e+001 1.00000000e+001 1.32476947e-004 7.10240844e-005 4.51463304e-005 4.01908461e-005 3.15962833e-005 2.93125420e-005 2.83770691e-005 2.25010451e-005 1.66191198e-005 
1.00000000e+000 3.15000000e+001 1.00000000e+001 1.28571125e-004 6.97718495e-005 4.42818812e-005 3.93850862e-005 3.08851087e-005 2.86285056e-005 2.77048698e-005 2.19227662e-005 1.61673102e-005 
1.25000000e+000 0.00000000e+000 1.00000000e+001 1.60595770e-004 6.66510962e-005 4.02601422e-005 3.55418451e-005 2.76811090e-005 2.56695737e-005 2.48539547e-005 1.97908879e-005 1.47266197e-005 
1.25000000e+000 3.50000000e+000 1.00000000e+001 1.52380643e-004 6.59578344e-005 4.00894588e-005 3.54316340e-005 2.76494304e-005 2.56523654e-005 2.48418738e-005 1.97993245e-005 1.47422487e-005 
1.25000000e+000 7.00000000e+000 1.00000000e+001 1.61829111e-004 6.73132247e-005 4.06778239e-005 3.59200563e-005 2.79939300e-005 2.59637497e-005 2.51401145e-005 2.00207979e-005 1.48942875e-005 
1.25000000e+000 1.05000000e+001 1.00000000e+001 1.57834961e-004 6.74785513e-005 4.09883448e-005 3.62373259e-005 2.83010946e-005 2.62605836e-005 2.54315866e-005 2.02638469e-005 1.50749067e-005 
1.25000000e+000 1.40000000e+001 1.00000000e+001 1.54355250e-004 6.77965521e-005 4.14693213e-005 3.67181374e-005 2.87437927e-005 2.66817639e-005 2.58424806e-005 2.05944413e-005 1.53143372e-005 
1.25000000e+000 1.75000000e+001 1.00000000e+001 1.59424597e-004 6.99664289e-005 4.27664284e-005 3.78521414e-005 2.95822394e-005 2.74385110e-005 2.65655850e-005 2.11162261e-005 1.56599946e-005 
1.25000000e+000 2.10000000e+001 1.00000000e+001 1.64824223e-004 7.19987124e-005 4.39651881e-005 3.88839493e-005 3.03075474e-005 2.80807132e-005 2.71740244e-005 2.15320362e-005 1.59220304e-005 
1.25000000e+000 2.45000000e+001 1.00000000e+001 1.57981358e-004 7.25148389e-005 4.44776249e-005 3.93354220e-005 3.06087653e-005 2.83357622e-005 2.74100441e-005 2.16627752e-005 1.59804139e-005 
1.25000000e+000 2.80000000e+001 1.00000000e+001 1.71373051e-004 7.41716332e-005 4.49761199e-005 3.96648769e-005 3.06797739e-005 2.83499807e-005 2.74029655e-005 2.15634624e-005 1.58503440e-005 
1.25000000e+000 3.15000000e+001 1.00000000e+001 1.62931385e-004 7.27034498e-005 4.41104716e-005 3.88781916e-005 3.00094770e-005 2.77094991e-005 2.67750350e-005 2.10283077e-005 1.54335869e-005 
1.50000000e+000 0.00000000e+000 1.00000000e+001 2.37073907e-004 7.28592375e-005 4.12809476e-005 3.59658180e-005 2.73490524e-005 2.52056984e-005 2.43448377e-005 1.91369331e-005 1.41037319e-005 
1.50000000e+000 3.50000000e+000 1.00000000e+001 2.16670456e-004 7.15875843e-005 4.09692396e-005 3.57570854e-005 2.72706806e-005 2.51512646e-005 2.42989583e-005 1.91272094e-005 1.41104444e-005 
1.50000000e+000 7.00000000e+000 1.00000000e+001 2.37174989e-004 7.35636351e-005 4.17030360e-005 3.63435832e-005 2.76568228e-005 2.54945303e-005 2.46256343e-005 1.93623238e-005 1.42682701e-005 
1.50000000e+000 1.05000000e+001 1.00000000e+001 2.25071191e-004 7.33623710e-005 4.19132285e-005 3.65873752e-005 2.79255569e-005 2.57600172e-005 2.48884201e-005 1.95897105e-005 1.44415824e-005 
1.50000000e+000 1.40000000e+001 1.00000000e+001 2.16000176e-004 7.32389071e-005 4.22580496e-005 3.69673873e-005 2.83162212e-005 2.61394185e-005 2.52614149e-005 1.99013972e-005 1.46739969e-005 
1.50000000e+000 1.75000000e+001 1.00000000e+001 2.21821929e-004 7.55861378e-005 4.36132216e-005 3.81463397e-005 2.91846892e-005 2.69237663e-005 2.60112672e-005 2.04454268e-005 1.50371863e-005 
1.50000000e+000 2.10000000e+001 1.00000000e+001 2.30904463e-004 7.77259240e-005 4.48373304e-005 3.91997734e-005 2.99313062e-005 2.75879925e-005 2.66420477e-005 2.08843660e-005 1.53202656e-005 
1.50000000e+000 2.45000000e+001 1.00000000e+001 2.11230089e-004 7.76131527e-005 4.52234439e-005 3.95755482e-005 3.02193026e-005 2.78409868e-005 2.68799583e-005 2.10324336e-005 1.54000822e-005 
1.50000000e+000 2.80000000e+001 1.00000000e+001 2.41134429e-004 8.01411129e-005 4.59698347e-005 4.00916926e-005 3.04019500e-005 2.79527383e-005 2.69652026e-005 2.09990779e-005 1.53152913e-005 
1.50000000e+000 3.15000000e+001 1.00000000e+001 2.21669519e-004 7.82158075e-005 4.50371699e-005 3.92743493e-005 2.97428698e-005 2.73301525e-005 2.63574005e-005 2.04909134e-005 1.49238765e-005 
1.75000000e+000 0.00000000e+000 1.00000000e+001 3.83860263e-004 8.23860407e-005 4.33536221e-005 3.72144356e-005 2.75477775e-005 2.52120405e-005 2.42827116e-005 1.88028756e-005 1.36910470e-005 
1.75000000e+000 3.50000000e+000 1.00000000e+001 3.33876792e-004 8.01610776e-005 4.28404975e-005 3.68700206e-005 2.74096573e-005 2.51109279e-005 2.41947951e-005 1.87715118e-005 1.36874678e-005 
1.75000000e+000 7.00000000e+000 1.00000000e+001 3.79347976e-004 8.31322621e-005 4.37923638e-005 3.76026519e-005 2.78577227e-005 2.55015916e-005 2.45637250e-005 1.90266186e-005 1.38534243e-005 
1.75000000e+000 1.05000000e+001 1.00000000e+001 3.46274525e-004 8.23314828e-005 4.38738183e-005 3.77580010e-005 2.80848403e-005 2.57337396e-005 2.47961572e-005 1.92373489e-005 1.40183631e-005 
1.75000000e+000 1.40000000e+001 1.00000000e+001 3.26268242e-004 8.15711429e-005 4.40526779e-005 3.80195542e-005 2.84169263e-005 2.60660744e-005 2.51263380e-005 1.95264273e-005 1.42407635e-005 
1.75000000e+000 1.75000000e+001 1.00000000e+001 3.31501212e-004 8.41467611e-005 4.54845027e-005 3.92562490e-005 2.93191151e-005 2.68797263e-005 2.59038979e-005 2.00904839e-005 1.46182356e-005 
1.75000000e+000 2.10000000e+001 1.00000000e+001 3.49785137e-004 8.64935007e-005 4.67443644e-005 4.03347140e-005 3.00825301e-005 2.75602285e-005 2.65508684e-005 2.05454266e-005 1.49162070e-005 
1.75000000e+000 2.45000000e+001 1.00000000e+001 3.00204431e-004 8.53298243e-005 4.69216865e-005 4.05781784e-005 3.03284804e-005 2.77869075e-005 2.67680343e-005 2.06958467e-005 1.50079725e-005 
1.75000000e+000 2.80000000e+001 1.00000000e+001 3.68430600e-004 8.92155956e-005 4.79845829e-005 4.13184337e-005 3.06281227e-005 2.79969953e-005 2.69449286e-005 2.07230466e-005 1.49628792e-005 
1.75000000e+000 3.15000000e+001 1.00000000e+001 3.22584616e-004 8.64716794e-005 4.69101225e-005 4.04180309e-005 2.99529584e-005 2.73693959e-005 2.63359419e-005 2.02282760e-005 1.45887382e-005 
2.00000000e+000 0.00000000e+000 1.00000000e+001 6.76504227e-004 9.61795164e-005 4.64869284e-005 3.92436830e-005 2.81959560e-005 2.56068602e-005 2.45865757e-005 1.87215492e-005 1.34432597e-005 
2.00000000e+000 3.50000000e+000 1.00000000e+001 5.54942477e-004 9.23759435e-005 4.56823047e-005 3.87094320e-005 2.79798900e-005 2.54460771e-005 2.44453729e-005 1.86640313e-005 1.34277536e-005 
2.00000000e+000 7.00000000e+000 1.00000000e+001 6.57557154e-004 9.69252261e-005 4.69493686e-005 3.96499813e-005 2.85141826e-005 2.59024733e-005 2.48728111e-005 1.89465737e-005 1.36047477e-005 
2.00000000e+000 1.05000000e+001 1.00000000e+001 5.70311926e-004 9.51101210e-005 4.68512431e-005 3.96889205e-005 2.86927704e-005 2.60969241e-005 2.50713155e-005 1.91394937e-005 1.37606735e-005 
2.00000000e+000 1.40000000e+001 1.00000000e+001 5.30239039e-004 9.34053626e-005 4.68173184e-005 3.98043722e-005 2.89572793e-005 2.63756240e-005 2.53528844e-005 1.94028416e-005 1.39709792e-005 
2.00000000e+000 1.75000000e+001 1.00000000e+001 5.29346481e-004 9.62481127e-005 4.83453252e-005 4.11132113e-005 2.98992350e-005 2.72227191e-005 2.61615670e-005 1.99869942e-005 1.43612096e-005 
2.00000000e+000 2.10000000e+001 1.00000000e+001 5.70094192e-004 9.89761829e-005 4.96623215e-005 4.22278213e-005 3.06797112e-005 2.79180720e-005 2.68227308e-005 2.04539853e-005 1.46700601e-005 
2.00000000e+000 2.45000000e+001 1.00000000e+001 4.51164889e-004 9.60881410e-005 4.95219962e-005 4.22692389e-005 3.08537422e-005 2.80945890e-005 2.69973755e-005 2.05938221e-005 1.47660550e-005 
2.00000000e+000 2.80000000e+001 1.00000000e+001 6.08419179e-004 1.02139100e-004 5.10134319e-005 4.32979579e-005 3.12867203e-005 2.84124613e-005 2.72730883e-005 2.06805618e-005 1.47574079e-005 
2.00000000e+000 3.15000000e+001 1.00000000e+001 4.99867599e-004 9.80033836e-005 4.97018956e-005 4.22522118e-005 3.05675196e-005 2.77573230e-005 2.66422918e-005 2.01869978e-005 1.43935950e-005 
2.25000000e+000 0.00000000e+000 1.00000000e+001 1.28251320e-003 1.15841427e-004 5.08056898e-005 4.20939663e-005 2.92614173e-005 2.63507519e-005 2.52151514e-005 1.88514690e-005 1.33294001e-005 
2.25000000e+000 3.50000000e+000 1.00000000e+001 9.88163521e-004 1.09420584e-004 4.95765926e-005 4.12919793e-005 2.89424495e-005 2.61127159e-005 2.50055234e-005 1.87619431e-005 1.32999581e-005 
2.25000000e+000 7.00000000e+000 1.00000000e+001 1.22346783e-003 1.16467548e-004 5.12921725e-005 4.25222079e-005 2.95928340e-005 2.66569418e-005 2.55109148e-005 1.90805484e-005 1.34913662e-005 
2.25000000e+000 1.05000000e+001 1.00000000e+001 9.96017692e-004 1.12920107e-004 5.09322738e-005 4.23992554e-005 2.97109577e-005 2.68059844e-005 2.56691147e-005 1.92537715e-005 1.36376948e-005 
2.25000000e+000 1.40000000e+001 1.00000000e+001 9.22940631e-004 1.09806848e-004 5.06169893e-005 4.23281960e-005 2.98951563e-005 2.70220841e-005 2.58943289e-005 1.94880518e-005 1.38342189e-005 
2.25000000e+000 1.75000000e+001 1.00000000e+001 8.97402158e-004 1.12924946e-004 5.22601883e-005 4.37240133e-005 3.08841491e-005 2.79080869e-005 2.67389051e-005 2.00937329e-005 1.42367909e-005 
2.25000000e+000 2.10000000e+001 1.00000000e+001 9.91942265e-004 1.16334519e-004 5.36693861e-005 4.48941692e-005 3.16856972e-005 2.86200479e-005 2.74152608e-005 2.05709687e-005 1.45539817e-005 
2.25000000e+000 2.45000000e+001 1.00000000e+001 7.12704705e-004 1.10638340e-004 5.30602969e-005 4.46414155e-005 3.17533567e-005 2.87202073e-005 2.75239635e-005 2.06879343e-005 1.46475323e-005 
2.25000000e+000 2.80000000e+001 1.00000000e+001 1.07681660e-003 1.20173922e-004 5.51497828e-005 4.60562636e-005 3.23474547e-005 2.91638470e-005 2.79132364e-005 2.08369887e-005 1.46739781e-005 
2.25000000e+000 3.15000000e+001 1.00000000e+001 8.19766731e-004 1.13718904e-004 5.34716049e-005 4.47851395e-005 3.15528840e-005 2.84569766e-005 2.72388680e-005 2.03329506e-005 1.43142615e-005 
2.50000000e+000 0.00000000e+000 1.00000000e+001 2.58037820e-003 1.43894742e-004 5.65430938e-005 4.58757328e-005 3.07464637e-005 2.74333022e-005 2.61541827e-005 1.91684993e-005 1.33284928e-005 
2.50000000e+000 3.50000000e+000 1.00000000e+001 1.86963032e-003 1.33135117e-004 5.46942101e-005 4.46946759e-005 3.02907115e-005 2.70944704e-005 2.58559739e-005 1.90394307e-005 1.32826292e-005 
2.50000000e+000 7.00000000e+000 1.00000000e+001 2.41750829e-003 1.44141409e-004 5.70439868e-005 4.63246834e-005 3.10946488e-005 2.77536843e-005 2.64630193e-005 1.94041684e-005 1.34922958e-005 
2.50000000e+000 1.05000000e+001 1.00000000e+001 1.82617369e-003 1.37630770e-004 5.62950173e-005 4.59701781e-005 3.11338588e-005 2.78452575e-005 2.65708835e-005 1.95546760e-005 1.36282626e-005 
2.50000000e+000 1.40000000e+001 1.00000000e+001 1.71065809e-003 1.32427660e-004 5.56019656e-005 4.56561600e-005 3.12202316e-005 2.79865782e-005 2.67293087e-005 1.97558453e-005 1.38093830e-005 
2.50000000e+000 1.75000000e+001 1.00000000e+001 1.60358268e-003 1.35760828e-004 5.73770672e-005 4.71532683e-005 3.22641690e-005 2.89176991e-005 2.76153274e-005 2.03853243e-005 1.42246003e-005 
2.50000000e+000 2.10000000e+001 1.00000000e+001 1.82487417e-003 1.40363000e-004 5.89328747e-005 4.84090889e-005 3.30944479e-005 2.96508535e-005 2.83104421e-005 2.08725915e-005 1.45486420e-005 
2.50000000e+000 2.45000000e+001 1.00000000e+001 1.17577383e-003 1.30111883e-004 5.76410313e-005 4.77366002e-005 3.30133496e-005 2.96436578e-005 2.83259741e-005 2.09539759e-005 1.46335901e-005 
2.50000000e+000 2.80000000e+001 1.00000000e+001 2.02062614e-003 1.45276370e-004 6.05778525e-005 4.96792457e-005 3.38095429e-005 3.02404122e-005 2.88516805e-005 2.11717035e-005 1.46954082e-005 
2.50000000e+000 3.15000000e+001 1.00000000e+001 1.41258936e-003 1.34991181e-004 5.83509844e-005 4.80752903e-005 3.29020876e-005 2.94539567e-005 2.81091075e-005 2.06452464e-005 1.43339365e-005 
0.00000000e+000 0.00000000e+000 2.00000000e+001 1.65561266e-004 1.13056995e-004 7.16671390e-005 6.32130860e-005 4.82526359e-005 4.42662765e-005 4.26383771e-005 3.26803698e-005 2.31510715e-005 
0.00000000e+000 3.50000000e+000 2.00000000e+001 1.65682070e-004 1.13105000e-004 7.16898960e-005 6.32312384e-005 4.82630201e-005 4.42747512e-005 4.26461065e-005 3.26844135e-005 2.31532584e-005 
0.00000000e+000 7.00000000e+000 2.00000000e+001 1.66050556e-004 1.13260599e-004 7.17669842e-005 6.32939236e-005 4.83012933e-005 4.43069609e-005 4.26759325e-005 3.27020552e-005 2.31638730e-005 
0.00000000e+000 1.05000000e+001 2.00000000e+001 1.66413870e-004 1.13361335e-004 7.17954333e-005 6.33100862e-005 4.82975391e-005 4.42986863e-005 4.26659747e-005 3.26858420e-005 2.31492748e-005 
0.00000000e+000 1.40000000e+001 2.00000000e+001 1.66832809e-004 1.13452758e-004 7.18056265e-005 6.33066985e-005 4.82722168e-005 4.42685531e-005 4.26341057e-005 3.26491237e-005 2.31187688e-005 
0.00000000e+000 1.75000000e+001 2.00000000e+001 1.67258823e-004 1.13525054e-004 7.17936884e-005 6.32805128e-005 4.82227021e-005 4.42140506e-005 4.25778622e-005 3.25898445e-005 2.30708694e-005 
0.00000000e+000 2.10000000e+001 2.00000000e+001 1.67598681e-004 1.13517766e-004 7.17215963e-005 6.31978141e-005 4.81227906e-005 4.41110177e-005 4.24739317e-005 3.24900496e-005 2.29928709e-005 
0.00000000e+000 2.45000000e+001 2.00000000e+001 1.67767587e-004 1.13393878e-004 7.15698711e-005 6.30422226e-005 4.79612022e-005 4.39494610e-005 4.23128354e-005 3.23431568e-005 2.28804494e-005 
0.00000000e+000 2.80000000e+001 2.00000000e+001 1.67633457e-004 1.13072604e-004 7.12903561e-005 6.27719570e-005 4.77074358e-005 4.37018649e-005 4.20682668e-005 3.21298652e-005 2.27201912e-005 
0.00000000e+000 3.15000000e+001 2.00000000e+001 1.67171616e-004 1.12547272e-004 7.08824223e-005 6.23877566e-005 4.73646898e-005 4.33719753e-005 4.17441654e-005 3.18546142e-005 2.25158514e-005 
2.50000000e-001 0.00000000e+000 2.00000000e+001 1.20014384e-004 8.85464540e-005 5.84741766e-005 5.21324319e-005 4.07060400e-005 3.76012981e-005 3.63251175e-005 2.83548828e-005 2.04997766e-005 
2.50000000e-001 3.50000000e+000 2.00000000e+001 1.19592813e-004 8.83972299e-005 5.84066066e-005 5.20784911e-005 4.06733790e-005 3.75734834e-005 3.62991665e-005 2.83385307e-005 2.04905289e-005 
2.50000000e-001 7.00000000e+000 2.00000000e+001 1.19438250e-004 8.83002746e-005 5.83626429e-005 5.20445580e-005 4.06554886e-005 3.75591272e-005 3.62861288e-005 2.83316847e-005 2.04878697e-005 
2.50000000e-001 1.05000000e+001 2.00000000e+001 1.18476665e-004 8.78797435e-005 5.81543286e-005 5.18738784e-005 4.05450993e-005 3.74627449e-005 3.61951608e-005 2.82693911e-005 2.04485642e-005 
2.50000000e-001 1.40000000e+001 2.00000000e+001 1.17070287e-004 8.72670434e-005 5.78482740e-005 5.16219631e-005 4.03793594e-005 3.73169351e-005 3.60570598e-005 2.81725964e-005 2.03859435e-005 
2.50000000e-001 1.75000000e+001 2.00000000e+001 1.15990152e-004 8.67343718e-005 5.75692782e-005 5.13887772e-005 4.02187769e-005 3.71730295e-005 3.59196062e-005 2.80707567e-005 2.03164964e-005 
2.50000000e-001 2.10000000e+001 2.00000000e+001 1.14635746e-004 8.60669232e-005 5.72106351e-005 5.10852339e-005 4.00020073e-005 3.69763557e-005 3.57307788e-005 2.79269570e-005 2.02163664e-005 
2.50000000e-001 2.45000000e+001 2.00000000e+001 1.13053885e-004 8.52843414e-005 5.67768761e-005 5.07132394e-005 3.97272858e-005 3.67245510e-005 3.54880273e-005 2.77382791e-005 2.00830663e-005 
2.50000000e-001 2.80000000e+001 2.00000000e+001 1.11986294e-004 8.45862268e-005 5.63440364e-005 5.03298775e-005 3.94237616e-005 3.64408243e-005 3.52123321e-005 2.75150209e-005 1.99201859e-005 
2.50000000e-001 3.15000000e+001 2.00000000e+001 1.10489813e-004 8.37004222e-005 5.57952504e-005 4.98427444e-005 3.90367390e-005 3.60790974e-005 3.48609436e-005 2.72315648e-005 1.97140928e-005 
5.00000000e-001 0.00000000e+000 2.00000000e+001 1.21473103e-004 8.03492967e-005 5.23823628e-005 4.66619962e-005 3.64785379e-005 3.37355680e-005 3.26105916e-005 2.55924780e-005 1.86690792e-005 
5.00000000e-001 3.50000000e+000 2.00000000e+001 1.20180198e-004 7.99967392e-005 5.22277095e-005 4.65388139e-005 3.64041250e-005 3.36723166e-005 3.25516475e-005 2.55557640e-005 1.86483383e-005 
5.00000000e-001 7.00000000e+000 2.00000000e+001 1.20362987e-004 7.98603849e-005 5.21390444e-005 4.64640820e-005 3.63562732e-005 3.36315727e-005 3.25137209e-005 2.55326766e-005 1.86358766e-005 
5.00000000e-001 1.05000000e+001 2.00000000e+001 1.18252098e-004 7.90598075e-005 5.17471217e-005 4.61442581e-005 3.61539276e-005 3.34571706e-005 3.23501942e-005 2.54262867e-005 1.85719481e-005 
5.00000000e-001 1.40000000e+001 2.00000000e+001 1.15185986e-004 7.78928942e-005 5.11793168e-005 4.56813682e-005 3.58603575e-005 3.32034450e-005 3.21119332e-005 2.52692709e-005 1.84760101e-005 
5.00000000e-001 1.75000000e+001 2.00000000e+001 1.13214662e-004 7.69834503e-005 5.07115278e-005 4.52953081e-005 3.56083420e-005 3.29831812e-005 3.19039996e-005 2.51267610e-005 1.83846529e-005 
5.00000000e-001 2.10000000e+001 2.00000000e+001 1.10623140e-004 7.58427121e-005 5.01283446e-005 4.48124627e-005 3.52872310e-005 3.27000056e-005 3.16355641e-005 2.49377542e-005 1.82605406e-005 
5.00000000e-001 2.45000000e+001 2.00000000e+001 1.07319445e-004 7.45282737e-005 4.94567539e-005 4.42531073e-005 3.49064216e-005 3.23609532e-005 3.13127876e-005 2.47045159e-005 1.81039641e-005 
5.00000000e-001 2.80000000e+001 2.00000000e+001 1.06136800e-004 7.36624085e-005 4.89372423e-005 4.38017828e-005 3.45683641e-005 3.20507804e-005 3.10137292e-005 2.44719889e-005 1.79377566e-005 
5.00000000e-001 3.15000000e+001 2.00000000e+001 1.03603790e-004 7.24874112e-005 4.82705239e-005 4.32256340e-005 3.41380446e-005 3.16559315e-005 3.06330319e-005 2.41764422e-005 1.77272782e-005 
7.50000000e-001 0.00000000e+000 2.00000000e+001 1.46861712e-004 8.01409674e-005 5.01651349e-005 4.43543335e-005 3.42628900e-005 3.16052505e-005 3.05227246e-005 2.38677900e-005 1.74180892e-005 
7.50000000e-001 3.50000000e+000 2.00000000e+001 1.43294914e-004 7.94870785e-005 4.99035934e-005 4.41493462e-005 3.41420349e-005 3.15030714e-005 3.04277033e-005 2.38092811e-005 1.73852953e-005 
7.50000000e-001 7.00000000e+000 2.00000000e+001 1.44874270e-004 7.94649902e-005 4.98264760e-005 4.40761549e-005 3.40859969e-005 3.14532991e-005 3.03805915e-005 2.37778909e-005 1.73666185e-005 
7.50000000e-001 1.05000000e+001 2.00000000e+001 1.40465536e-004 7.82589383e-005 4.92625743e-005 4.36184626e-005 3.37985374e-005 3.12061638e-005 3.01491690e-005 2.36290987e-005 1.72785295e-005 
7.50000000e-001 1.40000000e+001 2.00000000e+001 1.34561588e-004 7.64971416e-005 4.84403376e-005 4.29524616e-005 3.33814465e-005 3.08474473e-005 2.98131225e-005 2.34118244e-005 1.71487183e-005 
7.50000000e-001 1.75000000e+001 2.00000000e+001 1.31347168e-004 7.52721076e-005 4.78199072e-005 4.24414608e-005 3.30510442e-005 3.05603935e-005 2.95429783e-005 2.32312865e-005 1.70359935e-005 
7.50000000e-001 2.10000000e+001 2.00000000e+001 1.27139160e-004 7.36827514e-005 4.70328179e-005 4.17950532e-005 3.26315340e-005 3.01943389e-005 2.91977063e-005 2.29965207e-005 1.68868629e-005 
7.50000000e-001 2.45000000e+001 2.00000000e+001 1.20608961e-004 7.17615466e-005 4.61164356e-005 4.10445734e-005 3.21415342e-005 2.97646105e-005 2.87913513e-005 2.27151220e-005 1.67047318e-005 
7.50000000e-001 2.80000000e+001 2.00000000e+001 1.20101236e-004 7.08448247e-005 4.55501253e-005 4.05534058e-005 3.17797783e-005 2.94353582e-005 2.84750540e-005 2.24745175e-005 1.65350233e-005 
7.50000000e-001 3.15000000e+001 2.00000000e+001 1.15489830e-004 6.93127252e-005 4.47516264e-005 3.98781141e-005 3.12991067e-005 2.90007730e-005 2.80586143e-005 2.21619135e-005 1.63173261e-005 
1.00000000e+000 0.00000000e+000 2.00000000e+001 2.03166385e-004 8.52953363e-005 5.04087384e-005 4.40630167e-005 3.33636182e-005 3.06239099e-005 2.95177341e-005 2.28608227e-005 1.65874176e-005 
1.00000000e+000 3.50000000e+000 2.00000000e+001 1.93260984e-004 8.41303121e-005 4.99969005e-005 4.37481251e-005 3.31855208e-005 3.04748054e-005 2.93796048e-005 2.27774521e-005 1.65414258e-005 
1.00000000e+000 7.00000000e+000 2.00000000e+001 1.98820386e-004 8.43985720e-005 4.99832845e-005 4.37145986e-005 3.31407641e-005 3.04316650e-005 2.93375473e-005 2.27452593e-005 1.65200511e-005 
1.00000000e+000 1.05000000e+001 2.00000000e+001 1.88625772e-004 8.26218267e-005 4.92236577e-005 4.31065876e-005 3.27661456e-005 3.01108508e-005 2.90375880e-005 2.25541294e-005 1.64079576e-005 
1.00000000e+000 1.40000000e+001 2.00000000e+001 1.77065196e-004 8.00794613e-005 4.81156218e-005 4.22193808e-005 3.22203457e-005 2.96435207e-005 2.86006112e-005 2.22750446e-005 1.62435388e-005 
1.00000000e+000 1.75000000e+001 2.00000000e+001 1.71260589e-004 7.85000856e-005 4.73496466e-005 4.15918252e-005 3.18178337e-005 2.92947976e-005 2.82728832e-005 2.20585011e-005 1.61101607e-005 
1.00000000e+000 2.10000000e+001 2.00000000e+001 1.64627867e-004 7.64002070e-005 4.63529578e-005 4.07799027e-005 3.12998938e-005 2.88456399e-005 2.78504334e-005 2.17770188e-005 1.59352017e-005 
1.00000000e+000 2.45000000e+001 2.00000000e+001 1.50928268e-004 7.36402895e-005 4.51463714e-005 3.98091811e-005 3.06886153e-005 2.83156596e-005 2.73517779e-005 2.14424306e-005 1.57249957e-005 
1.00000000e+000 2.80000000e+001 2.00000000e+001 1.53122566e-004 7.27947244e-005 4.45670134e-005 3.93017480e-005 3.03128136e-005 2.79742304e-005 2.70241493e-005 2.11955014e-005 1.55520451e-005 
1.00000000e+000 3.15000000e+001 2.00000000e+001 1.43736260e-004 7.07390638e-005 4.35992454e-005 3.85016605e-005 2.97693071e-005 2.74896089e-005 2.65624465e-005 2.08600421e-005 1.53241300e-005 
1.25000000e+000 0.00000000e+000 2.00000000e+001 3.18941660e-004 9.54897535e-005 5.25402249e-005 4.52729923e-005 3.34133499e-005 3.04691091e-005 2.92917671e-005 2.23759568e-005 1.60711285e-005 
1.25000000e+000 3.50000000e+000 2.00000000e+001 2.91101500e-004 9.34224212e-005 5.19043201e-005 4.48010674e-005 3.31602354e-005 3.02599916e-005 2.90990567e-005 2.22628262e-005 1.60101381e-005 
1.25000000e+000 7.00000000e+000 2.00000000e+001 3.07579150e-004 9.42520337e-005 5.20153479e-005 4.48494591e-005 3.31464793e-005 3.02391048e-005 2.90761888e-005 2.22371845e-005 1.59895143e-005 
1.25000000e+000 1.05000000e+001 2.00000000e+001 2.81754957e-004 9.15643659e-005 5.10008696e-005 4.40553481e-005 3.26735142e-005 2.98369901e-005 2.87012454e-005 2.20015709e-005 1.58529154e-005 
1.25000000e+000 1.40000000e+001 2.00000000e+001 2.58767532e-004 8.79034166e-005 4.95399881e-005 4.29048031e-005 3.19842339e-005 2.92504484e-005 2.81541420e-005 2.16569004e-005 1.56525449e-005 
1.25000000e+000 1.75000000e+001 2.00000000e+001 2.46630538e-004 8.58429605e-005 4.86129041e-005 4.21535053e-005 3.15096918e-005 2.88407553e-005 2.77696696e-005 2.14051857e-005 1.54990186e-005 
1.25000000e+000 2.10000000e+001 2.00000000e+001 2.36516851e-004 8.31114526e-005 4.73822274e-005 4.11610363e-005 3.08881025e-005 2.83046184e-005 2.72665981e-005 2.10751552e-005 1.52973236e-005 
1.25000000e+000 2.45000000e+001 2.00000000e+001 2.05950797e-004 7.90877767e-005 4.58014761e-005 3.99160323e-005 3.01343498e-005 2.76583584e-005 2.66613884e-005 2.06804624e-005 1.50560273e-005 
1.25000000e+000 2.80000000e+001 2.00000000e+001 2.16550392e-004 7.85057719e-005 4.52490640e-005 3.94189289e-005 2.97550860e-005 2.73124736e-005 2.63291299e-005 2.04296287e-005 1.48804773e-005 
1.25000000e+000 3.15000000e+001 2.00000000e+001 1.95680521e-004 7.56346749e-005 4.40511202e-005 3.84535874e-005 2.91311847e-005 2.67640164e-005 2.58096837e-005 2.00646185e-005 1.46391375e-005 
1.50000000e+000 0.00000000e+000 2.00000000e+001 5.66338316e-004 1.11738613e-004 5.64259995e-005 4.78037581e-005 3.42289902e-005 3.09700539e-005 2.96801699e-005 2.22945277e-005 1.57987938e-005 
1.50000000e+000 3.50000000e+000 2.00000000e+001 4.87456633e-004 1.08056663e-004 5.54480953e-005 4.71013615e-005 3.38743227e-005 3.06815910e-005 2.94160033e-005 2.21446049e-005 1.57202643e-005 
1.50000000e+000 7.00000000e+000 2.00000000e+001 5.33841951e-004 1.09908910e-004 5.57676681e-005 4.72862487e-005 3.39141850e-005 3.07003516e-005 2.94278855e-005 2.21331894e-005 1.57038681e-005 
1.50000000e+000 1.05000000e+001 2.00000000e+001 4.63886592e-004 1.05689841e-004 5.43960382e-005 4.62433366e-005 3.33217902e-005 3.02020932e-005 2.89652120e-005 2.18484093e-005 1.55414151e-005 
1.50000000e+000 1.40000000e+001 2.00000000e+001 4.18598698e-004 1.00373290e-004 5.24768294e-005 4.47622636e-005 3.24644258e-005 2.94784870e-005 2.82924370e-005 2.14318116e-005 1.53029088e-005 
1.50000000e+000 1.75000000e+001 2.00000000e+001 3.89347628e-004 9.75897876e-005 5.13512983e-005 4.38656112e-005 3.19121376e-005 2.90042613e-005 2.78483441e-005 2.11443487e-005 1.51293375e-005 
1.50000000e+000 2.10000000e+001 2.00000000e+001 3.75060457e-004 9.40564076e-005 4.98472422e-005 4.26669566e-005 3.11771236e-005 2.83739104e-005 2.72582826e-005 2.07628746e-005 1.48997289e-005 
1.50000000e+000 2.45000000e+001 2.00000000e+001 3.03553733e-004 8.80507022e-005 4.77610727e-005 4.10643078e-005 3.02494188e-005 2.75880209e-005 2.65259548e-005 2.02988446e-005 1.46236332e-005 
1.50000000e+000 2.80000000e+001 2.00000000e+001 3.38277445e-004 8.80763265e-005 4.72929981e-005 4.06136902e-005 2.98800500e-005 2.72473843e-005 2.61975033e-005 2.00473658e-005 1.44465026e-005 
1.50000000e+000 3.15000000e+001 2.00000000e+001 2.89065480e-004 8.39000984e-005 4.57738457e-005 3.94244054e-005 2.91522463e-005 2.66171825e-005 2.56043419e-005 1.96449663e-005 1.41882373e-005 
1.75000000e+000 0.00000000e+000 2.00000000e+001 1.12755369e-003 1.36333745e-004 6.22144839e-005 5.16806225e-005 3.57386436e-005 3.20481836e-005 3.06033546e-005 2.25468907e-005 1.57239540e-005 
1.75000000e+000 3.50000000e+000 2.00000000e+001 9.03068328e-004 1.29744272e-004 6.07092011e-005 5.06358702e-005 3.52442078e-005 3.16529325e-005 3.02439148e-005 2.23505552e-005 1.56244920e-005 
1.75000000e+000 7.00000000e+000 2.00000000e+001 1.03230105e-003 1.33425446e-004 6.13606644e-005 5.10336209e-005 3.53660520e-005 3.17324571e-005 3.03091888e-005 2.23619181e-005 1.56159724e-005 
1.75000000e+000 1.05000000e+001 2.00000000e+001 8.33328844e-004 1.26562722e-004 5.94692998e-005 4.96438308e-005 3.46214747e-005 3.11148816e-005 2.97388271e-005 2.20204340e-005 1.54253403e-005 
1.75000000e+000 1.40000000e+001 2.00000000e+001 7.48390346e-004 1.18771812e-004 5.69398435e-005 4.77360153e-005 3.35607434e-005 3.02285436e-005 2.89180074e-005 2.15227566e-005 1.51455388e-005 
1.75000000e+000 1.75000000e+001 2.00000000e+001 6.69473903e-004 1.14835572e-004 5.55526857e-005 4.66564334e-005 3.29191064e-005 2.96819102e-005 2.84076508e-005 2.11974492e-005 1.49515246e-005 
1.75000000e+000 2.10000000e+001 2.00000000e+001 6.52829494e-004 1.10287968e-004 5.37225834e-005 4.52165911e-005 3.20567590e-005 2.89469930e-005 2.77214833e-005 2.07605084e-005 1.46924650e-005 
1.75000000e+000 2.45000000e+001 2.00000000e+001 4.79812393e-004 1.01104364e-004 5.09353805e-005 4.31347341e-005 3.09111284e-005 2.79893230e-005 2.68339090e-005 2.02151045e-005 1.43769887e-005 
1.75000000e+000 2.80000000e+001 2.00000000e+001 5.81146329e-004 1.02364483e-004 5.06401895e-005 4.27839258e-005 3.05698162e-005 2.76669248e-005 2.65205063e-005 1.99673361e-005 1.41997014e-005 
1.75000000e+000 3.15000000e+001 2.00000000e+001 4.60757124e-004 9.60647832e-005 4.86661291e-005 4.12871318e-005 2.97069251e-005 2.69317963e-005 2.58331804e-005 1.95182001e-005 1.39206009e-005 
2.00000000e+000 0.00000000e+000 2.00000000e+001 2.47748922e-003 1.73305660e-004 7.02937648e-005 5.70867766e-005 3.79453843e-005 3.36861517e-005 3.20379710e-005 2.30959397e-005 1.58166703e-005 
2.00000000e+000 3.50000000e+000 2.00000000e+001 1.83712899e-003 1.61461168e-004 6.79709392e-005 5.55303608e-005 3.72569100e-005 3.31457913e-005 3.15502259e-005 2.28403355e-005 1.56918764e-005 
2.00000000e+000 7.00000000e+000 2.00000000e+001 2.19999671e-003 1.68391794e-004 6.91404079e-005 5.62515751e-005 3.74981833e-005 3.33131562e-005 3.16924985e-005 2.28845328e-005 1.56952280e-005 
2.00000000e+000 1.05000000e+001 2.00000000e+001 1.61361323e-003 1.56881563e-004 6.64767104e-005 5.43667184e-005 3.65538615e-005 3.25428282e-005 3.09857084e-005 2.24755139e-005 1.54729948e-005 
2.00000000e+000 1.40000000e+001 2.00000000e+001 1.47400530e-003 1.45395261e-004 6.31255578e-005 5.19000665e-005 3.52422198e-005 3.14592767e-005 2.99868184e-005 2.18845216e-005 1.51476618e-005 
2.00000000e+000 1.75000000e+001 2.00000000e+001 1.24417318e-003 1.39542565e-004 6.13781549e-005 5.05796036e-005 3.44930199e-005 3.08276387e-005 2.93994643e-005 2.15176461e-005 1.49322476e-005 
2.00000000e+000 2.10000000e+001 2.00000000e+001 1.23591555e-003 1.33740804e-004 5.91570828e-005 4.88548718e-005 3.34855490e-005 2.99748469e-005 2.86054541e-005 2.10200738e-005 1.46417951e-005 
2.00000000e+000 2.45000000e+001 2.00000000e+001 8.07340042e-004 1.19386976e-004 5.53814950e-005 4.61199164e-005 3.20621371e-005 2.88022522e-005 2.75251169e-005 2.03778576e-005 1.42813016e-005 
2.00000000e+000 2.80000000e+001 2.00000000e+001 1.08873635e-003 1.23016593e-004 5.53984155e-005 4.59496795e-005 3.17743946e-005 2.85159997e-005 2.72421511e-005 2.01396073e-005 1.41057511e-005 
2.00000000e+000 3.15000000e+001 2.00000000e+001 7.87340921e-004 1.13221242e-004 5.27734825e-005 4.40267055e-005 3.07350023e-005 2.76458125e-005 2.64343294e-005 1.96324070e-005 1.38013570e-005 
2.25000000e+000 0.00000000e+000 2.00000000e+001 5.89183415e-003 2.29435013e-004 8.13155712e-005 6.43596153e-005 4.09111874e-005 3.59126035e-005 3.40022791e-005 2.39274704e-005 1.60587131e-005 
2.25000000e+000 3.50000000e+000 2.00000000e+001 4.06190228e-003 2.08070827e-004 7.77213010e-005 6.20357531e-005 3.99520078e-005 3.51739816e-005 3.33407532e-005 2.35956165e-005 1.59029783e-005 
2.25000000e+000 7.00000000e+000 2.00000000e+001 5.09753026e-003 2.20765195e-004 7.96922776e-005 6.32428064e-005 4.03634547e-005 3.54649590e-005 3.35908742e-005 2.36849261e-005 1.59227374e-005 
2.25000000e+000 1.05000000e+001 2.00000000e+001 3.32480919e-003 2.00961530e-004 7.58650689e-005 6.06410120e-005 3.91521082e-005 3.44951780e-005 3.27077027e-005 2.31936110e-005 1.56642383e-005 
2.25000000e+000 1.40000000e+001 2.00000000e+001 3.17746214e-003 1.83999733e-004 7.14028217e-005 5.74377129e-005 3.75273769e-005 3.31696118e-005 3.14918267e-005 2.24936244e-005 1.52879612e-005 
2.25000000e+000 1.75000000e+001 2.00000000e+001 2.47667894e-003 1.74849988e-004 6.91439943e-005 5.57900064e-005 3.66443036e-005 3.24347844e-005 3.08119639e-005 2.20796614e-005 1.50495822e-005 
2.25000000e+000 2.10000000e+001 2.00000000e+001 2.51391483e-003 1.67561824e-004 6.64560806e-005 5.37285744e-005 3.54701903e-005 3.14479534e-005 2.98958346e-005 2.15151521e-005 1.47253687e-005 
2.25000000e+000 2.45000000e+001 2.00000000e+001 1.43471810e-003 1.44704055e-004 6.12712996e-005 5.00932298e-005 3.36884261e-005 3.00032277e-005 2.85733007e-005 2.07565250e-005 1.43129621e-005 
2.25000000e+000 2.80000000e+001 2.00000000e+001 2.19712378e-003 1.52738316e-004 6.18193236e-005 5.02264504e-005 3.34905041e-005 2.97780846e-005 2.83420608e-005 2.05355313e-005 1.41416086e-005 
2.25000000e+000 3.15000000e+001 2.00000000e+001 1.43098070e-003 1.37136135e-004 5.82557500e-005 4.77085213e-005 3.22194368e-005 2.87334862e-005 2.73796478e-005 1.99563703e-005 1.38067532e-005 
2.50000000e+000 0.00000000e+000 2.00000000e+001 1.48843937e-002 3.16100190e-004 9.62725419e-005 7.40177462e-005 4.47529088e-005 3.87963247e-005 3.65499498e-005 2.50447354e-005 1.64404688e-005 
2.50000000e+000 3.50000000e+000 2.00000000e+001 9.64412236e-003 2.77466375e-004 9.06965913e-005 7.05400363e-005 4.34149087e-005 3.77859054e-005 3.56522197e-005 2.46143293e-005 1.62467092e-005 
2.50000000e+000 7.00000000e+000 2.00000000e+001 1.26592252e-002 3.00396933e-004 9.39026568e-005 7.24726434e-005 4.40661442e-005 3.82484784e-005 3.60511719e-005 2.47641031e-005 1.62881753e-005 
2.50000000e+000 1.05000000e+001 2.00000000e+001 7.20226151e-003 2.65597901e-004 8.83041484e-005 6.88216690e-005 4.24934951e-005 3.70148711e-005 3.49368976e-005 2.41708944e-005 1.59873113e-005 
2.50000000e+000 1.40000000e+001 2.00000000e+001 7.42241346e-003 2.40648002e-004 8.23393453e-005 6.46451597e-005 4.04756344e-005 3.53901141e-005 3.34545397e-005 2.33423093e-005 1.55533845e-005 
2.50000000e+000 1.75000000e+001 2.00000000e+001 5.23068030e-003 2.25659403e-004 7.93367839e-005 6.25422631e-005 3.94218351e-005 3.45268868e-005 3.26607350e-005 2.28736749e-005 1.52898120e-005 
2.50000000e+000 2.10000000e+001 2.00000000e+001 5.42108206e-003 2.16737631e-004 7.60978778e-005 6.00852402e-005 3.80559730e-005 3.33870748e-005 3.16057322e-005 2.22347867e-005 1.49290327e-005 
2.50000000e+000 2.45000000e+001 2.00000000e+001 2.67154573e-003 1.79770568e-004 6.88870170e-005 5.51980323e-005 3.58078633e-005 3.15947591e-005 2.99762225e-005 2.13350197e-005 1.44563174e-005 
2.50000000e+000 2.80000000e+001 2.00000000e+001 4.71088197e-003 1.95827458e-004 7.03088474e-005 5.58211342e-005 3.57513556e-005 3.14656072e-005 2.98262319e-005 2.11415795e-005 1.42923226e-005 
2.50000000e+000 3.15000000e+001 2.00000000e+001 2.74204749e-003 1.70509174e-004 6.53828751e-005 5.24676159e-005 3.41748751e-005 3.01949972e-005 2.86648800e-005 2.04732632e-005 1.39209397e-005 
END